46545.627738
46546.251659
46546.959702
46548.230574
46548.819384
46549.664331
46550.164788
46550.806668
46551.563735
46552.426379
46552.561789
46553.382323
46553.863568
46555.045919
46555.885822
46556.588269
46556.926728
46558.005281
46558.592225
46559.397327
46559.764785
46561.028747
46561.441112
46561.709414
46562.873845
46563.429947
46563.756214
46564.592678
46565.560398
46566.543296
46567.261089
46568.031719
46568.632877
46569.061165
46569.488001
46570.295598
46571.464383
46571.789647
46572.562834
46573.196501
46573.816246
46575.049738
46575.430325
46576.363810
46576.648769
46577.761464
46578.601619
46579.066316
46579.711866
46580.170545
46580.919320
46581.607608
46582.069582
46583.271683
46584.225757
46584.856713
46585.461057
46585.968445
46586.860487
46587.548468
46588.018170
46588.688273
46589.461986
46590.528977
46590.812580
46591.482820
46592.296211
46592.779678
46593.900855
46595.109131
46595.366721
46595.761613
46596.737170
46597.356729
46597.911881
46598.561187
46599.155150
46599.919894
46600.911730
46601.373250
46602.632445
46603.185291
46603.808872
46604.072590
46605.202211
46605.624898
46606.681989
46607.499666
46607.739425
46608.438200
46608.745011
46610.149163
46610.442318
46611.542358
46612.277997
46613.084854
46613.838414
46614.336076
46614.911156
46615.445444
