20706.769595
20707.587286
20708.066816
20708.922591
20709.512010
20710.580468
20711.343852
20712.071985
20712.564935
20713.502458
20714.887588
20715.185053
20716.244382
20716.950158
20717.382981
20718.209255
20718.893774
20719.606273
20720.395327
20721.254861
20722.415496
20723.250542
20723.833002
20724.739152
20725.086521
20725.687344
20727.355849
20727.768678
20727.983558
20728.941297
20729.730146
20730.484228
20731.609921
20732.367090
20733.295586
20734.020582
20734.832186
20735.331852
20735.843164
20736.816402
20737.295504
20738.603195
20739.002904
20740.319571
20740.768493
20741.461892
20742.553456
20743.155835
20744.078626
20744.643776
20745.323239
20746.328520
20746.895876
20747.591364
20747.888291
20749.392625
20750.714143
20751.035180
20751.837119
20752.196219
20753.249091
20753.977768
20754.437959
20755.541265
20756.292070
20756.943042
20757.571956
20758.973559
20759.393672
20760.035493
20761.163441
20761.968417
20762.686884
20763.311742
20763.913685
20764.387459
20765.256363
20766.439016
20767.155897
20767.984478
20769.118149
20769.641747
20770.290997
20770.820942
20771.794722
20772.453375
20773.592540
20773.978965
20774.879334
20775.268564
20776.389783
20777.183496
20778.479667
20779.060436
20779.607583
20780.301998
20781.079806
20781.776535
20782.657880
20783.037703
