66094.931108
66095.130427
66095.837358
66096.893146
66097.239110
66098.011089
66098.898847
66099.323663
66100.337623
66100.769424
66101.428033
66102.234039
66103.507373
66103.695684
66103.991534
66105.038063
66105.311716
66106.246254
66106.821309
66107.388152
66107.940388
66109.059190
66110.071812
66110.544177
66111.248128
66111.728833
66112.152654
66112.998500
66113.760591
66114.382105
66115.148630
66115.731035
66116.440385
66116.890468
66117.364276
66118.851514
66119.142407
66119.945550
66120.712019
66121.321660
66122.052681
66122.594520
66123.226646
66123.793349
66124.160486
66124.866170
66126.269983
66126.576869
66127.293228
66128.067262
66128.814093
66129.494073
66129.968046
66130.619805
66131.530250
66132.058040
66132.709892
66133.443493
66133.907959
66134.619626
66135.292646
66135.708863
66137.037718
66137.649263
66138.607729
66139.112447
66139.524181
66139.921345
66140.767846
66141.527527
66142.080856
66142.939267
66143.523797
66143.851583
66145.139283
66145.779792
66146.452889
66146.750579
66147.784077
66148.345426
66149.204529
66149.927807
66150.413680
66150.902070
66151.471572
66152.296707
66152.723588
66153.524399
66154.658753
66155.456764
66156.007439
66156.336727
66157.481972
66157.801779
66158.579980
66158.990197
66159.452969
66160.873979
66161.230701
66161.725615
