61394.598462
61395.851564
61396.358656
61397.069856
61397.856953
61398.527245
61398.992227
61399.847544
61399.986383
61400.581127
61402.014257
61402.404408
61402.915921
61403.761631
61404.195164
61405.379973
61405.832958
61406.641578
61407.197440
61408.331301
61408.459560
61409.189390
61409.930245
61410.621062
61411.092754
61411.535538
61412.484107
61413.291777
61414.426798
61415.146622
61415.500244
61416.080127
61416.432212
61417.583293
61418.214848
61418.784105
61419.405425
61420.168203
61420.672299
61421.516753
61422.134245
61422.820562
61423.698680
61424.274283
61425.513558
61425.828567
61426.381511
61426.867034
61427.911465
61428.101478
61428.691997
61429.580398
61430.460622
61431.279029
61431.685967
61432.664091
61433.364107
61434.079423
61434.457231
61435.236744
61435.738535
61436.747444
61437.414008
61438.027103
61438.644213
61438.809802
61439.704785
61440.588677
61441.757636
61442.460674
61442.679810
61443.604281
61444.360857
61444.710489
61445.337288
61446.062441
61446.682088
61447.516517
61448.009400
61448.882681
61449.747200
61450.359784
61451.061453
61451.458153
61452.391974
61453.220275
61453.946239
61454.586125
61454.833369
61455.633102
61456.080549
61457.303238
61457.657620
61457.859099
61459.496599
61460.217505
61460.688851
61461.347196
61462.015472
61462.652687
