44283.386223
44283.741472
44284.693215
44285.353654
44285.861671
44286.611636
44287.049625
44287.919041
44288.595081
44288.993649
44290.210204
44291.172321
44291.946379
44292.552336
44293.072536
44293.134004
44294.664456
44294.935513
44296.062505
44296.372150
44297.214554
44297.596662
44298.585055
44299.443239
44299.965453
44300.877467
44301.753530
44302.521729
44303.115197
44303.428015
44304.450423
44304.839381
44305.507641
44305.986578
44307.414608
44307.843287
44308.611697
44309.461842
44310.052462
44310.917856
44311.351102
44312.204988
44312.889451
44313.312928
44314.594962
44315.027868
44315.332684
44316.103093
44316.657719
44318.016695
44318.820322
44319.531218
44320.011673
44320.838509
44321.187481
44322.097476
44322.544813
44323.358581
44324.077333
44324.920619
44325.309633
44326.492827
44327.100694
44327.896890
44328.435333
44328.915195
44330.186737
44330.860028
44331.449863
44331.719862
44332.536097
44333.068607
44334.117595
44334.541561
44335.387745
44336.642799
44337.231813
44337.684917
44338.640513
44339.088589
44339.574090
44340.205352
44341.382071
44341.908536
44342.422617
44343.521003
44343.728608
44344.558947
44345.424508
44346.507017
44347.136381
44347.618016
44348.331934
44349.020087
44350.010091
44350.153277
44350.922688
44351.471405
44352.235995
44353.355756
