71432.139044
71432.486078
71433.371890
71433.935247
71434.823704
71435.416617
71435.599789
71436.509233
71437.020386
71437.700071
71438.292162
71439.712742
71440.271193
71440.800511
71441.472583
71441.898796
71442.470156
71443.468568
71444.053023
71444.509997
71445.452267
71445.721995
71446.716422
71447.286055
71447.966479
71448.731545
71449.200222
71450.344971
71451.135143
71451.610555
71451.993390
71452.787610
71453.278286
71453.956428
71454.611028
71455.101578
71456.069390
71457.005662
71457.348194
71458.256402
71459.257599
71459.558340
71459.910351
71460.829146
71461.508083
71462.078659
71463.037609
71463.705644
71464.126666
71464.393845
71465.115647
71466.173163
71467.222238
71467.648659
71468.447091
71468.968849
71469.838726
71470.227214
71470.795201
71471.575391
71471.990760
71472.690284
71473.559190
71474.441012
71474.749374
71475.839425
71476.372605
71477.039687
71477.461887
71478.419794
71479.433800
71479.675265
71480.269651
71480.941529
71481.431208
71482.392615
71482.782434
71483.537642
71483.999784
71485.552974
71485.963868
71486.586938
71487.286691
71487.622028
71488.231882
71489.040377
71489.549402
71490.757548
71490.909558
71491.554942
71492.474111
71492.893055
71493.885013
71494.382711
71495.411998
71495.994252
71496.402116
71497.290110
71498.070280
71498.565211
