37339.817099
37340.401987
37340.970944
37342.063606
37342.665754
37343.289079
37343.779522
37344.261198
37345.091104
37345.971536
37347.296845
37347.631499
37348.518897
37349.033650
37349.933455
37350.668452
37351.025165
37351.435095
37352.793542
37353.524257
37353.862203
37354.609931
37355.644015
37355.970889
37357.118586
37357.858974
37358.748804
37359.278805
37359.964160
37360.455702
37361.208522
37361.899248
37362.557116
37363.336721
37363.867642
37365.216633
37366.111529
37366.488561
37367.163486
37367.555431
37368.463975
37369.547712
37369.976997
37370.787259
37371.164604
37372.216927
37372.448221
37373.582208
37374.203020
37375.424615
37375.827936
37376.848945
37377.317121
37377.994991
37378.530091
37379.424918
37379.645103
37380.557416
37381.774609
37382.360827
37382.882174
37383.661416
37384.764264
37385.381227
37385.644266
37386.954414
37387.198647
37388.027692
37389.030784
37389.435441
37389.905249
37390.552815
37391.394798
37392.854133
37393.282744
37394.086348
37394.793043
37395.296712
37395.900339
37396.494235
37397.600699
37398.110688
37398.665452
37399.781474
37399.971367
37401.258519
37402.060143
37402.293280
37403.174149
37404.297107
37405.035899
37405.473249
37406.080453
37406.626566
37407.306400
37408.174713
37408.886049
37409.510694
37410.874021
37411.388654
