59956.738717
59957.691589
59958.340790
59958.785321
59959.316603
59959.963130
59961.067195
59961.569682
59962.330456
59963.009523
59963.565996
59964.327617
59965.247833
59965.999350
59966.516428
59967.218092
59967.775132
59968.538701
59969.053117
59969.764783
59970.146879
59971.019850
59971.840743
59972.841783
59973.562023
59974.250128
59974.851712
59975.214327
59975.857481
59976.533653
59977.598168
59978.125491
59978.897785
59979.135927
59979.882305
59980.720298
59981.576491
59982.414856
59982.786722
59983.682863
59984.615085
59985.299557
59985.675137
59985.857336
59987.097981
59987.557718
59987.774506
59989.212222
59989.634246
59990.672096
59991.132323
59992.037636
59992.411534
59993.313582
59993.752340
59994.725764
59995.184781
59995.832482
59996.534849
59997.482023
59997.815415
59998.265960
59998.881550
60000.441207
60001.017592
60001.577675
60002.388346
60002.662735
60003.327393
60004.225932
60004.689082
60005.348019
60005.979477
60006.928394
60007.450627
60008.226867
60009.153597
60009.754663
60010.193973
60011.194290
60011.513097
60012.633603
60013.334582
60013.806628
60014.159803
60014.917789
60015.397858
60016.392622
60017.117560
60017.890792
60018.858566
60019.357132
60020.138002
60020.788906
60021.193146
60021.840254
60022.308167
60023.400139
60024.271341
60024.585232
