59202.132593
59202.710292
59203.724148
59204.266588
59204.515210
59205.838543
59206.314831
59206.834587
59207.360909
59208.207481
59209.046950
59209.171614
59209.955949
59210.990017
59212.113429
59212.649867
59213.460814
59213.641479
59214.255859
59214.960003
59215.793560
59216.457884
59217.256616
59217.629370
59218.347465
59219.239298
59220.062296
59220.536651
59221.359539
59221.989270
59222.865437
59223.543474
59224.234150
59224.630768
59225.519228
59225.930403
59226.281131
59227.255711
59228.081579
59229.022700
59229.806611
59230.321477
59230.896788
59231.836190
59232.337632
59232.918253
59233.454786
59234.121227
59235.427359
59235.764336
59236.089318
59236.806330
59237.649416
59238.348265
59239.353225
59240.190604
59240.737712
59241.204836
59241.927618
59242.732186
59243.061410
59243.723468
59244.513834
59245.086196
59246.027610
59246.487267
59247.822216
59248.328437
59248.746167
59249.360234
59249.909036
59251.085129
59251.645691
59252.246708
59252.934330
59253.261473
59254.032381
59254.763434
59255.687542
59255.952581
59257.294866
59258.056118
59258.395247
59259.479182
59259.863219
59259.970244
59261.242012
59261.443037
59262.393013
59263.071404
59264.117198
59264.361821
59265.096897
59265.932808
59266.849064
59267.311175
59268.151310
59268.736377
59269.307264
59270.234398
