66637.401204
66638.138940
66638.468534
66639.099123
66639.895815
66640.682104
66641.214030
66642.061969
66642.808254
66643.082531
66643.684480
66644.879002
66645.639150
66646.402473
66646.731380
66647.492838
66648.224141
66648.741133
66649.507864
66649.939726
66650.545422
66651.121526
66652.080744
66653.260129
66653.844959
66654.014945
66655.170775
66655.506180
66656.297233
66656.627697
66657.909617
66658.462164
66658.721769
66659.471498
66660.283497
66660.634957
66661.624082
66662.392785
66662.944133
66664.027707
66664.617775
66665.419341
66665.687548
66666.406636
66666.843583
66667.380341
66668.517893
66669.067415
66669.749395
66670.280397
66671.252053
66672.002666
66672.739637
66673.078966
66673.841433
66674.705501
66675.327591
66675.816122
66676.869525
66677.017221
66678.075857
66678.095341
66678.853516
66679.911794
66680.956961
66681.802222
66682.134098
66682.744140
66683.067649
66684.350442
66684.701899
66685.130035
66685.919654
66686.569172
66687.598165
66688.020124
66688.590236
66689.581427
66690.117098
66690.687527
66691.771409
66692.432134
66692.916282
66693.641646
66694.128019
66694.819726
66695.338472
66695.928013
66696.736988
66697.553441
66698.331475
66699.000164
66700.075151
66700.482210
66701.167017
66701.291295
66702.328594
66702.762354
66703.990664
66704.574879
