71229.590289
71230.830124
71231.428382
71231.815966
71233.312625
71233.441364
71234.129051
71234.914182
71235.148222
71236.023977
71236.775587
71237.193541
71237.733183
71238.631570
71239.392963
71240.583656
71241.011789
71241.629664
71242.088662
71242.418626
71243.763082
71244.199762
71244.767757
71245.609859
71245.986283
71246.861197
71247.140214
71248.106693
71248.746531
71249.596701
71250.542128
71251.000953
71251.816356
71252.266682
71253.059791
71253.463999
71254.011556
71254.596027
71255.437103
71256.332290
71257.118728
71257.453538
71258.191309
71259.198884
71259.706589
71260.515174
71260.905163
71261.523438
71262.583656
71262.982242
71263.876276
71264.040153
71264.851697
71265.450682
71265.893019
71267.239779
71268.115329
71268.539153
71269.208275
71269.848985
71270.337902
71271.171149
71271.331452
71272.536952
71273.129835
71273.644896
71274.044668
71275.301098
71275.803226
71276.393502
71277.279321
71277.603631
71278.655894
71279.435518
71280.174136
71280.475357
71280.901138
71281.721274
71282.285015
71283.119773
71283.601616
71284.317327
71285.570788
71285.998212
71286.851542
71287.190382
71288.009855
71288.633779
71289.013026
71289.738244
71290.824780
71291.213239
71291.927430
71292.508779
71293.198723
71293.382287
71294.933460
71295.413952
71296.238073
71296.801795
