36543.507321
36543.822024
36544.318032
36545.520166
36546.355830
36546.980762
36547.187667
36548.269126
36549.189627
36549.936707
36550.519294
36551.341659
36552.232366
36552.830827
36553.529202
36554.238408
36554.821873
36555.220504
36556.049833
36556.827882
36557.832447
36559.148301
36559.302450
36559.855216
36560.632429
36561.792848
36562.087729
36562.524714
36563.765191
36564.114355
36565.117827
36565.761431
36566.146472
36567.023476
36567.902586
36569.062352
36569.821803
36570.071550
36570.864923
36571.702519
36572.047343
36572.897931
36573.418373
36574.414328
36575.112941
36575.786623
36576.918669
36577.567405
36578.292335
36578.693482
36579.284838
36580.432916
36581.212619
36581.852093
36582.324854
36582.754807
36583.712892
36584.287637
36585.461905
36586.241609
36586.884660
36587.819120
36588.553983
36588.884675
36589.461365
36590.345532
36590.948293
36591.655678
36592.593238
36593.409856
36593.911711
36594.686495
36595.684442
36596.061856
36597.232583
36597.792754
36598.569036
36598.913422
36599.770114
36600.565760
36601.240293
36601.708766
36602.066725
36603.991255
36604.332701
36605.110479
36605.801819
36606.397452
36606.779918
36607.915670
36608.428741
36609.189428
36610.098407
36610.473004
36611.258665
36611.970172
36613.056795
36613.522124
36614.613734
36614.987813
