58583.630793
58584.320428
58584.890641
58585.967853
58586.357812
58587.420597
58588.202669
58588.603414
58589.408598
58590.002020
58590.381345
58591.435812
58591.582520
58592.485462
58593.280885
58593.913530
58594.937001
58595.921545
58596.393829
58596.779902
58597.156874
58598.136034
58599.161607
58599.406179
58600.569642
58600.786696
58601.244986
58602.129737
58602.917425
58603.712548
58604.354884
58605.244944
58606.138028
58606.678829
58607.001084
58607.889373
58608.516286
58608.902944
58609.573296
58610.343255
58611.458498
58611.822621
58612.877207
58613.148669
58614.147641
58614.723229
58615.545144
58616.037644
58616.939687
58617.209108
58618.246733
58618.873995
58619.420198
58619.858331
58620.408241
58621.444227
58622.850161
58623.130474
58623.637230
58624.534997
58625.001182
58625.593991
58626.266933
58626.840051
58627.876274
58628.445337
58628.737858
58629.872253
58630.439118
58631.246282
58632.048267
58632.595572
58633.027147
58634.330889
58634.951419
58635.279098
58636.066582
58636.211855
58637.137584
58637.930113
58638.648692
58639.209289
58640.592648
58640.846529
58641.625224
58642.450446
58642.907826
58643.389758
58643.981997
58645.072735
58645.680591
58646.149020
58647.007561
58647.625208
58648.066596
58648.843362
58649.883774
58650.789421
58651.418187
58651.792785
