54443.226734
54443.576051
54444.310751
54445.130233
54445.565717
54446.347280
54447.190401
54447.658963
54448.397942
54449.034984
54449.887104
54450.216693
54451.055976
54451.390914
54452.892690
54453.899823
54454.112231
54454.606429
54455.214249
54456.242959
54456.654227
54457.048311
54458.263362
54458.581981
54459.285284
54460.235754
54461.091480
54461.537780
54462.378347
54463.017879
54463.613583
54464.529560
54465.123489
54466.045318
54466.425813
54466.881023
54467.440948
54468.211200
54469.228798
54469.793450
54470.973865
54471.365408
54472.085713
54473.047582
54473.350540
54473.963017
54474.435934
54475.260535
54476.440218
54476.866842
54477.185690
54478.269688
54478.567884
54479.749039
54480.316190
54481.113720
54481.982986
54482.563700
54483.074933
54483.606708
54484.535014
54484.990994
54485.666838
54486.181343
54486.920405
54488.198673
54488.865809
54489.593949
54490.088915
54490.505385
54491.204446
54492.306930
54492.877206
54493.384458
54494.042255
54494.746292
54495.530285
54495.985346
54496.705504
54497.586210
54498.698628
54498.946446
54500.164776
54500.524460
54501.070296
54501.631806
54502.339435
54503.066894
54503.381459
54504.721948
54505.355290
54505.715525
54506.554553
54507.649861
54508.112746
54508.804376
54509.244356
54510.095467
54510.898226
54511.658439
