26358.634721
26359.469615
26361.025286
26361.694038
26361.967583
26362.961606
26363.358987
26364.572608
26364.716597
26365.926368
26366.397631
26367.104132
26368.115552
26368.799277
26369.463753
26370.069381
26371.499574
26372.181656
26372.552571
26373.521867
26374.195874
26374.410551
26375.500998
26376.201222
26376.725008
26378.061241
26378.545385
26379.805541
26380.131402
26380.982808
26381.650425
26382.086397
26383.176968
26384.123246
26384.765845
26385.183166
26385.649246
26386.648373
26387.699149
26388.839379
26389.092962
26390.191738
26390.794881
26391.527174
26392.057731
26392.732033
26393.398618
26394.186724
26395.394269
26395.768320
26396.721973
26397.754897
26398.137958
26398.719164
26400.096914
26400.612347
26401.157329
26401.835074
26402.579102
26403.547823
26403.898035
26404.528826
26405.716880
26406.886049
26407.678020
26408.126764
26408.676448
26409.210370
26410.305992
26410.853060
26411.753218
26412.342912
26413.415338
26413.600484
26414.777709
26415.627248
26416.450679
26416.916813
26418.121719
26418.548860
26419.402960
26420.152635
26420.524163
26421.041158
26421.966119
26423.152010
26424.000009
26424.754236
26425.253671
26426.299715
26427.020651
26427.355080
26428.075931
26429.196732
26429.857314
26430.518483
26431.112227
26431.996184
26432.484328
26433.707588
