25452.661404
25454.304245
25454.865881
25455.613674
25456.229204
25457.361137
25458.078011
25458.393791
25459.387263
25459.877498
25460.434820
25461.192470
25462.551607
25463.142947
25464.306942
25464.770714
25465.190002
25466.081955
25467.057951
25467.548788
25468.405963
25468.898259
25470.063012
25470.504357
25471.240837
25471.895778
25473.038153
25474.073586
25474.835596
25475.284903
25475.851052
25476.573701
25477.423067
25478.207105
25478.453111
25479.952373
25480.217442
25481.486498
25482.235469
25482.796673
25483.613892
25484.180111
25484.896206
25486.275502
25486.547800
25487.113483
25487.824782
25488.434264
25489.319018
25490.602016
25491.320999
25491.932078
25492.755864
25493.675929
25494.062221
25494.713905
25495.185030
25496.413826
25497.120785
25497.765250
25498.593556
25499.682773
25499.866460
25501.064085
25501.800659
25502.682672
25503.222140
25504.004527
25504.578637
25505.191384
25506.343957
25506.565261
25507.230019
25508.894290
25509.759119
25510.089343
25510.659493
25511.482690
25512.125518
25512.976346
25513.922860
25514.391620
25515.142494
25515.942557
25516.577343
25517.635107
25518.291430
25519.237528
25520.084569
25520.673273
25521.474564
25522.220908
25522.662732
25523.165597
25524.002558
25525.158241
25525.994266
25526.720109
25527.332145
25528.551577
