51035.157316
51036.218774
51036.724225
51037.414963
51038.246254
51038.769751
51039.571854
51040.040702
51040.948252
51041.541414
51042.054122
51042.393380
51043.898556
51044.525070
51045.471641
51045.920561
51046.662640
51047.204087
51047.561612
51048.417585
51049.173158
51050.217152
51050.337369
51051.250110
51051.879979
51052.896998
51053.668744
51054.244034
51054.640795
51055.570000
51056.727138
51057.078965
51057.519119
51058.219198
51058.886762
51059.276930
51060.392277
51060.895460
51062.062840
51062.795903
51063.431960
51063.989588
51064.547499
51065.559196
51065.857514
51066.402575
51067.537655
51068.067269
51068.713365
51069.512283
51070.092221
51070.553444
51071.634013
51072.572176
51073.526894
51073.733915
51074.204837
51075.079484
51076.017356
51076.310131
51076.838515
51077.582157
51078.519620
51079.118642
51080.409407
51080.964185
51081.192418
51082.263393
51082.570460
51083.526790
51084.075418
51085.156244
51085.543423
51086.205216
51086.599696
51087.327947
51088.366134
51088.947058
51089.984921
51090.457192
51091.509743
51092.126414
51092.511590
51093.188823
51093.760001
51094.202637
51095.296314
51096.223911
51096.465368
51097.387234
51098.074693
51099.031256
51099.634440
51100.125794
51100.985715
51101.771953
51102.434581
51102.899056
51103.668912
51104.425996
