72440.311281
72441.347115
72441.539583
72442.423615
72442.702798
72443.670413
72444.020739
72444.820059
72446.113186
72446.675145
72447.304193
72447.929374
72448.412561
72449.010840
72449.620499
72450.190457
72451.470964
72451.812935
72452.089358
72453.006474
72453.584490
72454.693498
72455.302635
72455.635753
72456.490990
72457.473399
72458.013138
72458.679584
72459.174994
72459.691813
72460.273984
72460.913574
72461.690060
72462.366320
72463.360046
72464.082103
72464.679868
72465.366454
72465.913918
72466.674151
72467.034884
72468.134631
72468.413470
72469.048539
72470.154128
72470.610483
72471.110765
72471.507887
72472.364785
72473.582759
72474.093522
72475.139467
72475.395946
72475.806340
72476.609161
72477.383786
72477.986098
72478.329240
72479.127664
72479.772863
72480.747735
72481.504415
72481.928236
72483.011436
72483.515574
72483.851839
72484.501603
72485.650630
72486.404860
72486.494355
72487.469083
72487.941132
72488.320436
72489.197913
72489.951017
72490.828426
72491.505029
72492.269303
72493.081149
72493.702377
72494.100211
72494.768897
72495.076073
72495.935842
72496.824504
72497.585425
72497.965384
72498.674734
72499.465036
72500.122206
72500.937175
72501.529992
72502.322718
72503.016786
72503.600624
72504.144879
72504.928536
72505.470279
72506.048591
72506.653671
