939.660940
941.156999
942.052341
944.188035
945.333562
946.765842
947.079183
948.346646
950.151612
951.033248
952.727988
954.129719
954.829308
956.675479
957.510052
958.414593
959.459168
961.669572
963.182086
963.567040
965.055579
966.110754
967.371153
968.636301
970.125610
971.071491
973.185361
973.873078
974.774635
976.178502
976.917202
978.766671
980.578000
981.288615
982.396485
983.575076
985.186928
986.130515
986.756008
988.992622
990.223917
991.374294
992.728696
993.214580
994.404590
996.205336
997.511934
998.827547
999.791571
1001.349482
1002.404305
1003.267808
1004.675044
1005.543420
1008.006704
1008.795709
1009.806590
1010.569757
1012.410042
1013.058638
1014.689632
1016.060178
1017.266402
1018.605572
1019.912439
1020.917475
1021.544344
1022.885270
1025.265724
1025.707944
1027.467693
1028.128964
1029.227297
1030.897368
1031.833180
1032.812883
1034.612915
1036.195917
1037.024707
1038.087752
1039.077401
1040.264037
1041.621528
1043.623954
1044.514975
1045.107042
1047.089817
1047.987147
1048.953785
1049.996284
1051.576571
1053.245785
1054.781039
1055.002146
1056.688847
1057.100043
1059.133769
1060.139518
1061.501304
1062.915381
