73514.113312
73515.066386
73516.202987
73516.762872
73517.225677
73517.905024
73518.127704
73519.060149
73519.608935
73520.559553
73521.274088
73521.616948
73522.170530
73522.985418
73523.933468
73524.519512
73524.951203
73526.065808
73526.598194
73527.460676
73527.747305
73528.709597
73529.206958
73529.565943
73530.200822
73530.875347
73531.749303
73532.498595
73533.669373
73533.815174
73534.538993
73535.288882
73536.010671
73536.585454
73537.297892
73537.546613
73538.573714
73539.528641
73539.867261
73540.229950
73541.026742
73541.698392
73542.436745
73543.782968
73544.108615
73544.677513
73545.397118
73546.101571
73546.360785
73547.370247
73547.576823
73548.579745
73549.094532
73549.919720
73550.496176
73551.422815
73552.243961
73552.910397
73553.163837
73553.681691
73554.848522
73555.628830
73556.120054
73556.592686
73557.195359
73557.707008
73558.543263
73559.145868
73559.866203
73560.825234
73561.713885
73562.056884
73563.097253
73563.608298
73563.772451
73564.477562
73565.446138
73565.879391
73566.538287
73567.529848
73568.096256
73568.612056
73569.190790
73570.125973
73570.866064
73571.678801
73572.105195
73573.014921
73573.438604
73573.960070
73574.916343
73575.529278
73575.743587
73576.518629
73576.931828
73578.501507
73579.024161
73579.687066
73580.146123
73581.092086
