34944.945149
34945.519548
34946.205947
34946.857266
34947.610467
34948.227134
34948.549641
34949.828334
34950.241904
34951.116172
34951.641748
34952.430149
34953.289959
34954.105508
34954.785868
34955.324871
34956.656573
34957.095746
34957.981720
34958.256372
34958.873601
34959.518235
34960.656656
34960.984841
34961.866006
34963.009266
34963.604927
34964.659965
34965.010781
34965.422588
34966.627382
34966.883704
34967.858963
34968.822777
34969.224208
34970.043123
34970.305652
34971.334094
34972.176504
34973.412542
34974.142943
34974.335526
34975.043518
34976.092120
34976.742460
34977.077316
34977.732930
34978.466703
34979.691418
34980.167016
34981.221350
34981.714626
34982.595968
34982.969931
34984.069599
34984.910283
34985.144028
34986.349332
34986.674172
34987.304147
34987.955680
34988.917101
34989.502194
34990.569652
34991.468983
34992.369836
34992.726559
34993.420337
34993.849112
34994.570448
34995.454552
34996.523448
34996.886621
34997.470955
34998.327109
34999.280948
35000.151892
35000.628981
35001.337277
35002.358444
35003.001022
35003.769166
35004.018457
35005.095593
35005.457722
35006.061195
35006.895947
35008.322054
35008.985162
35009.448651
35010.129265
35010.925206
35011.629952
35012.236855
35012.960451
35013.880049
35014.129513
35015.419406
35015.919415
35016.375954
