74318.543238
74319.096877
74320.028372
74320.811253
74321.482403
74322.483707
74323.007538
74323.624790
74324.367233
74325.188684
74325.440948
74325.710731
74327.006692
74327.507445
74328.493724
74328.680464
74329.321914
74330.055225
74330.943841
74331.420004
74332.462463
74333.322453
74333.736994
74334.271311
74334.882989
74335.593259
74336.245553
74336.666908
74337.663978
74337.815103
74338.702405
74339.925908
74340.588385
74341.009409
74341.834829
74342.035515
74342.867297
74343.825762
74344.491659
74344.983277
74345.446220
74346.290808
74346.973640
74347.355554
74348.011695
74349.045734
74349.732747
74350.580785
74351.339608
74351.705459
74352.610782
74352.938891
74353.565462
74354.023730
74354.927769
74355.478602
74356.699129
74356.933401
74357.475490
74358.244139
74359.435081
74359.933434
74360.200542
74361.018374
74361.925502
74362.431814
74363.150909
74363.783334
74364.249437
74364.861433
74365.312394
74366.116829
74367.543809
74367.729813
74368.799811
74369.240805
74369.806411
74370.324601
74371.053845
74371.669918
74372.527851
74373.016374
74373.662031
74374.269944
74375.112717
74375.916697
74376.282522
74377.223179
74377.605864
74378.972386
74379.288615
74379.990889
74380.481193
74381.020006
74381.559639
74382.481576
74382.924502
74383.595833
74384.380812
74385.270767
