34434.016102
34434.611256
34435.279232
34436.078437
34437.574377
34437.805373
34438.627754
34439.111483
34439.989526
34440.467818
34441.766143
34442.103998
34442.787302
34443.519382
34444.039899
34444.861047
34445.488713
34446.703533
34447.585834
34448.086016
34448.719901
34449.741390
34450.293082
34450.749248
34451.071231
34452.198168
34453.168639
34453.777656
34454.443300
34455.415072
34455.761699
34457.095896
34457.654116
34457.913544
34459.187839
34459.614003
34460.549070
34460.913074
34461.715129
34462.217640
34463.012945
34463.862772
34465.232604
34465.843389
34466.296746
34466.977653
34467.573113
34468.273398
34469.039963
34470.043073
34470.521098
34470.967290
34472.009342
34472.746258
34473.601401
34474.274538
34474.757916
34476.168525
34476.609886
34477.385448
34477.694518
34478.510790
34479.252206
34479.739084
34480.482810
34481.691580
34482.213386
34483.321275
34483.814313
34484.597055
34485.249798
34485.793499
34486.666060
34487.192483
34488.177908
34489.142701
34489.357423
34489.926613
34490.567286
34491.975081
34492.757134
34493.369262
34494.258362
34494.574243
34495.497787
34496.089834
34496.821469
34497.253297
34498.000786
34499.080329
34499.855870
34500.434378
34501.687633
34502.024080
34502.398551
34503.471476
34504.364840
34505.060574
34505.697757
34506.212571
