13469.624935
13470.718356
13471.589550
13472.182814
13472.974973
13473.759322
13474.791777
13475.345684
13476.236428
13476.991399
13477.651889
13478.599844
13479.181687
13480.661873
13481.655233
13482.344876
13482.651846
13483.408149
13484.343706
13485.252228
13485.819676
13486.799678
13487.572440
13488.872415
13489.379276
13490.175436
13491.089125
13491.743960
13493.020843
13493.546433
13493.987518
13495.134640
13495.387696
13496.320566
13497.976884
13498.673083
13499.062807
13500.388398
13500.879642
13501.641100
13502.070283
13503.131672
13504.271325
13504.813964
13505.631872
13506.361267
13507.347036
13508.662038
13508.933926
13510.043036
13510.998237
13511.192699
13512.073531
13513.095539
13513.536267
13514.434503
13515.739065
13516.868390
13517.426489
13517.945456
13518.645872
13519.585309
13520.736659
13521.342482
13521.885910
13522.677794
13523.616741
13524.525267
13525.304246
13526.470243
13527.466724
13527.899090
13528.705817
13529.458524
13530.073182
13530.705386
13531.819217
13532.997705
13533.381153
13534.632019
13535.213406
13536.172138
13536.900031
13537.788740
13538.259647
13539.560370
13540.200658
13540.678659
13541.118165
13542.465998
13543.801534
13544.511833
13545.389884
13545.629011
13546.796162
13547.360724
13548.064922
13549.104923
13549.836617
13550.641674
