36325.891862
36326.638489
36326.966339
36327.698420
36328.741969
36329.392174
36329.755838
36331.068711
36331.444962
36332.376440
36333.139087
36333.632465
36334.675020
36335.479761
36336.105358
36336.622945
36337.124679
36337.657370
36338.801122
36339.395949
36340.108832
36341.228909
36342.136947
36342.475700
36343.437905
36343.911939
36344.252314
36345.281386
36346.183383
36346.952582
36347.332905
36348.094409
36348.787903
36349.565275
36350.451343
36351.519853
36352.056434
36352.816386
36353.293633
36353.998591
36354.869721
36355.550962
36355.763466
36356.545258
36357.650406
36358.784578
36359.159340
36360.098136
36360.493335
36361.220650
36362.150171
36363.037118
36363.275880
36364.277250
36364.813835
36365.657867
36366.164831
36366.695865
36367.891952
36368.666968
36369.576249
36370.229971
36371.147147
36371.548642
36371.695977
36372.896361
36373.360562
36374.259281
36375.391702
36375.639298
36376.111863
36377.656712
36378.135778
36378.736534
36379.317513
36380.228087
36381.132993
36381.928280
36382.057280
36383.102736
36383.367637
36384.272953
36384.883388
36386.359378
36386.846541
36387.702327
36388.268976
36388.787747
36389.609624
36390.254629
36391.045100
36391.574760
36392.405927
36393.180489
36393.945823
36394.620079
36395.297032
36395.914183
36397.342962
36397.858463
