47602.208355
47602.961012
47603.636073
47604.180636
47604.895736
47605.564416
47606.270223
47607.026104
47607.927744
47608.968562
47609.328766
47610.198635
47610.601423
47611.396061
47612.029771
47612.663521
47613.662517
47614.497097
47614.675706
47615.398384
47615.728622
47617.231891
47617.637537
47618.920521
47619.316593
47619.680597
47620.719400
47621.461242
47621.858733
47622.352966
47622.975044
47623.966518
47624.779282
47625.512054
47626.075675
47627.134549
47627.723762
47627.990408
47629.124870
47629.802007
47630.650487
47630.962743
47631.727074
47632.368261
47632.984267
47633.818297
47634.285613
47635.141485
47636.367617
47637.309260
47637.378646
47638.316238
47638.679783
47639.207732
47640.180860
47641.061972
47641.540212
47642.123981
47643.051716
47643.568125
47644.480981
47645.243477
47645.960554
47646.567355
47647.408266
47648.192402
47648.702823
47649.546687
47649.766279
47650.675219
47651.140470
47651.699938
47653.222419
47653.961460
47654.194319
47655.064929
47655.856404
47656.547743
47657.147394
47657.493475
47658.501143
47659.401788
47659.672320
47660.778907
47661.182545
47661.593846
47662.654464
47663.687520
47664.400825
47664.938997
47665.962435
47666.248479
47666.703850
47667.583791
47668.205673
47668.833096
47669.816048
47670.146236
47671.143447
47672.309004
