53957.583685
53958.114859
53959.048651
53959.214000
53959.964366
53960.943960
53961.843901
53962.481137
53963.461521
53963.870058
53964.171393
53965.597124
53965.798245
53966.637918
53967.106834
53967.967986
53968.764492
53969.252487
53969.886483
53970.321310
53971.257496
53972.256025
53973.396061
53973.793551
53974.075343
53974.971307
53975.594167
53976.114501
53976.967368
53977.284995
53978.515783
53979.102428
53979.349212
53980.522271
53981.425661
53982.023039
53982.365591
53983.101418
53984.150877
53984.760804
53985.459455
53986.178468
53986.326909
53986.982195
53987.856049
53988.641952
53989.514235
53990.337146
53991.083976
53991.727262
53992.442095
53992.921426
53993.561477
53994.017211
53995.089936
53995.623914
53996.292379
53997.165127
53997.808007
53998.099208
53999.261782
53999.803761
54000.873397
54001.561305
54002.034500
54002.611051
54003.297003
54003.953545
54004.712205
54005.249222
54005.794032
54006.349952
54007.980956
54008.593913
54008.702658
54009.743149
54010.402622
54010.737204
54011.591706
54012.585443
54013.026071
54013.729581
54014.262664
54015.006626
54015.640837
54016.230599
54017.412537
54018.003100
54018.745028
54019.480159
54020.222979
54020.904283
54021.299572
54021.673875
54022.410733
54023.411189
54024.249965
54024.650210
54025.657208
54026.050104
