5262.848835
5263.396965
5264.411378
5265.088374
5265.605936
5267.885364
5268.198270
5269.201393
5270.259454
5270.886227
5271.696969
5272.517960
5273.578737
5274.691509
5275.643878
5276.683503
5277.475759
5278.379390
5279.775667
5280.315445
5281.239950
5281.633380
5283.163868
5283.478719
5284.926926
5286.437161
5287.137482
5287.711380
5288.515549
5289.353245
5290.674974
5291.399590
5292.275016
5293.024355
5294.464760
5295.126355
5296.581056
5297.125394
5297.981183
5299.274679
5299.627300
5300.144736
5301.458131
5302.981454
5303.885255
5304.508457
5305.526333
5306.498769
5307.300388
5308.072790
5309.361753
5310.032764
5310.606801
5311.859049
5312.980209
5314.439426
5314.954794
5315.726296
5316.639253
5317.139734
5318.445240
5319.364734
5320.109753
5321.536694
5322.633280
5323.137231
5323.796327
5325.466411
5326.038512
5326.867763
5327.480222
5328.463844
5329.377158
5331.015051
5331.855033
5332.582449
5333.746349
5334.061217
5335.195388
5335.947926
5337.059672
5338.214274
5338.933125
5339.674564
5341.264957
5341.907714
5342.986689
5343.623359
5344.507532
5345.528297
5346.069965
5346.890937
5348.769669
5349.489057
5350.395904
5351.225419
5351.771637
5352.900178
5354.185202
5354.773479
