72574.857192
72575.357626
72575.932267
72576.779885
72577.478469
72578.059189
72578.582845
72579.326918
72580.057392
72580.475476
72581.414641
72581.844123
72583.397378
72583.745625
72584.241102
72584.635699
72585.625537
72585.898085
72586.569763
72587.479699
72588.026071
72588.724617
72589.144189
72590.541486
72590.869894
72591.653467
72592.168595
72592.746464
72593.705892
72594.103055
72595.079058
72595.587390
72596.248037
72596.811962
72597.123329
72597.894570
72598.752709
72599.660442
72600.596949
72601.169353
72601.490759
72602.357121
72603.265751
72603.513722
72604.097075
72604.498969
72605.624091
72606.318927
72607.079318
72607.427478
72608.141244
72608.909969
72609.892228
72610.263116
72611.118575
72611.901644
72612.432373
72612.988309
72613.583224
72614.397927
72614.683509
72615.653542
72615.912430
72616.869520
72617.955737
72618.591086
72619.409403
72619.966732
72620.198916
72620.724069
72621.772190
72622.497741
72623.287129
72623.558927
72624.168571
72625.032002
72625.647210
72626.251726
72627.222676
72627.742981
72628.607878
72629.318510
72630.213034
72630.565499
72630.829974
72631.800832
72632.297904
72632.987918
72633.356715
72634.692899
72635.157417
72635.960936
72636.458650
72637.314326
72638.072334
72638.461098
72639.202028
72639.898473
72640.368991
72641.480547
