30538.938555
30540.392932
30540.872377
30541.810439
30542.499858
30543.180576
30543.634990
30544.111006
30545.091328
30545.984480
30546.395830
30547.537306
30548.061583
30549.265308
30549.906147
30550.623673
30550.745798
30551.850019
30552.860369
30553.641862
30554.100989
30554.459841
30555.354212
30556.137707
30556.833631
30558.132844
30558.817277
30559.445588
30560.190619
30560.888272
30561.344098
30562.273470
30562.763811
30563.417364
30564.608793
30565.119159
30565.966444
30566.810533
30567.288898
30568.134408
30569.355170
30569.889812
30570.221820
30571.087734
30571.987561
30572.501151
30573.097074
30573.768013
30574.534016
30575.849773
30576.723850
30577.223202
30577.946268
30578.417950
30579.149116
30580.069418
30580.501965
30581.754209
30582.263581
30582.678434
30583.308043
30584.697297
30585.199414
30586.007335
30586.696560
30587.846276
30588.187810
30589.087191
30589.566570
30590.021511
30590.712462
30591.734297
30592.728414
30593.199136
30594.437892
30594.825107
30595.723467
30596.385671
30596.819132
30597.897231
30598.570164
30599.167989
30599.947279
30600.722359
30601.317611
30601.770978
30602.847919
30604.227761
30604.743806
30605.260832
30606.118759
30606.343323
30607.367898
30608.208349
30608.535829
30609.581182
30609.983859
30611.355195
30612.115263
30612.308222
