57482.772665
57483.362280
57484.153463
57485.038740
57485.242591
57486.296523
57486.744627
57487.183133
57488.296225
57488.691620
57489.993793
57490.649777
57491.157662
57492.034258
57492.362762
57492.801974
57493.582283
57494.351417
57495.184464
57495.742370
57496.401072
57496.985661
57498.337750
57498.787326
57499.241947
57499.780049
57500.747661
57501.608257
57502.035527
57502.970585
57503.318778
57503.948535
57504.355779
57505.377728
57505.914074
57506.970735
57508.062004
57508.436312
57508.839252
57509.719209
57510.386750
57511.013111
57511.542230
57512.094413
57512.933817
57514.088523
57514.279118
57514.937697
57515.719363
57516.571833
57517.078781
57518.424548
57518.791563
57519.071695
57520.085635
57520.572878
57521.507001
57521.668041
57522.468863
57523.100548
57523.917115
57525.034815
57525.592352
57526.620735
57526.769195
57527.654495
57527.993036
57528.716902
57529.739487
57530.623005
57530.740203
57531.541700
57532.123009
57532.749017
57533.822992
57534.397833
57535.288373
57535.771990
57536.849452
57537.542838
57537.798631
57538.440926
57538.995104
57539.665244
57540.562321
57541.084900
57542.016968
57542.829310
57543.373820
57544.157091
57544.852972
57545.545247
57546.029003
57546.925893
57547.583927
57548.231659
57548.681530
57549.622796
57550.321039
57550.647819
