63102.002410
63102.966991
63103.529898
63103.824232
63104.892089
63105.333306
63105.971435
63106.852329
63107.521359
63108.101780
63109.128202
63109.502909
63110.392970
63110.960630
63111.608333
63112.681528
63113.177446
63113.821129
63114.098115
63114.593157
63115.724198
63116.179026
63116.865644
63117.980536
63118.568029
63119.317557
63120.177780
63120.611366
63121.102188
63121.616402
63122.323300
63123.563033
63123.798045
63124.535256
63125.124611
63125.855100
63126.361742
63127.442817
63127.970697
63129.145838
63129.451457
63130.165243
63130.661380
63131.534613
63131.966703
63132.764622
63133.231232
63133.638785
63134.736250
63135.655530
63136.537278
63137.211532
63137.232382
63138.223702
63138.923471
63139.744970
63140.333706
63140.884572
63141.608579
63142.291900
63142.936718
63143.456691
63144.007843
63145.163131
63145.694036
63146.665157
63147.583270
63147.933830
63148.252085
63149.373332
63149.645131
63150.071790
63150.995308
63152.178701
63152.380364
63153.071132
63153.712460
63154.885294
63155.585924
63155.856487
63156.553880
63157.300728
63158.337059
63158.647453
63159.503566
63159.994179
63160.430462
63161.149547
63161.655132
63162.948927
63163.481584
63164.627053
63164.984001
63165.479725
63166.195905
63166.840546
63167.546810
63168.089872
63168.825624
63169.603648
