25755.713015
25756.391956
25757.061545
25757.546929
25758.707444
25759.151351
25760.010986
25761.045916
25761.463219
25762.346992
25763.535216
25763.974627
25764.526703
25765.598929
25766.309810
25767.002560
25767.792663
25768.276102
25769.013675
25769.231894
25770.899161
25771.846256
25772.354179
25773.003606
25773.976616
25774.593724
25775.082594
25775.799701
25776.791499
25777.393820
25778.254411
25779.086608
25779.408721
25780.723485
25781.121136
25782.215012
25783.211686
25783.727894
25784.314647
25785.108167
25785.367349
25786.721133
25786.922170
25787.994735
25788.565397
25790.118275
25790.594965
25791.246722
25791.674408
25792.574992
25793.298837
25794.291113
25795.010097
25795.629318
25795.987262
25797.017182
25797.699680
25798.588732
25799.802790
25800.389760
25801.059447
25801.676805
25802.641253
25803.252955
25803.586084
25804.232896
25805.441668
25806.374192
25806.854775
25807.884643
25808.460157
25809.200759
25810.351607
25810.751650
25811.336648
25812.450011
25813.072208
25813.537532
25814.484234
25814.799503
25815.749649
25817.035810
25817.876250
25818.552198
25819.347223
25819.652518
25820.304877
25821.308363
25821.918836
25822.947384
25823.569261
25823.865595
25825.179273
25825.945548
25826.848999
25827.083406
25828.190267
25829.424798
25829.654818
25830.361709
