32897.446797
32898.324862
32899.016240
32899.715240
32900.360476
32900.903894
32901.474195
32902.151980
32903.361162
32904.135577
32904.641484
32905.250944
32906.475834
32907.125250
32907.475251
32908.551680
32909.186199
32909.956906
32910.476768
32911.321237
32912.033440
32912.242804
32913.207910
32914.471948
32915.230832
32916.116591
32916.687767
32917.149006
32917.643893
32918.581745
32919.440744
32920.103708
32920.856016
32921.193054
32922.386652
32923.065562
32923.837413
32924.602568
32925.110116
32926.404898
32927.042606
32927.460400
32928.015946
32928.892901
32929.371165
32930.083916
32930.994924
32931.837849
32932.988494
32933.452010
32934.067440
32935.013179
32935.517514
32936.398212
32936.530428
32937.879513
32938.684546
32938.964292
32939.967459
32940.197973
32941.154688
32942.437199
32943.338873
32943.580875
32944.538200
32944.917172
32946.115884
32946.456855
32946.813870
32947.732090
32948.870095
32949.120415
32950.442116
32951.202402
32951.770894
32952.246837
32953.231681
32953.782103
32954.887680
32955.495301
32955.978064
32956.581727
32957.217727
32958.215565
32958.883559
32959.563152
32960.856350
32961.461645
32962.325977
32962.678212
32963.262439
32963.923535
32964.726597
32965.521573
32966.475947
32966.887055
32967.676451
32968.554037
32969.353019
32970.163215
