35017.081660
35018.460285
35019.056659
35019.779863
35020.584873
35021.212006
35021.428985
35022.515767
35023.034040
35023.631053
35024.735637
35025.172095
35026.311022
35027.085353
35027.737491
35028.578551
35028.995323
35029.402812
35030.762409
35031.557300
35031.973731
35032.391550
35033.262019
35033.750137
35034.834946
35035.737075
35036.520630
35037.276319
35038.180674
35038.447300
35039.363698
35039.872363
35040.412860
35041.239066
35042.134958
35043.020594
35043.362822
35044.633650
35045.068563
35045.626325
35046.720153
35047.555056
35048.101087
35048.726899
35049.264138
35050.333685
35050.889650
35051.188232
35052.088466
35052.831367
35054.315068
35054.977007
35055.348994
35056.015854
35056.588325
35057.495878
35058.182982
35058.691113
35059.834652
35060.264476
35060.998366
35061.468283
35062.825716
35063.270663
35063.990186
35065.025770
35065.540876
35066.466188
35067.098339
35067.609469
35068.001058
35068.750884
35069.667450
35070.633992
35071.445469
35071.964251
35073.094000
35073.599604
35074.406944
35074.706098
35075.555305
35076.606631
35077.015664
35077.979436
35078.441587
35079.030786
35079.889272
35080.487788
35081.833397
35082.618471
35083.119343
35083.753600
35084.552805
35084.826044
35085.801274
35086.614714
35087.294927
35087.433569
35088.996786
35089.597104
