72641.832022
72642.440594
72643.091107
72643.484335
72644.175184
72645.766777
72646.124472
72646.603999
72647.584623
72647.920259
72648.479019
72649.318244
72649.837762
72650.285742
72651.301233
72651.924306
72652.413472
72653.199582
72654.242567
72654.909411
72655.025805
72655.932018
72656.797647
72657.447534
72658.380117
72658.664416
72659.217350
72659.718727
72660.387446
72661.336230
72661.883697
72662.436501
72663.649742
72664.323225
72664.981749
72665.489069
72665.976902
72666.720188
72667.264733
72667.837401
72668.830649
72669.525856
72670.069928
72670.416541
72671.383177
72672.001599
72672.687684
72673.704065
72674.488575
72674.787165
72675.528717
72676.007454
72677.227717
72677.262840
72677.900121
72678.534257
72679.056764
72680.164181
72681.062150
72681.860730
72682.166322
72682.783665
72683.698345
72684.076232
72684.878182
72685.568046
72686.295591
72686.747670
72687.532615
72688.141701
72688.633977
72689.284382
72690.379872
72690.787370
72691.853096
72692.461735
72693.295897
72693.706126
72694.124118
72694.752001
72695.259637
72696.271326
72696.966726
72697.396790
72698.431008
72698.668132
72699.829238
72700.596822
72701.044059
72701.662719
72701.986896
72703.396124
72703.922530
72704.088756
72704.964221
72705.729356
72706.071296
72706.591483
72707.431707
72708.557679
