17731.704909
17732.186188
17733.231663
17733.696445
17734.350649
17735.227025
17736.195709
17736.973413
17737.734655
17738.248669
17738.660433
17740.256541
17741.172219
17741.778199
17742.587973
17743.299901
17744.343075
17744.463717
17745.481700
17745.962370
17747.054013
17748.037072
17748.961616
17749.503184
17750.606392
17751.120181
17751.694979
17753.238308
17753.524960
17754.107289
17754.879867
17755.841312
17756.443217
17757.126165
17758.264223
17759.499334
17760.108907
17760.903840
17761.424837
17761.750795
17762.939116
17763.781910
17764.506068
17765.224709
17766.034269
17766.947746
17767.856814
17768.570923
17769.455945
17770.179006
17771.070553
17771.789546
17772.466766
17773.145073
17773.653451
17774.350730
17775.873484
17776.767710
17777.416820
17777.965511
17778.887470
17779.859437
17780.175506
17780.906320
17782.029890
17782.920338
17783.301586
17784.077282
17785.174357
17785.698538
17787.225031
17787.599341
17788.537192
17789.168122
17789.694666
17790.509476
17791.199291
17792.064199
17793.121068
17793.437834
17795.312371
17795.452799
17796.281264
17796.683148
17797.836344
17798.617766
17799.679821
17800.184597
17800.442382
17801.565690
17802.257117
17803.267619
17804.313127
17805.321871
17805.713087
17806.702331
17807.161503
17808.010285
17808.652149
17809.248388
