73178.824927
73179.512778
73180.704389
73181.100313
73181.663388
73182.095828
73183.022293
73183.805885
73184.489667
73185.188056
73185.439923
73186.134663
73186.654941
73187.337624
73188.431213
73189.207116
73189.771421
73190.843882
73191.076521
73191.651087
73192.352829
73193.032278
73193.611144
73194.310709
73194.765017
73195.880685
73196.465063
73196.768495
73197.891882
73198.353645
73198.910540
73199.976220
73200.831624
73201.272901
73201.722029
73202.249101
73203.192193
73203.606698
73204.531388
73204.703329
73205.367889
73206.617393
73207.434869
73207.962171
73208.775781
73209.176357
73209.705970
73210.338369
73211.334800
73211.590226
73212.849812
73213.089320
73213.677900
73214.228414
73215.012928
73215.768424
73216.751140
73217.309448
73218.090524
73218.485044
73219.553183
73220.168281
73220.543971
73220.769252
73221.659424
73222.335617
73223.224883
73223.930626
73224.582002
73225.422021
73225.907366
73226.776710
73227.363073
73227.883665
73228.606421
73229.330081
73230.117372
73230.581056
73231.170387
73231.756192
73232.598188
73233.207420
73233.392197
73235.205353
73235.559136
73236.269490
73236.742917
73237.265786
73237.906842
73238.573250
73239.316852
73239.918204
73240.742209
73240.999630
73241.949818
73242.898848
73243.475256
73243.929410
73244.833289
73245.293858
