50406.560759
50407.254596
50407.683613
50408.793216
50409.810436
50410.600898
50410.972575
50411.646439
50412.451938
50413.039086
50413.463078
50414.465682
50414.815013
50415.724977
50416.539950
50417.303629
50417.702529
50418.753956
50418.976375
50420.369383
50420.947937
50421.463486
50422.289634
50422.553170
50423.525760
50424.268311
50424.508512
50425.292069
50426.048112
50427.130443
50427.920345
50428.733858
50429.378922
50429.515654
50430.516344
50431.092260
50431.730997
50432.707236
50433.472688
50433.989074
50434.228534
50435.025980
50436.252271
50436.805650
50437.498315
50438.345277
50439.070916
50439.833231
50440.329418
50441.018681
50441.342368
50442.128200
50442.701305
50443.894129
50444.528932
50444.952666
50446.186123
50446.801336
50447.076379
50447.955055
50448.813643
50449.400716
50449.978048
50450.916954
50451.225473
50452.218676
50452.591401
50453.392049
50453.737044
50455.349938
50455.986536
50456.626063
50457.240598
50457.490669
50458.406989
50459.033122
50459.968936
50460.217080
50461.099195
50461.835706
50462.620962
50463.437823
50464.041735
50464.778077
50465.496901
50466.093871
50467.011271
50467.716827
50468.397832
50468.831028
50469.322190
50470.060361
50470.823390
50471.398864
50472.860262
50473.172734
50473.790711
50474.832937
50475.429711
50475.954452
