40721.260779
40721.353925
40722.557621
40722.943335
40723.891890
40724.241023
40724.747748
40725.423707
40726.414035
40727.337910
40728.397880
40728.675700
40729.256306
40730.487556
40730.875474
40731.507988
40732.013431
40733.365315
40733.512921
40734.374592
40734.964916
40735.928231
40735.996679
40737.244871
40738.308744
40738.983527
40739.736424
40740.227436
40740.784579
40741.569162
40741.926000
40742.953502
40743.824149
40744.185796
40744.843886
40746.167967
40746.787469
40747.328324
40748.165335
40748.396757
40749.679202
40750.441525
40750.932015
40751.571927
40752.050675
40752.876940
40753.430764
40754.241609
40755.241208
40756.366154
40756.632458
40757.570955
40758.124237
40758.641822
40759.711341
40759.837346
40760.592529
40761.642088
40762.620453
40762.875214
40763.488062
40764.430714
40765.265914
40766.087942
40766.913536
40767.404485
40768.217749
40768.560798
40769.727883
40770.200357
40770.452653
40771.278815
40772.154683
40773.452960
40773.785542
40774.874049
40775.462394
40775.823655
40776.359513
40777.469436
40778.143998
40778.770052
40779.675450
40779.972243
40780.592671
40781.595851
40782.518321
40782.956352
40783.911797
40784.817386
40785.562916
40786.167838
40786.637158
40786.982834
40787.977398
40788.630211
40789.371565
40790.323194
40790.841802
40791.884714
