25830.848632
25831.691079
25832.515320
25832.930319
25834.315684
25835.199816
25835.653786
25836.841185
25837.109513
25837.838932
25838.693398
25839.307178
25840.185241
25840.855968
25841.887353
25842.397608
25842.657414
25843.800593
25845.316467
25845.500695
25846.474929
25847.063478
25847.661032
25848.522983
25849.243319
25849.654915
25850.466214
25851.355212
25852.509475
25853.147527
25853.888746
25854.731317
25855.211077
25855.841246
25857.154271
25857.563982
25858.399235
25858.926067
25859.429097
25860.356069
25861.325663
25861.979046
25863.075472
25863.947457
25864.539259
25865.319251
25865.748708
25866.373138
25866.998331
25868.266477
25868.983112
25869.278752
25870.387836
25871.178493
25872.137434
25872.507318
25873.609770
25874.401894
25874.841017
25875.676384
25876.609643
25877.099174
25877.447514
25878.428820
25879.146177
25880.770792
25881.342463
25881.799252
25882.199456
25883.401155
25883.976670
25884.606243
25885.437226
25886.085505
25887.088318
25887.568633
25888.355453
25889.329714
25889.876140
25891.062976
25891.701187
25892.673053
25892.936385
25893.802609
25894.421543
25894.860373
25895.898251
25896.759985
25897.550000
25898.349851
25899.371810
25900.104729
25900.710172
25901.063798
25901.887197
25903.145415
25903.713207
25904.254645
25904.926705
25905.629677
