8236.852837
8237.661239
8238.643824
8239.166099
8240.107660
8241.810539
8242.262983
8243.126125
8244.126672
8244.522473
8245.291902
8246.414750
8247.104523
8248.198015
8249.182211
8250.476640
8250.905128
8251.591930
8252.495963
8253.795261
8254.542110
8255.238100
8255.519078
8256.777714
8257.752236
8258.997998
8259.868525
8260.782502
8261.566253
8262.002122
8263.168899
8263.541048
8264.798832
8265.847428
8266.459167
8267.620802
8268.306797
8269.293837
8270.597375
8271.102988
8271.527124
8273.023727
8273.359088
8274.260748
8274.761296
8276.532087
8277.550531
8278.311044
8278.724155
8279.658220
8280.576684
8281.427733
8282.325186
8283.364230
8283.682719
8284.837059
8286.156465
8286.666088
8287.736512
8288.980436
8289.388001
8290.178026
8290.941297
8291.360592
8292.962945
8293.588170
8294.846862
8295.568517
8296.693739
8297.216960
8297.847035
8299.092930
8300.012435
8300.536369
8301.505488
8302.243478
8302.932610
8304.590585
8305.587635
8306.142916
8306.723994
8307.761913
8308.422654
8309.351684
8310.142625
8310.895266
8312.487888
8313.144211
8313.584885
8314.936714
8315.508934
8316.991697
8317.138031
8318.217082
8318.759355
8319.747436
8320.463512
8321.895686
8322.995964
8323.508788
