16220.626997
16221.296290
16222.101682
16223.110435
16223.264850
16223.838664
16225.122382
16226.653378
16226.927537
16227.828045
16228.435104
16229.446962
16230.109937
16230.555950
16231.659050
16232.428843
16233.255273
16234.030653
16234.528811
16235.694194
16236.675991
16237.443505
16238.469558
16238.878544
16239.778000
16240.027424
16241.106311
16242.014832
16242.536895
16243.628724
16244.753357
16245.534321
16246.258354
16246.850267
16247.263563
16248.680991
16249.571068
16250.035552
16250.439936
16251.504984
16252.267437
16253.058218
16254.591912
16254.909499
16255.808783
16256.866250
16257.034213
16257.966661
16258.693098
16259.304438
16260.367232
16261.432206
16262.029681
16262.969827
16263.485263
16264.740241
16265.350208
16266.228055
16266.673174
16267.789698
16268.397574
16269.022695
16269.722325
16270.439435
16272.201349
16272.590321
16273.542240
16274.248587
16274.550145
16275.648407
16276.264037
16277.195633
16278.232525
16278.660718
16279.186342
16280.831900
16281.255255
16281.900201
16282.999847
16284.009232
16284.576353
16285.283403
16285.794079
16286.500910
16287.275953
16288.547993
16289.142661
16290.300118
16291.153173
16291.674285
16292.427676
16293.094661
16294.252621
16294.522264
16295.785765
16296.406399
16296.981652
16297.763559
16298.624480
16300.024545
