7087.186239
7088.172775
7089.062481
7090.042338
7090.994773
7091.867503
7092.676342
7093.502511
7094.688695
7095.085720
7095.725602
7096.634105
7098.543092
7099.105747
7100.148609
7100.374674
7101.805060
7102.326350
7103.038586
7104.510386
7104.853653
7105.840204
7107.089407
7107.734543
7108.776071
7110.001860
7110.890294
7111.196220
7112.280552
7112.700332
7113.874906
7115.004276
7115.666729
7117.412224
7117.750925
7118.533335
7119.283665
7120.250769
7121.421516
7122.205851
7122.716594
7123.681370
7124.489058
7125.915836
7127.035111
7127.569883
7128.564326
7129.114147
7130.329985
7130.710717
7131.460814
7132.874807
7134.003937
7134.723114
7135.384622
7136.640749
7137.288235
7138.467686
7139.026902
7139.857139
7140.793842
7141.546892
7142.172195
7143.971077
7144.642672
7145.706891
7146.385883
7147.152214
7147.421342
7149.102831
7149.690649
7150.675386
7151.241040
7152.673138
7153.629414
7154.183565
7155.223016
7156.483767
7157.069573
7157.560009
7158.479721
7159.230610
7160.332445
7161.815172
7162.637987
7163.137487
7164.371935
7164.711987
7166.042526
7166.532447
7167.595613
7168.643915
7169.192035
7170.161501
7171.135705
7172.806744
7173.355088
7173.622770
7174.907955
7175.547478
