41006.612089
41008.132424
41008.573895
41009.069653
41010.143482
41010.574609
41011.349214
41012.387502
41012.691198
41013.555880
41014.262043
41014.841940
41015.575296
41016.041376
41016.918302
41017.462587
41018.896241
41019.407357
41020.230160
41020.855624
41021.355930
41022.073457
41022.349041
41023.469739
41024.441449
41024.835061
41025.496151
41026.030169
41027.412532
41027.859566
41028.507274
41029.204579
41030.166932
41030.755150
41031.651318
41032.146948
41032.708204
41033.013869
41034.138016
41034.672883
41035.576310
41036.835196
41037.340051
41037.822236
41038.546003
41039.323908
41040.017669
41040.616181
41041.151349
41042.312858
41042.609906
41043.628395
41044.072903
41044.787215
41045.428731
41046.718108
41047.499188
41048.053672
41048.575663
41049.120912
41050.048150
41050.728787
41051.018137
41051.913948
41052.669262
41053.533862
41054.404543
41055.323064
41055.713718
41056.518325
41057.146439
41057.524915
41058.967418
41059.286979
41060.019039
41060.562251
41061.235555
41061.692001
41062.759789
41063.810799
41064.358563
41065.036109
41066.255693
41066.648483
41066.880151
41067.905124
41068.234841
41069.065980
41069.979058
41070.871436
41071.168202
41072.345938
41072.650588
41073.830932
41074.364488
41074.907223
41076.062830
41076.664547
41076.930302
41077.745166
