10304.177623
10304.529284
10305.204067
10306.937730
10307.953273
10308.506112
10309.271072
10309.714678
10311.049622
10311.700048
10312.484501
10313.269731
10314.328568
10314.814780
10315.932024
10316.918581
10317.840326
10318.860130
10319.532969
10320.288582
10320.871814
10321.530484
10322.490747
10323.604017
10324.594090
10325.222314
10326.597172
10327.060324
10327.864215
10328.494498
10329.573488
10330.818232
10331.143670
10331.590802
10332.775756
10333.466755
10335.083766
10335.780513
10336.509928
10337.207568
10338.145493
10338.612634
10339.597353
10340.449106
10341.180451
10342.294441
10343.612077
10343.819015
10344.579461
10345.969301
10346.775181
10347.374070
10348.272339
10348.784956
10349.677779
10350.770500
10351.048529
10352.910087
10353.606628
10354.296883
10355.179310
10355.685044
10356.546983
10357.309631
10358.684775
10359.127873
10359.828418
10360.687991
10362.022148
10362.813096
10363.569025
10364.467773
10365.310942
10366.294138
10366.560789
10367.405786
10368.050826
10369.616470
10370.396384
10371.402107
10372.007951
10373.050073
10373.339762
10374.634233
10375.603303
10375.808911
10377.120053
10377.686933
10378.499163
10379.528239
10380.567196
10381.856342
10382.465428
10382.944714
10383.419941
10384.755888
10385.252674
10386.273510
10387.004666
10388.197584
