45628.242035
45628.611756
45629.535718
45630.257022
45630.685809
45631.503301
45632.393040
45632.996359
45634.037786
45634.852512
45635.390776
45635.926095
45636.404449
45637.036578
45637.976785
45638.573731
45639.327444
45639.771705
45641.070498
45641.756832
45642.496335
45643.109925
45643.408832
45644.278801
45645.207480
45646.056426
45646.300232
45647.367269
45647.722080
45648.104504
45649.324387
45649.713238
45651.056678
45651.899978
45652.152207
45652.794787
45653.791739
45654.360209
45654.940505
45655.222826
45656.110389
45657.139401
45657.968753
45658.293197
45659.379881
45659.762079
45660.709361
45661.458948
45662.264517
45662.766683
45663.405781
45664.261217
45665.035652
45665.227283
45665.976313
45666.799232
45667.439818
45668.483006
45669.713743
45669.923754
45670.621914
45671.231495
45671.876169
45672.307898
45673.485587
45674.020821
45674.924171
45675.160563
45675.827589
45676.987943
45677.736967
45678.187531
45679.027505
45679.826580
45680.805780
45681.417265
45681.593965
45682.392832
45683.149964
45683.623361
45684.342363
45685.329426
45686.201767
45686.995316
45687.538051
45688.386040
45688.830357
45689.763314
45690.129042
45691.002237
45691.742281
45692.312058
45693.245419
45693.847629
45694.233811
45694.675567
45696.350932
45696.909914
45697.572614
45698.258587
