46898.319802
46899.008373
46899.574181
46900.193765
46901.101063
46901.911983
46902.308417
46903.586878
46904.231330
46904.774830
46905.071869
46905.934796
46906.800594
46907.429796
46907.619114
46908.652533
46909.344997
46910.710714
46911.193921
46911.922247
46912.294109
46912.803274
46913.903229
46914.457626
46915.220357
46915.933424
46916.501587
46917.128752
46917.829201
46918.451771
46919.448361
46920.348561
46920.884714
46921.849130
46922.234376
46923.281131
46923.645236
46923.981721
46924.793120
46925.452277
46926.457019
46927.293247
46927.844006
46928.476634
46929.441434
46930.212359
46930.724482
46931.323155
46932.013839
46932.977315
46933.595195
46934.298594
46934.505349
46935.541660
46936.074653
46936.576939
46938.200205
46938.830002
46939.084483
46940.198101
46940.592013
46940.906739
46941.921190
46942.579754
46943.452236
46943.851802
46944.477628
46945.565930
46946.305893
46946.936115
46947.557791
46948.142468
46949.403187
46949.760209
46950.690852
46951.071510
46951.654043
46952.272431
46953.061724
46953.835113
46954.201518
46955.685338
46956.224996
46956.823231
46957.810868
46958.096966
46958.871794
46959.501521
46960.010470
46960.933153
46961.913122
46962.428587
46962.895210
46963.349263
46964.422091
46965.357675
46966.204215
46966.687287
46967.597625
46967.909743
