1420.416526
1421.850567
1422.461310
1424.463045
1425.873469
1426.645979
1427.365671
1428.592305
1429.650477
1431.218313
1432.049740
1433.821940
1434.584942
1435.692907
1437.226721
1438.006284
1438.949552
1439.622793
1441.960987
1442.911059
1444.041930
1445.072278
1445.830084
1447.226227
1448.323853
1449.488771
1450.773561
1451.835297
1453.737596
1454.226011
1455.312091
1456.167797
1457.539001
1458.393777
1460.688270
1461.245443
1462.266123
1463.286891
1464.696903
1465.889557
1466.505621
1467.703989
1469.347649
1470.966589
1471.388764
1473.020132
1473.745649
1474.203221
1476.092127
1477.435191
1478.441395
1479.759918
1480.766879
1481.964684
1483.032959
1484.143580
1484.817883
1486.171349
1488.116337
1489.252466
1489.970892
1490.670693
1492.180090
1493.330835
1494.155368
1495.768832
1497.065505
1497.747360
1499.640824
1500.351951
1501.119324
1502.346063
1503.090933
1505.261529
1506.152986
1507.407505
1508.253031
1509.280419
1510.391797
1511.923005
1512.589764
1513.589765
1515.708343
1516.435989
1517.719806
1518.414791
1519.741009
1520.273622
1521.901909
1523.486047
1524.724892
1525.227837
1526.552311
1528.040930
1529.034456
1529.369975
1531.020742
1532.222326
1533.886977
1535.042277
