14041.666280
14042.644252
14043.677663
14043.963420
14044.681410
14045.372527
14046.389206
14047.544127
14047.960141
14048.597689
14049.455677
14050.453265
14051.441535
14052.354796
14053.232594
14053.846283
14054.754938
14055.144895
14056.310044
14056.755655
14057.211840
14058.853053
14059.717925
14060.417068
14061.141556
14061.869752
14062.761748
14063.805784
14064.272638
14065.014244
14066.035218
14066.687666
14067.346468
14068.019474
14069.723702
14070.134813
14071.262807
14071.858761
14072.580639
14072.835610
14074.164884
14074.625386
14075.942619
14076.390773
14077.166822
14078.535454
14079.206170
14079.788965
14080.512718
14081.697215
14082.633542
14083.017607
14083.602195
14084.434306
14085.141695
14086.337375
14087.495147
14088.276127
14088.854902
14089.766549
14090.338963
14091.154510
14091.883790
14092.826410
14093.600006
14094.432728
14095.254538
14096.109128
14096.685757
14098.377849
14098.717246
14099.406045
14100.127913
14100.945925
14101.812148
14102.229783
14103.241334
14104.034786
14105.588001
14106.260446
14106.515802
14107.657792
14108.227637
14109.016341
14110.148099
14110.853877
14111.558645
14111.979059
14112.904709
14114.202946
14114.930659
14115.891609
14116.718666
14117.368395
14118.522584
14118.644967
14119.156253
14120.360872
14121.520164
14122.026879
