32677.162830
32677.620538
32678.694804
32679.187055
32680.612650
32681.225013
32681.770236
32682.108883
32682.886187
32683.665845
32684.522219
32684.839458
32686.126885
32686.518622
32687.459356
32688.549473
32688.884903
32689.820481
32690.216501
32691.212101
32692.027211
32692.569819
32693.371311
32694.170611
32694.515577
32694.769273
32696.350086
32697.312384
32698.053602
32698.455045
32699.352584
32699.995827
32700.808136
32701.255864
32701.709953
32702.967401
32703.461740
32704.439278
32704.930183
32705.741081
32706.614053
32707.312680
32708.147517
32708.956623
32709.738956
32710.249185
32710.714525
32711.501600
32712.293512
32712.962894
32713.617542
32714.529483
32715.983926
32716.353450
32716.707917
32717.745802
32718.085229
32718.724248
32720.051593
32720.702296
32720.948967
32721.673020
32722.653788
32723.274083
32724.123444
32725.007957
32726.045850
32726.371984
32727.231415
32728.050858
32728.467785
32729.306623
32729.532670
32730.527398
32731.397444
32732.432531
32733.187442
32733.679961
32734.437100
32735.315071
32736.132323
32736.517128
32737.306391
32738.205448
32738.868648
32739.546902
32740.137027
32740.619389
32741.560331
32742.853389
32743.560626
32744.198903
32744.956377
32745.384707
32746.017326
32746.875968
32747.415667
32748.468192
32748.906949
32749.947241
