59751.054133
59751.996077
59752.179525
59752.722317
59753.357265
59754.792123
59755.531206
59756.085195
59756.814885
59757.178493
59757.799520
59759.052794
59759.109384
59759.742577
59760.744542
59761.232562
59762.211699
59762.580907
59763.217429
59764.072752
59765.112141
59765.299165
59766.489976
59767.281582
59767.589695
59768.157571
59768.836825
59769.407965
59770.171892
59770.601092
59771.896347
59772.156312
59772.972679
59774.111580
59774.732194
59775.158271
59775.617773
59776.312236
59777.108049
59778.146179
59778.620777
59779.113822
59779.619336
59780.541199
59780.826559
59781.956854
59782.847518
59783.527992
59784.296632
59784.799648
59785.499005
59785.992631
59786.772103
59787.359527
59787.769638
59788.710711
59789.333250
59790.306460
59791.080584
59791.653891
59792.027971
59792.983860
59793.778527
59794.583432
59794.889255
59795.868438
59796.154119
59797.112294
59797.518634
59798.258655
59799.020978
59799.227852
59801.110264
59801.254043
59802.104874
59802.540047
59803.454153
59803.757225
59804.446394
59804.964966
59806.209718
59806.647020
59807.201751
59807.825135
59808.487448
59809.635757
59810.123950
59810.802379
59811.562029
59812.143048
59813.080099
59813.736017
59814.292287
59814.621718
59815.135414
59816.006339
59816.855179
59817.532473
59818.559739
59819.296601
