397.918736
399.985119
401.839228
402.861917
404.236441
405.134387
407.581460
408.947245
410.513869
411.972267
413.262736
415.018809
415.455214
418.387705
419.861364
420.643827
422.076710
423.716579
425.069882
427.208825
428.127914
430.328745
431.301306
432.138641
433.889218
436.161006
437.581698
438.621738
439.918442
441.683199
442.904546
444.319336
446.860622
447.441704
449.148545
450.126945
451.403308
453.986737
454.974683
456.328426
457.903893
459.513415
460.087944
462.065367
464.057286
465.671539
466.570286
467.439046
469.536004
470.773655
472.799174
473.835232
475.600339
476.769015
478.075263
478.942181
481.830339
482.834782
483.851427
485.539148
486.528718
488.380567
489.661761
491.398821
493.314441
493.957997
495.358828
496.429696
498.580782
500.309084
501.604446
502.276270
504.499773
505.415231
506.464152
508.800700
510.264227
511.562289
512.623144
513.668985
515.435057
517.589668
518.234223
520.106310
521.525193
522.456696
523.960530
525.077385
527.903641
528.406213
529.806226
530.866917
532.688183
533.779630
535.664314
537.069759
538.428526
540.213166
540.631390
541.847437
