34871.715747
34872.392133
34873.438006
34873.785643
34874.719837
34875.181453
34876.406897
34876.937193
34877.181049
34878.270429
34878.810036
34879.670373
34880.042828
34880.854881
34882.323696
34883.087671
34883.437312
34884.296664
34884.518475
34885.412875
34886.224355
34886.908898
34887.629841
34888.427813
34888.879855
34890.067305
34890.652942
34891.393297
34892.123137
34892.939644
34893.656923
34894.482646
34895.013531
34895.897515
34896.247279
34896.641208
34897.614576
34898.774091
34899.422463
34900.521421
34900.859118
34901.545153
34902.620319
34903.082564
34903.390072
34904.243704
34905.438310
34905.997137
34906.514417
34907.117385
34907.963995
34908.848614
34909.678046
34910.602777
34911.397900
34911.761777
34912.458976
34913.194702
34913.826707
34914.502683
34915.105571
34916.193082
34916.491065
34918.065023
34918.740729
34918.903630
34919.733411
34920.354657
34921.279055
34922.362966
34922.708863
34923.131749
34924.049966
34924.727533
34925.389001
34926.131251
34927.252541
34927.990675
34928.814499
34929.518150
34929.943826
34930.759589
34931.227514
34931.943334
34932.662559
34933.610104
34934.456707
34935.147502
34935.534878
34936.655042
34937.607431
34937.934606
34938.795504
34939.446855
34940.339220
34940.964492
34941.500820
34942.398207
34942.678827
34943.241982
