56103.543768
56103.891087
56104.587791
56105.333497
56106.200243
56106.730912
56107.315019
56107.940744
56108.575026
56109.367256
56109.974541
56110.480212
56111.938064
56112.647718
56113.002941
56113.839084
56114.213900
56114.788916
56115.438178
56116.353253
56117.196453
56117.635324
56118.032782
56119.184635
56120.005944
56120.458611
56121.296262
56121.834006
56122.796008
56123.243569
56124.437301
56124.480472
56125.304459
56125.931676
56126.345972
56127.136491
56127.839274
56129.163696
56129.689236
56130.377045
56130.767673
56131.755698
56132.426096
56132.781110
56133.537756
56134.022612
56135.173629
56135.748473
56136.435014
56136.689754
56137.698246
56138.290019
56139.508933
56139.967481
56140.686960
56141.552491
56141.911034
56142.369873
56143.406267
56143.830152
56144.305837
56145.192175
56146.062795
56146.641936
56147.708974
56148.617959
56148.960326
56149.190657
56150.035804
56150.972829
56151.815690
56152.465557
56152.735735
56153.545047
56154.094561
56154.841701
56155.618801
56156.498749
56157.169527
56158.048802
56158.886324
56159.326493
56159.820637
56160.348752
56161.296356
56161.746507
56162.214669
56163.527623
56164.034575
56164.526951
56165.611783
56165.962197
56166.904813
56167.599884
56168.254098
56168.938925
56169.490078
56170.271720
56170.945808
56171.705100
