2090.447550
2091.221580
2092.473218
2094.335917
2095.138256
2096.346529
2097.371606
2097.951922
2099.311651
2100.593745
2101.135489
2102.535100
2103.390454
2105.372206
2105.994704
2107.172362
2107.617911
2108.938384
2109.963143
2110.822371
2112.907087
2113.483966
2114.396137
2115.506602
2116.900056
2117.722399
2118.618646
2119.456428
2120.691562
2122.465151
2123.344042
2124.370368
2125.512400
2125.958784
2126.975711
2128.752290
2129.406080
2130.555102
2132.080620
2132.798516
2134.154933
2134.950772
2136.086897
2136.967470
2137.509940
2139.380759
2140.949362
2141.710035
2142.355043
2143.374444
2144.895337
2145.505753
2146.625894
2147.785367
2149.151849
2149.910639
2151.776885
2152.390226
2153.011964
2154.263623
2154.935345
2156.394727
2157.856489
2158.878072
2159.902286
2160.853062
2161.692172
2163.107122
2164.049720
2165.011437
2165.503949
2167.693444
2168.890615
2169.263829
2170.787074
2171.396361
2172.250962
2173.528296
2174.745020
2176.204119
2176.939451
2178.004209
2179.232185
2180.495318
2181.252367
2181.725783
2183.330584
2184.103190
2185.965528
2187.085690
2187.798455
2188.558763
2189.497072
2191.093363
2191.778017
2192.826770
2194.231530
2195.231687
2196.715977
2197.258747
