48936.547262
48937.237091
48937.981010
48938.250920
48939.147284
48940.176671
48941.073380
48941.894452
48942.401197
48942.750925
48943.402794
48944.363884
48945.316719
48945.722078
48946.227478
48947.080129
48947.614712
48948.543658
48948.902300
48949.921089
48950.708967
48951.692362
48952.348144
48952.705185
48953.660336
48954.027221
48954.603480
48955.287845
48956.028984
48957.013013
48957.573641
48958.378057
48959.079788
48959.725471
48960.808821
48961.121623
48962.004551
48962.221194
48963.546436
48964.085099
48964.542607
48965.347972
48965.654983
48966.343160
48967.333047
48968.569299
48969.117243
48969.868288
48970.088647
48971.206100
48971.575860
48972.432487
48972.583756
48974.053274
48974.406930
48974.723785
48975.956810
48976.680849
48977.217175
48978.054001
48978.505848
48979.653853
48980.439897
48980.873575
48981.481523
48982.030398
48982.552830
48983.644663
48983.952706
48984.822724
48985.582880
48986.771490
48987.388837
48988.014815
48988.316258
48989.410018
48989.582369
48990.487670
48991.521698
48991.872512
48992.747059
48993.344032
48993.731178
48994.537397
48995.723711
48996.428444
48997.035650
48997.882030
48998.266801
48999.044046
48999.856763
49000.367817
49000.908130
49001.190939
49002.494446
49003.397296
49004.095966
49004.493849
49005.699642
49005.940058
