22097.243135
22097.736658
22098.276544
22099.607891
22100.607599
22101.333617
22102.072849
22102.548939
22103.467034
22103.794500
22104.951880
22105.994520
22106.497793
22106.792188
22107.677508
22108.832757
22109.567093
22110.443481
22111.283398
22111.969110
22112.908489
22113.503792
22114.013065
22114.412028
22115.473739
22116.570468
22116.976816
22118.309586
22118.829121
22119.719218
22120.179056
22121.258676
22121.865654
22122.602708
22123.495476
22123.996176
22124.904984
22125.542701
22126.079891
22126.983108
22128.560504
22129.193049
22129.754867
22130.024761
22131.176956
22131.706171
22132.549908
22133.201145
22134.078548
22134.752560
22135.832307
22136.448527
22137.360964
22138.194091
22138.509407
22140.010472
22140.329778
22141.110669
22141.912525
22142.368526
22142.903845
22143.915993
22145.107173
22145.913996
22146.484488
22147.588921
22148.267226
22148.657666
22149.316412
22150.093042
22151.268797
22151.755345
22152.652012
22153.271526
22153.715933
22155.327306
22155.603057
22156.667855
22157.591662
22158.152914
22158.569884
22159.459377
22160.433800
22160.657200
22161.544446
22162.414908
22163.984525
22164.201808
22165.129006
22165.657809
22166.225559
22167.390963
22168.234265
22168.716042
22169.341498
22170.237865
22170.901657
22171.728281
22172.361290
22173.754201
