30464.927591
30465.650322
30467.210010
30467.703347
30468.396228
30469.343353
30469.637679
30470.144341
30471.159736
30472.112332
30472.751230
30473.061780
30474.084921
30474.775757
30475.796795
30476.269722
30477.120030
30478.004789
30479.132740
30479.396007
30480.245901
30480.459650
30481.475178
30482.005918
30482.914407
30483.595388
30484.670064
30485.476394
30486.238239
30486.720428
30487.656308
30488.241712
30488.750980
30489.781288
30490.453443
30491.414970
30491.751748
30492.362284
30492.954061
30494.297474
30495.175264
30496.071461
30496.545210
30496.812676
30498.233795
30498.493382
30499.212212
30499.586373
30500.761438
30501.598053
30502.127616
30503.374618
30503.793509
30504.571135
30505.134244
30506.115239
30506.931969
30507.785458
30507.966691
30508.984067
30509.344912
30510.173218
30511.152600
30511.746671
30512.752282
30513.988349
30514.435608
30514.774565
30515.595767
30516.253795
30516.743432
30518.077595
30518.535538
30519.113646
30520.032708
30520.576763
30521.762817
30522.275547
30523.117784
30523.974842
30524.649123
30525.249259
30526.125381
30526.549593
30527.461363
30527.790959
30528.400520
30530.020176
30530.726763
30531.407324
30531.738038
30532.838871
30533.375367
30534.106022
30534.802498
30535.648765
30536.160331
30537.187759
30537.666962
30538.446279
