65348.202527
65348.908250
65349.676145
65350.187840
65350.613812
65351.459054
65351.944777
65352.302073
65353.634527
65354.148907
65354.651494
65355.187284
65355.960955
65356.887087
65357.729723
65358.100657
65358.880419
65359.563700
65360.483843
65361.130044
65361.576596
65362.119242
65362.626499
65363.236470
65364.155351
65364.907009
65365.573046
65366.805442
65367.139441
65367.608811
65368.386975
65369.180762
65369.730913
65370.110122
65371.244362
65371.621217
65372.518180
65372.859868
65373.879639
65374.233035
65374.765478
65376.027684
65376.915622
65377.539953
65378.031770
65378.226579
65379.300609
65379.985380
65380.324273
65381.085357
65381.737088
65382.425601
65383.328945
65384.173065
65384.828755
65385.524710
65385.856760
65386.800750
65387.217009
65388.267754
65388.797668
65389.551970
65390.037575
65390.458987
65391.187050
65391.829412
65392.839544
65393.708402
65394.288366
65394.895993
65396.070429
65396.215885
65396.906017
65397.256897
65398.114152
65398.662054
65399.625934
65400.467241
65400.772069
65401.500001
65402.219412
65403.293021
65403.763750
65404.187750
65405.307211
65406.047941
65406.187437
65407.161491
65407.575910
65408.433508
65408.930036
65409.540183
65409.919109
65411.659498
65411.987256
65412.709219
65413.528378
65413.699098
65414.307315
65415.200033
