56931.389636
56931.990002
56932.710798
56933.485001
56933.575628
56934.536893
56935.816509
56936.468888
56937.345810
56937.703043
56937.996645
56938.819215
56939.902152
56940.389976
56940.865159
56941.735004
56942.509646
56942.805453
56943.660123
56944.339779
56945.351773
56945.759056
56946.940579
56947.403394
56948.089203
56948.828669
56949.178934
56949.908164
56950.435481
56950.993949
56952.079607
56953.051805
56953.276430
56954.012873
56955.277080
56955.590523
56956.230614
56956.833864
56957.606653
56958.204528
56959.336282
56959.546823
56960.391337
56960.618754
56961.526999
56962.048820
56963.327615
56964.095068
56964.743343
56965.373749
56965.872150
56966.600676
56967.079887
56967.842326
56968.556865
56969.260312
56969.778608
56970.524530
56971.617905
56972.224197
56972.610677
56973.523115
56974.002585
56975.209848
56975.661787
56976.428515
56976.718758
56977.533915
56977.917851
56979.125714
56979.291842
56979.971265
56981.246823
56982.184629
56982.474224
56983.192037
56983.973892
56984.462294
56985.163411
56985.382826
56986.805382
56987.303834
56987.764950
56988.585753
56989.141830
56989.640402
56990.985894
56991.500025
56992.337795
56992.724522
56993.510019
56994.446770
56994.724065
56995.621208
56995.897628
56996.324788
56997.634408
56998.088447
56999.289332
56999.788654
