29575.199215
29576.043316
29576.376350
29577.515385
29578.272719
29578.798689
29579.832290
29581.009014
29581.416809
29582.127187
29582.518865
29583.288623
29583.941924
29584.950901
29585.378352
29586.367336
29587.317102
29587.972642
29588.868618
29589.568179
29590.023686
29590.841750
29591.671030
29592.657347
29592.859955
29594.124192
29594.356656
29594.762167
29595.770359
29597.277517
29597.933283
29598.374379
29598.983452
29600.186497
29600.517985
29600.958890
29602.007303
29602.493409
29603.347485
29604.540031
29604.820213
29605.696926
29606.572222
29607.372240
29607.850597
29609.030160
29609.641899
29610.276926
29610.777279
29611.436913
29612.257304
29613.071689
29613.561986
29614.725081
29615.746914
29616.542515
29616.967944
29617.698193
29618.128689
29618.822183
29620.171209
29620.523097
29621.269210
29621.927199
29622.533347
29623.630587
29624.391317
29625.014035
29626.224964
29626.619156
29627.329082
29628.103587
29628.913319
29629.218401
29629.956187
29630.557778
29631.844989
29632.614419
29633.498609
29634.226641
29634.390125
29635.653549
29636.327737
29636.926882
29637.447547
29638.610627
29639.100806
29639.894951
29640.303358
29641.103945
29642.136065
29643.184082
29644.026712
29644.549644
29645.148294
29645.748081
29646.572047
29647.103771
29647.818283
29649.034110
