60573.638560
60574.612686
60574.923765
60575.644983
60576.134280
60576.703499
60577.297896
60578.585373
60579.125069
60579.835743
60580.668421
60580.924291
60582.133753
60582.642983
60582.905363
60583.986225
60584.624181
60585.249882
60585.902559
60586.416447
60587.077597
60587.968133
60588.184661
60589.663480
60590.340901
60591.060687
60591.420753
60592.256813
60592.750886
60593.046204
60594.027299
60595.040846
60595.382999
60595.924559
60596.681547
60597.853196
60598.296862
60599.056317
60599.549553
60600.241994
60601.192929
60601.875017
60602.687727
60602.811387
60603.549936
60604.356608
60604.666369
60605.622779
60606.333421
60607.495362
60608.200018
60608.550356
60609.160334
60610.210481
60610.573664
60611.021496
60611.841776
60612.496480
60613.327444
60614.236537
60614.552438
60615.085606
60615.814334
60617.011526
60617.437103
60618.474462
60619.041761
60619.390793
60620.121810
60621.007898
60621.422077
60622.187754
60622.328085
60623.482388
60624.240510
60625.080071
60625.930782
60626.554779
60627.194157
60627.508183
60628.183598
60629.152036
60630.075888
60630.350193
60631.048584
60631.718097
60632.191968
60632.957909
60633.895620
60634.780999
60634.980741
60636.374026
60636.898585
60637.480034
60637.841488
60638.593525
60639.111136
60639.813094
60640.611057
60641.340863
