25604.169711
25604.934661
25606.124868
25606.858722
25607.284206
25608.282097
25609.206050
25609.657388
25610.762431
25611.476953
25612.399922
25612.615401
25613.334834
25614.348543
25614.720456
25615.500204
25616.666428
25617.305731
25618.599518
25619.055421
25619.886144
25620.115841
25620.729090
25622.059623
25622.698379
25623.349230
25624.064253
25624.596251
25625.440413
25626.702645
25627.023013
25628.160986
25628.905309
25629.603056
25630.239644
25630.941132
25631.579856
25632.122718
25632.942428
25633.731433
25635.185181
25635.484625
25636.378529
25636.891036
25637.857134
25638.740464
25639.063964
25640.172448
25640.555408
25641.682057
25642.132555
25642.789335
25643.445533
25644.438762
25645.920601
25646.474401
25646.603255
25647.730894
25648.444945
25648.813942
25649.495002
25650.721349
25651.243741
25651.885761
25652.793475
25653.863494
25654.504149
25655.225887
25655.686960
25656.758892
25657.626164
25658.402743
25658.887887
25659.299320
25659.958032
25661.161641
25661.693760
25662.967773
25663.640659
25664.518432
25664.936557
25665.879381
25666.310744
25666.984762
25667.934600
25668.703671
25669.445727
25670.217629
25670.849846
25671.624339
25672.536967
25673.466461
25674.519041
25674.789102
25675.452725
25676.146534
25677.246175
25677.546028
25678.280192
25678.799201
