3633.440157
3634.056193
3635.673633
3636.439638
3637.540657
3638.553707
3639.679806
3640.362976
3641.010538
3641.707123
3643.479573
3644.403358
3645.632116
3646.450894
3647.284261
3648.158454
3649.166164
3650.302043
3651.253106
3651.783523
3653.088326
3654.211437
3655.905726
3656.334529
3656.892829
3658.129372
3658.921689
3659.907500
3660.735665
3662.368949
3663.448288
3664.002007
3664.878137
3666.237025
3667.307339
3667.735638
3669.030191
3669.423746
3670.731997
3672.349351
3673.159176
3674.087608
3675.262610
3675.662484
3676.368938
3677.893295
3678.847783
3679.818311
3680.583983
3682.418731
3682.571730
3683.971024
3684.859893
3685.974442
3686.271337
3687.538413
3688.177027
3690.184258
3691.039162
3691.756939
3692.647653
3693.370984
3694.791126
3695.672790
3696.121982
3697.585963
3698.547362
3699.430292
3700.838316
3702.050756
3702.460155
3703.347476
3704.209894
3705.129228
3706.294721
3707.579055
3708.658452
3709.582271
3710.371491
3711.404818
3712.170139
3713.583581
3714.424676
3714.739333
3715.846459
3717.751095
3718.498355
3719.483495
3720.182048
3721.296040
3722.058836
3722.627320
3724.388127
3724.882319
3726.517718
3727.105295
3727.938465
3729.472791
3730.187320
3731.075159
