52011.314066
52012.026069
52012.664790
52013.700264
52014.224844
52014.769895
52015.631521
52016.483819
52017.107777
52017.787181
52018.384836
52019.324603
52019.409608
52019.807543
52021.195995
52021.671375
52022.601393
52023.581106
52023.957456
52024.864866
52025.664330
52025.794289
52026.699108
52026.990776
52028.420896
52028.702666
52029.715007
52029.947238
52030.449191
52031.642668
52032.362658
52033.031178
52034.030379
52034.624392
52035.038494
52035.850300
52036.455970
52036.993731
52037.770858
52038.329414
52038.891858
52039.911099
52041.074244
52041.463605
52042.207340
52042.665794
52043.340719
52044.072118
52045.179718
52045.630280
52046.027400
52046.680058
52047.729376
52048.131015
52048.720646
52049.472407
52050.619619
52051.338388
52052.032621
52052.763270
52053.205022
52053.948283
52054.258919
52055.086086
52055.891585
52056.483432
52057.577219
52057.929127
52058.609019
52059.482611
52060.519948
52060.889448
52061.513214
52062.125053
52063.135718
52063.865750
52064.305181
52064.847446
52065.613666
52065.959193
52066.728849
52068.300057
52068.523123
52069.445042
52070.096858
52070.646090
52071.223532
52072.118061
52072.385184
52073.323355
52074.243069
52074.477862
52075.408332
52076.077798
52076.977415
52077.558565
52077.992899
52079.256102
52079.947873
52080.566234
