33337.311936
33337.785781
33338.691331
33339.394769
33340.211734
33341.212857
33341.658289
33342.303628
33343.449825
33343.855380
33344.781531
33345.471506
33345.934310
33346.479626
33347.239002
33347.867065
33349.369278
33349.924441
33350.606433
33351.150874
33352.356400
33352.753823
33353.034376
33354.008445
33354.754651
33355.838023
33356.106161
33357.073876
33357.549068
33358.292352
33359.474107
33360.204135
33360.829488
33361.776217
33362.271700
33362.825185
33363.428231
33364.295233
33364.940423
33365.700644
33366.209693
33367.719780
33368.219983
33369.105993
33369.429989
33370.098968
33370.849542
33371.899471
33372.713023
33373.208050
33373.439510
33374.537776
33375.317246
33375.773460
33376.889978
33377.850785
33378.493671
33379.318026
33379.913678
33380.341544
33381.349845
33381.709871
33382.219624
33383.506741
33384.256982
33384.726727
33385.798254
33386.248739
33387.207133
33388.115713
33388.460781
33389.481048
33389.837756
33390.949841
33391.513463
33392.187104
33392.440977
33393.235472
33394.539331
33395.456164
33396.158026
33396.945369
33397.258643
33397.935972
33398.876891
33399.432979
33400.063064
33401.180577
33401.689151
33402.063662
33403.263908
33404.099652
33404.793564
33405.097693
33406.420652
33407.251530
33407.858460
33408.103864
33408.911458
33409.623753
