5169.070194
5170.291516
5171.235927
5171.585481
5172.801688
5173.675024
5174.359901
5175.093122
5177.237132
5177.609630
5178.752194
5179.202606
5180.106626
5181.189792
5182.130914
5182.998826
5183.950307
5184.685795
5186.355746
5186.709472
5187.887847
5189.076719
5189.859588
5190.355291
5191.126801
5192.046486
5193.404415
5194.707488
5195.159163
5196.707324
5197.117498
5197.718324
5199.223858
5199.776329
5200.961311
5201.555843
5202.457989
5203.521216
5205.099606
5205.900595
5206.633161
5207.215066
5208.288522
5209.138239
5210.010911
5210.808218
5212.419404
5213.316674
5213.896943
5214.775252
5216.054491
5216.932009
5217.650795
5218.691413
5219.057877
5220.220855
5221.422951
5222.858787
5223.434428
5224.457463
5225.256065
5226.148424
5226.351540
5228.183098
5229.198557
5229.241811
5230.897209
5231.815083
5232.884620
5233.658115
5234.640289
5235.574735
5236.300461
5236.957439
5237.801695
5239.192789
5240.607636
5241.502825
5241.822720
5242.792985
5243.882548
5244.845451
5245.755732
5246.279250
5247.610320
5248.441539
5249.366336
5250.675238
5251.798558
5252.522037
5252.890575
5253.944070
5254.912630
5255.613164
5257.081180
5257.924941
5259.108320
5259.771904
5260.959190
5261.180476
