70152.742977
70153.124145
70153.762071
70154.390397
70155.221100
70155.771845
70156.175140
70156.821088
70157.454316
70158.502290
70159.278753
70159.582018
70160.066174
70160.947977
70161.848919
70162.559082
70163.187977
70164.081547
70164.505866
70165.099759
70165.891594
70166.427663
70166.862523
70167.679479
70168.248011
70168.869387
70169.921836
70170.909578
70171.334040
70171.986910
70172.770022
70172.907564
70173.610547
70174.888405
70175.423124
70175.789197
70176.264007
70177.329973
70177.577165
70178.661111
70179.049921
70179.973065
70180.909570
70181.402758
70182.370850
70182.733435
70183.438910
70183.585978
70184.651293
70185.041158
70185.913669
70186.521704
70187.454273
70188.232029
70188.553847
70189.471090
70190.235614
70190.889060
70191.335068
70192.035407
70192.848926
70193.497578
70194.098985
70194.834334
70195.214140
70195.812308
70196.262273
70197.911016
70198.360393
70199.060373
70199.668856
70200.064450
70201.007991
70201.513822
70201.953105
70202.797130
70203.365989
70204.298309
70204.798644
70205.304170
70206.421011
70207.087523
70207.401692
70208.291895
70208.969508
70209.989344
70210.430576
70211.020075
70211.602813
70211.911753
70212.880413
70213.379795
70214.236165
70214.963385
70215.575117
70216.791638
70217.468901
70217.665829
70218.199357
70219.042486
