60436.708105
60437.600489
60437.968068
60438.598668
60439.142945
60439.986129
60440.463953
60441.358224
60442.060162
60442.769748
60443.517232
60444.015167
60444.627703
60445.884426
60446.395454
60446.851806
60447.698366
60448.314799
60448.771853
60449.529047
60450.405137
60450.707659
60451.050764
60452.382981
60453.520013
60453.884120
60454.544252
60455.141115
60455.935710
60456.162913
60457.167760
60457.719381
60458.744661
60459.220764
60459.627200
60460.346469
60461.069637
60462.174331
60462.533457
60463.474544
60464.041572
60464.976713
60465.722744
60465.955565
60466.856121
60467.006954
60467.777287
60468.614136
60469.549321
60470.201045
60470.706685
60471.791108
60472.518619
60472.886748
60473.460257
60474.441183
60474.851067
60475.820978
60476.183251
60477.079010
60477.757857
60478.111877
60478.673702
60479.618915
60480.430344
60481.684509
60482.146486
60482.575426
60483.065388
60483.722859
60484.655905
60485.344066
60485.506084
60486.500374
60487.086680
60488.047835
60488.702942
60489.415793
60490.166806
60490.687328
60491.257834
60492.383487
60493.054345
60493.328939
60494.217070
60494.865781
60495.188398
60495.907710
60496.626455
60497.485696
60498.525145
60498.978148
60499.923962
60500.405182
60501.225115
60501.853198
60501.978495
60502.647437
60504.001557
60504.412632
