39286.293982
39287.147441
39287.928312
39288.050664
39288.898612
39289.763416
39290.485562
39291.192545
39291.808381
39292.496743
39293.220149
39293.871908
39294.658746
39295.124149
39296.065670
39297.265095
39297.984613
39298.370834
39299.160811
39299.795059
39300.348669
39301.021842
39301.480333
39302.921906
39303.316051
39303.652336
39305.047660
39305.530071
39306.488506
39306.923635
39307.719246
39308.186636
39309.363216
39310.066100
39310.546158
39310.955862
39311.654909
39312.311616
39313.416719
39314.287030
39315.158477
39315.840062
39316.337375
39316.994793
39317.859495
39318.248367
39318.997977
39319.777646
39320.665278
39321.094811
39322.078845
39322.796830
39323.429596
39324.038670
39325.174363
39325.836660
39326.771297
39327.109251
39327.378068
39328.490149
39329.265440
39329.754884
39330.140492
39331.339118
39332.301185
39333.310784
39333.573374
39334.339539
39335.048049
39335.382999
39336.435284
39337.267992
39337.796273
39338.563377
39339.220300
39339.712611
39340.379829
39341.800456
39342.221271
39343.083561
39343.561945
39344.811049
39345.059555
39345.622872
39346.368990
39346.876514
39347.530259
39348.714142
39349.483913
39350.081598
39350.746123
39351.878670
39352.172012
39352.939073
39353.629194
39354.535923
39355.178068
39355.714607
39356.461558
39357.156364
