31205.013521
31205.488588
31206.134014
31206.774825
31207.047020
31208.122695
31208.873279
31209.676991
31210.808308
31211.634683
31212.049141
31212.788336
31213.562304
31214.158071
31214.661417
31215.596677
31216.431508
31217.270891
31217.661177
31218.558216
31219.373955
31219.900996
31221.440887
31221.723932
31222.408653
31222.902884
31223.950918
31224.672569
31224.867606
31225.951520
31226.205635
31227.505070
31228.590048
31229.382583
31229.567048
31230.625167
31231.028328
31231.861168
31232.760779
31233.402035
31234.263560
31234.735056
31235.305270
31236.078376
31237.252302
31237.752739
31238.739829
31239.529890
31240.305424
31241.093229
31241.502845
31241.823106
31242.736648
31243.646506
31244.383858
31245.283238
31245.868794
31246.664951
31247.966084
31248.090553
31248.719698
31249.706619
31250.631923
31251.048201
31251.860617
31252.509865
31253.252427
31253.836642
31254.208334
31255.893859
31256.684523
31257.242090
31257.881327
31258.388444
31259.244495
31259.838397
31260.901508
31261.146199
31261.883920
31263.089416
31263.624083
31264.380771
31265.129653
31265.927419
31266.661057
31267.659278
31268.307471
31268.802985
31269.635465
31269.999870
31270.897807
31271.432958
31272.367096
31273.442504
31274.091984
31275.004082
31275.719807
31276.299470
31276.928211
31277.418114
