49006.618492
49007.525745
49008.288235
49008.751668
49009.665923
49009.983036
49011.032852
49011.240305
49012.085163
49012.947903
49013.859260
49014.645947
49015.611198
49016.089601
49016.477022
49017.008904
49017.658341
49018.755934
49019.145783
49020.088361
49020.621131
49021.192933
49022.251289
49023.225043
49023.486326
49024.107234
49025.055345
49025.845938
49026.490058
49027.172160
49027.630953
49028.357919
49028.776930
49029.718333
49030.131172
49031.727858
49032.380170
49032.520964
49033.461744
49034.186926
49034.754043
49035.610488
49035.849484
49036.714699
49037.579033
49038.404509
49038.813139
49039.514035
49040.388451
49040.759296
49042.373182
49042.532206
49043.321595
49043.878442
49044.730400
49045.299351
49045.683026
49046.458116
49047.292124
49047.832178
49048.677298
49049.789244
49050.402648
49051.118283
49051.580511
49052.336228
49052.675458
49053.752406
49054.726867
49055.111365
49055.740584
49056.075911
49056.919579
49057.997856
49058.454344
49059.412457
49060.305847
49060.832632
49061.693428
49062.222494
49062.655863
49063.335543
49064.039866
49064.592883
49065.726459
49066.181813
49067.041725
49067.917897
49068.306712
49069.231666
49069.858337
49070.595712
49071.459529
49071.957258
49072.357375
49073.433038
49074.152668
49074.517666
49074.839316
49075.830456
