28606.877752
28608.505552
28609.603312
28609.896325
28610.479733
28611.086516
28612.065442
28612.709605
28613.522076
28614.199085
28615.080891
28615.366197
28616.366295
28617.102938
28617.974263
28618.796628
28619.766765
28620.477598
28620.923307
28621.895874
28622.476779
28622.856484
28623.342992
28625.050079
28625.118999
28626.217901
28626.923557
28627.930138
28628.509795
28629.203429
28629.915604
28630.455457
28631.601639
28632.288364
28632.729523
28633.645672
28633.777970
28634.914106
28635.951914
28636.940197
28637.765597
28638.251426
28638.742807
28639.516985
28640.433571
28640.779724
28641.855325
28642.374222
28643.096646
28644.238979
28645.068100
28645.363489
28646.476286
28646.827060
28648.232369
28648.937226
28649.092063
28649.806072
28650.783989
28651.265306
28652.151049
28652.554047
28654.209734
28654.519891
28655.632210
28656.073135
28656.879109
28657.476802
28657.864969
28658.974926
28659.794581
28660.482641
28661.187275
28661.812886
28662.276104
28663.773542
28664.462690
28664.993159
28665.725494
28666.744806
28667.225387
28667.871892
28668.577175
28669.043825
28669.805307
28670.910843
28671.948920
28672.528712
28673.288253
28674.040314
28674.555833
28675.305648
28676.263087
28677.082418
28677.422956
28678.381787
28678.768019
28679.896414
28680.424953
28681.131925
