15739.752582
15740.508439
15741.554614
15742.135243
15742.645393
15743.288460
15744.062526
15745.556500
15746.482029
15747.129761
15747.625098
15748.730615
15749.492662
15749.650550
15751.048050
15751.716697
15752.348520
15753.260408
15753.984351
15755.146294
15755.423993
15756.952958
15757.706529
15758.244337
15758.961302
15759.691838
15760.103299
15761.337161
15762.195668
15762.462985
15764.150100
15764.893209
15765.454613
15766.169097
15766.875764
15767.732959
15768.816822
15769.431957
15770.053099
15770.879767
15771.353711
15772.449490
15773.663081
15774.602396
15775.186080
15775.714086
15776.895596
15777.382076
15778.018371
15778.560581
15779.728469
15780.782680
15781.517000
15782.079974
15783.219684
15783.853247
15784.759346
15785.593319
15786.355886
15786.939168
15787.844362
15788.539437
15789.053738
15789.935176
15791.300863
15792.060273
15793.157503
15793.704709
15794.071600
15794.748136
15795.869518
15796.758198
15797.415327
15798.171706
15798.760512
15800.016934
15800.849974
15801.486968
15802.247277
15803.594150
15804.118317
15804.507023
15805.403705
15806.105722
15806.756389
15807.603267
15809.183223
15809.469659
15810.663979
15811.075830
15811.978179
15812.774055
15813.491924
15814.121620
15815.337030
15815.784465
15816.760499
15817.144223
15818.049532
15819.704320
