21248.661037
21249.900465
21250.365254
21251.276856
21251.519673
21252.382881
21253.694302
21254.279837
21254.813203
21255.267354
21256.359594
21257.256309
21258.219239
21259.171750
21259.806962
21260.291334
21261.238348
21261.921061
21262.337683
21263.315413
21263.946970
21264.837961
21266.064016
21266.846305
21267.346443
21267.937730
21268.802547
21269.965045
21270.482072
21271.198543
21271.683883
21272.702454
21273.395564
21273.903117
21274.868821
21276.251130
21276.728841
21277.839758
21278.195321
21278.675979
21279.705925
21280.163116
21281.052274
21282.166741
21282.654650
21283.470840
21284.145625
21285.418902
21286.115819
21286.468041
21287.450378
21288.508315
21289.004284
21289.644678
21290.516874
21290.812333
21291.510221
21293.210221
21293.726298
21294.537148
21295.457781
21295.849968
21296.762598
21297.243073
21298.256261
21299.013967
21299.628496
21300.502225
21301.182664
21302.222835
21302.579935
21303.819204
21304.641708
21305.748304
21306.017681
21306.497373
21307.279066
21308.368429
21308.681271
21309.753150
21310.317364
21311.649196
21312.678218
21312.854320
21313.613154
21314.552962
21315.073495
21316.129090
21316.940531
21317.558586
21318.115802
21318.768195
21319.621217
21320.702910
21321.863258
21322.462875
21322.878618
21323.881417
21324.943978
21324.995623
