54304.573092
54304.752736
54305.783280
54306.074250
54307.052063
54307.666493
54308.665616
54309.240581
54309.844746
54310.549318
54311.399458
54311.930740
54312.450963
54313.011268
54313.832155
54314.539147
54314.847010
54316.412131
54317.092157
54317.642800
54318.234742
54318.722435
54319.427855
54320.040320
54321.033825
54321.697698
54322.213462
54322.660246
54323.522099
54324.544436
54324.819641
54325.837009
54326.333504
54327.506796
54328.165066
54328.533958
54329.255644
54329.867973
54330.494100
54330.890440
54331.841069
54332.530834
54333.397780
54334.358257
54334.669583
54335.634400
54336.342811
54336.805190
54337.525919
54338.144791
54338.972133
54339.508606
54340.704652
54340.938657
54341.225316
54341.880128
54343.070980
54344.067955
54344.728311
54345.308305
54346.176355
54346.334662
54347.272838
54348.016080
54348.362806
54349.034146
54349.960849
54350.603582
54351.409842
54352.074739
54352.952817
54353.770669
54353.970987
54354.618546
54356.046884
54356.572813
54356.701346
54357.580670
54358.198498
54358.721706
54359.657269
54360.104009
54361.065067
54361.860666
54362.978748
54363.387303
54363.939582
54364.697124
54364.940731
54365.772298
54366.660492
54367.340929
54367.969362
54368.819654
54369.054935
54370.121439
54370.673908
54371.645627
54372.451082
54372.999149
