20162.581237
20163.734449
20164.229138
20164.901218
20166.118847
20166.491169
20167.126935
20168.340497
20169.145436
20169.845919
20170.393299
20171.515574
20172.485192
20173.130239
20173.634759
20174.380269
20175.142279
20175.671470
20176.572208
20177.462924
20178.640282
20179.362189
20180.078207
20180.859471
20181.512191
20182.144444
20182.737705
20183.985962
20184.612199
20185.454931
20185.880753
20186.383170
20188.036192
20188.593932
20189.427763
20190.288669
20190.854031
20191.622417
20192.507878
20192.780592
20193.654355
20194.353427
20195.835111
20196.073384
20197.490463
20197.842358
20198.589628
20199.137650
20200.460874
20201.100843
20201.588442
20202.344852
20203.048844
20204.149006
20204.335200
20205.558165
20206.559564
20207.612833
20208.335534
20208.648117
20209.270994
20210.069803
20211.031707
20211.607390
20212.632992
20213.252415
20214.069794
20215.096166
20215.814190
20216.494530
20217.504361
20217.948534
20218.985716
20219.763852
20220.421958
20220.706745
20221.732501
20222.164348
20224.037077
20224.493230
20225.071729
20225.922456
20226.700618
20227.513720
20227.952632
20228.652511
20229.892738
20230.434528
20231.047168
20232.011450
20232.806371
20233.459851
20234.716749
20235.408594
20236.038882
20237.011396
20237.318293
20237.911854
20238.883540
20239.810231
