8061.432878
8062.591530
8063.105008
8064.205515
8064.758371
8065.960611
8066.852181
8067.499979
8068.480997
8069.620473
8070.895715
8071.223812
8072.006261
8072.891660
8073.661638
8074.476781
8075.212479
8076.604646
8077.693139
8078.331290
8079.345222
8080.039511
8080.371623
8082.095848
8082.727357
8083.188121
8084.353898
8084.627810
8086.389367
8087.201332
8087.989215
8089.000277
8090.011702
8090.302075
8091.013047
8092.013186
8093.056821
8093.960796
8095.226429
8095.644649
8096.881209
8097.422804
8098.601451
8099.483713
8100.033954
8100.893317
8101.847479
8102.652891
8103.081247
8104.959580
8106.001082
8106.472478
8106.981007
8107.990030
8108.858614
8109.690218
8110.637684
8111.447479
8112.264753
8113.552643
8114.167019
8115.107358
8116.251266
8116.864424
8118.004737
8118.437379
8119.287139
8119.648862
8121.226751
8122.361423
8123.010669
8124.184278
8124.843587
8125.501626
8126.529528
8126.964551
8128.592208
8129.097632
8129.501991
8130.717735
8131.714724
8132.854767
8133.952804
8134.457140
8135.253151
8135.925988
8136.958578
8137.609942
8138.437429
8139.566538
8140.950740
8141.595750
8142.276001
8142.810496
8144.358563
8144.926296
8145.927384
8146.251283
8147.375558
8148.188405
