39860.724404
39861.529833
39861.832502
39862.665439
39863.633327
39864.410173
39864.816004
39865.623970
39866.364902
39866.731730
39868.378087
39868.774521
39869.369512
39870.050633
39870.873266
39871.470969
39872.335140
39872.440896
39873.382469
39873.988532
39875.029156
39876.093305
39876.606014
39877.374908
39877.885045
39878.604374
39879.385090
39879.952243
39881.129841
39881.514420
39882.010356
39882.602941
39883.616915
39884.222001
39884.965559
39885.969623
39886.683666
39887.715422
39888.210448
39888.627679
39889.090675
39890.045072
39890.534854
39891.521303
39892.402598
39892.720993
39893.589574
39894.774496
39895.160266
39895.853555
39896.589002
39897.374113
39898.245774
39898.604893
39899.470588
39900.348099
39900.550367
39901.235054
39901.817964
39903.377514
39904.019976
39904.796140
39905.190130
39905.905425
39906.546748
39907.466246
39908.069693
39908.387723
39909.352859
39910.414113
39910.828779
39911.411279
39912.398439
39913.106513
39913.799637
39914.714077
39915.626498
39915.968976
39916.618866
39917.389322
39917.800802
39918.609791
39919.290414
39920.190419
39920.961380
39921.823706
39922.867307
39923.176052
39924.011287
39924.419347
39924.840638
39926.387261
39926.670240
39927.442719
39928.050491
39928.496943
39929.335015
39930.440165
39930.928854
39932.118107
