35309.013938
35309.242824
35310.126508
35310.670640
35311.922050
35312.360786
35313.067605
35313.392811
35314.026013
35314.989750
35315.723615
35317.237193
35317.476052
35318.026395
35319.101822
35319.687610
35320.185826
35320.672778
35321.853776
35322.269401
35323.223770
35323.704918
35324.684778
35325.428813
35325.868394
35326.876071
35327.842924
35328.605680
35329.202972
35329.549867
35330.448281
35330.921973
35331.969922
35332.388087
35332.980008
35334.105174
35335.284109
35335.904049
35336.215218
35337.035980
35337.656582
35338.347086
35339.347811
35339.924746
35340.648662
35341.376299
35341.809125
35342.460654
35343.652730
35344.415340
35345.309028
35345.770433
35346.771819
35347.242467
35347.949395
35348.668223
35349.197517
35349.418829
35351.089017
35351.651922
35352.093578
35353.192918
35353.825357
35354.618689
35355.192892
35355.949940
35356.771504
35357.474390
35357.998385
35358.878462
35359.476937
35359.909977
35360.694465
35361.858566
35362.631952
35363.865679
35364.092009
35364.583160
35365.171562
35366.039327
35366.796597
35367.577661
35368.156354
35368.955600
35369.472421
35370.797473
35371.210324
35371.922649
35372.627451
35373.494201
35374.574371
35374.827881
35375.726606
35375.985820
35376.891144
35377.606586
35377.998447
35379.275474
35380.206019
35380.943267
