50476.439825
50476.881729
50478.165097
50478.851055
50479.219647
50480.097854
50480.565949
50481.254960
50482.333653
50483.071657
50483.712726
50484.577928
50485.061472
50485.752159
50486.346019
50486.955890
50487.633732
50488.295383
50488.923207
50489.624343
50491.161767
50491.360845
50492.206377
50492.526231
50493.382828
50493.900630
50495.151869
50495.516076
50495.957033
50496.953499
50497.265616
50498.259516
50498.708477
50499.527409
50500.410617
50501.287912
50502.282543
50502.666707
50502.888471
50504.106447
50504.474357
50504.838654
50505.696421
50506.698205
50507.505080
50507.822497
50508.729310
50509.504396
50510.482604
50510.852997
50511.444068
50512.485766
50512.775268
50513.822892
50514.427024
50515.131181
50515.544382
50515.662528
50517.078525
50517.920373
50518.865030
50519.497650
50520.016553
50520.770174
50521.189472
50522.075271
50522.573883
50523.307259
50524.077356
50524.815220
50525.311813
50526.197317
50527.016161
50527.630688
50528.182881
50529.067832
50530.287397
50530.482971
50531.207696
50531.602185
50532.292587
50533.095406
50533.885791
50534.216037
50535.136852
50536.166853
50537.116409
50537.481458
50538.288102
50538.730932
50539.439324
50539.966545
50541.070735
50541.571778
50542.397953
50542.788987
50543.519758
50544.175747
50544.796081
50546.150857
