38998.737122
38999.061686
38999.980793
39000.893206
39001.296024
39002.025710
39002.662496
39003.121278
39003.968700
39004.512957
39006.165280
39006.650215
39007.169181
39007.625484
39008.782553
39009.201628
39009.926451
39010.518548
39011.249675
39012.296274
39012.607641
39013.616046
39014.025885
39014.820033
39015.742136
39016.833236
39017.366945
39017.888565
39018.863948
39019.173839
39019.844389
39020.519075
39021.325057
39021.949549
39022.956245
39023.492824
39024.666961
39025.356503
39025.909698
39026.410308
39026.901589
39028.106648
39028.876401
39029.346620
39030.193910
39030.529313
39031.027376
39032.298984
39032.889849
39033.910096
39034.603586
39035.383845
39036.073476
39036.581896
39037.114206
39037.930144
39038.723679
39038.922361
39040.247462
39041.127633
39041.336993
39042.509694
39043.083395
39043.664032
39044.627846
39045.555110
39046.024844
39046.350960
39047.402121
39048.146397
39048.658907
39049.254324
39049.682734
39051.121279
39052.200240
39052.525386
39053.332159
39053.764253
39054.652400
39054.941197
39056.157434
39056.452152
39057.618833
39057.951810
39058.733011
39059.373423
39060.482225
39061.190471
39061.645263
39062.648331
39063.259044
39064.363874
39064.725884
39065.041083
39065.847536
39066.352454
39067.436372
39068.161123
39069.000526
39069.889459
