70826.030653
70827.091007
70827.730517
70827.921843
70828.490914
70829.379706
70830.137049
70830.501970
70831.241678
70832.181891
70832.912564
70834.011838
70834.454519
70834.765696
70835.538435
70836.194741
70836.477418
70837.464237
70838.230654
70838.700705
70839.588589
70840.165046
70840.819988
70841.607172
70842.414175
70843.097379
70843.506872
70844.473153
70844.896942
70845.662848
70846.631553
70846.806630
70847.296256
70847.919147
70848.647909
70849.721307
70850.772713
70851.338498
70851.507966
70852.502270
70852.966352
70854.028929
70854.198080
70854.616055
70855.983783
70856.273720
70856.937301
70857.634548
70858.289781
70859.093003
70859.773717
70860.281530
70861.510777
70861.952492
70862.737348
70863.040981
70863.800835
70864.338987
70864.735485
70865.845999
70866.335807
70867.021051
70867.640215
70868.926911
70869.539763
70869.851830
70870.536826
70871.082367
70871.756660
70872.692910
70873.263009
70874.099556
70874.400159
70875.039131
70875.634976
70876.510369
70877.001624
70878.394202
70878.715450
70879.464485
70880.098640
70880.668015
70881.317848
70882.052575
70882.453804
70883.126263
70883.530860
70884.906325
70885.352564
70886.071497
70886.654183
70887.387443
70888.106294
70888.836646
70889.435025
70890.221251
70890.713019
70891.430857
70891.981692
70892.743177
