11483.395605
11484.012027
11485.724280
11486.462209
11487.227655
11487.680918
11488.455267
11489.461581
11490.469708
11491.151690
11491.784698
11492.664768
11493.406106
11494.499121
11495.514073
11496.467471
11497.163116
11497.879966
11499.085568
11499.195994
11499.866947
11500.844567
11502.387897
11502.616230
11503.995620
11504.456589
11505.532335
11506.348626
11506.987576
11507.775068
11508.959525
11509.624745
11509.927567
11511.013638
11511.717856
11513.156154
11514.170735
11514.853644
11515.534531
11515.910327
11517.237091
11517.516522
11518.802580
11519.562403
11519.987060
11521.583778
11522.307768
11522.729431
11523.713139
11524.995050
11525.595896
11526.475485
11526.700499
11527.787477
11528.521773
11529.262691
11530.742421
11531.498769
11532.360155
11533.174523
11533.710746
11534.615246
11535.243966
11536.208990
11537.390026
11537.770333
11538.771415
11539.173163
11540.855171
11541.633482
11542.162848
11543.231533
11543.821061
11544.608450
11545.477546
11545.922505
11546.762877
11548.210670
11549.141689
11549.740822
11550.793626
11551.264239
11551.938577
11553.422211
11553.822467
11554.671565
11555.168944
11556.255354
11557.020611
11558.026912
11559.050841
11560.110157
11560.887977
11561.425898
11561.993421
11562.695309
11563.843215
11564.692415
11565.398128
11566.401912
