2411.126193
2412.222935
2413.976123
2414.379879
2415.576893
2416.534054
2417.278087
2418.229443
2419.507917
2421.142943
2422.152084
2422.996230
2423.504146
2425.124760
2426.193437
2426.907064
2427.640896
2429.185595
2430.265812
2431.611135
2432.727569
2433.705896
2433.916873
2435.348894
2436.191600
2437.794076
2438.671790
2439.927127
2440.826160
2441.929836
2443.033560
2443.775436
2445.154381
2445.744952
2446.398523
2448.988312
2449.231032
2450.503650
2451.181708
2452.283365
2453.257485
2454.300561
2455.482288
2456.514551
2457.907999
2458.546799
2460.013579
2461.202295
2461.731628
2462.464294
2463.569667
2464.927816
2466.183097
2467.640860
2468.186816
2469.336263
2469.781485
2471.539297
2472.336417
2473.107124
2474.237849
2475.539353
2477.021755
2478.014854
2478.397597
2479.977351
2480.433606
2481.356767
2482.683411
2484.503238
2485.087590
2485.785620
2487.333836
2488.113831
2489.261157
2490.051090
2491.105516
2491.907473
2493.489295
2494.866177
2495.846840
2496.485336
2497.648465
2497.969973
2499.862042
2500.564386
2501.577744
2503.185227
2504.008933
2504.772152
2506.305351
2507.151885
2507.871039
2508.766046
2509.652997
2511.660189
2512.538220
2513.579517
2514.259859
2515.286482
