67720.624823
67721.363758
67722.409484
67723.102259
67723.887696
67724.353735
67725.089622
67725.330581
67726.228951
67727.440095
67727.568043
67728.361631
67728.952249
67729.236162
67730.416554
67731.007441
67731.381467
67732.498007
67733.352469
67734.103430
67734.489073
67735.415409
67735.684498
67736.266175
67736.773789
67737.863132
67738.437458
67738.893037
67740.015261
67740.489860
67741.126977
67742.021189
67742.640572
67743.293775
67744.131780
67744.375758
67745.350762
67746.105247
67746.654285
67747.048065
67747.881449
67748.145584
67748.953927
67750.473288
67751.020314
67751.442622
67751.966125
67752.843000
67753.460986
67753.929398
67754.699179
67755.151574
67756.140600
67756.731547
67757.275155
67758.062459
67758.736694
67759.504779
67760.319402
67760.584584
67761.867426
67762.495602
67762.859280
67763.597820
67764.007967
67764.641684
67765.367387
67766.027228
67766.930974
67767.398160
67768.336063
67769.330121
67770.041035
67770.233999
67770.755914
67771.564179
67772.275815
67773.064732
67773.823320
67774.267191
67774.942177
67775.555145
67775.982587
67777.042894
67777.872984
67778.591644
67779.321170
67780.154365
67780.299165
67781.002577
67781.942307
67782.592843
67782.818990
67783.243316
67784.547770
67785.208376
67786.010517
67786.662597
67787.231831
67787.776889
