17414.771964
17415.911353
17416.267093
17417.443596
17417.808137
17418.592266
17418.806295
17420.170652
17421.074210
17421.556741
17422.766405
17423.536415
17424.545649
17424.973812
17425.590316
17426.490405
17427.671394
17428.173531
17428.985318
17429.249090
17430.367282
17430.970680
17432.473338
17433.142591
17434.056942
17434.570476
17435.080798
17436.301453
17436.595892
17437.510244
17438.151433
17439.308539
17440.022848
17441.092455
17441.496369
17442.316932
17443.412160
17444.308754
17445.079512
17445.226885
17446.316671
17447.237279
17447.620266
17448.266513
17449.725077
17450.501841
17451.526068
17452.142112
17452.812990
17453.204035
17454.309066
17454.842717
17456.114006
17456.759712
17457.147079
17457.915831
17459.172453
17460.199387
17460.570805
17461.488068
17462.679248
17463.012915
17463.774326
17464.454273
17465.026302
17465.784157
17467.176383
17467.757473
17469.017408
17469.307428
17470.235610
17470.894161
17471.730158
17472.615250
17473.358824
17473.920770
17474.813144
17475.633151
17476.281813
17476.948226
17478.562817
17479.303939
17479.731098
17480.493922
17481.114490
17481.841721
17482.762290
17483.457457
17484.242745
17485.052953
17486.335827
17486.882944
17487.503128
17488.604881
17489.000583
17490.076989
17490.963411
17491.631202
17492.199867
17492.643197
