26885.334781
26886.452768
26887.850957
26888.162207
26888.692836
26889.190702
26890.105999
26890.877537
26891.527072
26892.702854
26892.903640
26893.561297
26894.813325
26895.494753
26896.156306
26896.888397
26897.951007
26898.687906
26899.279603
26899.847883
26900.810878
26901.210657
26901.596965
26902.810350
26903.784526
26904.645363
26905.450097
26905.904459
26906.869777
26907.582386
26908.090935
26908.736167
26909.700532
26910.595918
26911.251409
26911.725885
26912.312871
26913.301907
26914.618824
26915.111454
26915.969682
26916.531950
26917.477289
26917.645419
26918.617018
26919.383728
26919.886346
26920.901180
26921.607879
26922.879996
26923.222460
26924.313391
26924.568055
26925.178575
26926.663023
26927.106649
26927.850657
26928.123093
26928.955875
26930.100075
26930.293946
26931.410932
26932.672086
26933.073550
26934.056113
26934.739714
26935.184251
26935.665888
26936.619056
26937.500345
26938.017179
26939.235812
26939.576851
26940.365673
26941.351511
26942.064530
26943.017727
26943.705283
26944.094217
26945.263201
26945.668563
26946.682974
26946.888324
26947.597056
26948.395473
26949.992277
26950.592787
26951.063786
26951.851519
26952.601141
26953.156106
26954.083877
26954.602086
26955.583011
26956.304001
26956.827494
26957.516689
26958.660648
26959.341566
26959.846254
