74386.236537
74386.576614
74387.392135
74387.669989
74388.779636
74389.016233
74389.548310
74390.864876
74391.270621
74391.844865
74392.194976
74393.115759
74393.477867
74394.556130
74395.644510
74396.096165
74396.588796
74397.260179
74398.055629
74398.721693
74399.196635
74399.735306
74400.054824
74401.175312
74402.092585
74402.357255
74403.409488
74404.203949
74404.474823
74405.267674
74406.016415
74406.631853
74407.479430
74407.922270
74408.810317
74409.154648
74409.560987
74410.764314
74410.998822
74411.653457
74412.628209
74413.571966
74414.372159
74415.009144
74415.349203
74415.770670
74416.491014
74417.198458
74418.032013
74418.606663
74419.321281
74419.842716
74420.505079
74421.387037
74422.099181
74422.863009
74423.220762
74424.168095
74424.823625
74425.633347
74426.034285
74426.558688
74427.529600
74427.852496
74428.162043
74429.046178
74430.218522
74431.165397
74431.489727
74431.901053
74433.116132
74433.396208
74433.956997
74434.794594
74435.294952
74435.964745
74436.683260
74437.657930
74437.999375
74438.493809
74439.087069
74440.222498
74440.878374
74441.665367
74442.363675
74442.965637
74443.516662
74443.982328
74444.754910
74445.156230
74446.154907
74446.496967
74447.403774
74447.978242
74449.091172
74449.635270
74450.474954
74450.758886
74451.398393
74451.850652
