32309.977143
32310.477509
32311.182091
32311.915605
32312.269944
32313.380686
32314.145448
32314.997526
32315.455967
32316.769231
32317.104085
32317.744362
32318.860785
32319.463800
32319.917890
32320.870226
32321.586023
32322.411179
32322.596303
32323.517164
32323.929045
32325.843941
32326.121946
32326.852228
32327.551910
32328.043433
32328.920484
32329.592508
32330.223592
32330.895148
32331.931025
32332.349041
32333.329275
32333.950664
32334.842465
32335.722852
32336.040867
32337.344564
32337.886926
32338.715741
32338.987159
32339.552695
32340.441463
32341.271988
32341.868151
32343.028464
32343.684601
32344.527096
32345.540564
32345.761987
32346.433299
32346.868587
32348.215729
32348.898225
32349.307354
32350.101933
32350.864379
32351.315796
32352.370686
32353.431670
32354.099152
32354.824675
32355.557669
32355.961879
32356.868030
32357.576274
32357.961073
32358.853938
32359.381895
32360.689192
32361.622283
32362.067267
32362.493548
32363.623106
32364.095260
32365.097962
32365.832194
32366.197196
32367.059867
32367.957296
32368.244953
32369.042611
32369.901908
32370.894762
32371.915479
32372.644501
32372.970566
32373.878423
32374.389402
32375.048668
32375.512889
32376.860820
32377.486242
32377.951354
32378.571563
32379.857406
32380.539268
32381.190784
32381.640175
32382.774043
