12564.943429
12565.554388
12566.203274
12567.501541
12567.979667
12568.574700
12569.178067
12569.989013
12571.195309
12571.990365
12572.987246
12573.653894
12574.682164
12575.444289
12575.993515
12577.175030
12577.893140
12578.464846
12579.416408
12580.063923
12580.795833
12581.638799
12583.219516
12584.036763
12584.695827
12584.969984
12585.917785
12586.963854
12587.450318
12588.668515
12589.017101
12590.085986
12591.320933
12591.785981
12592.641668
12593.547304
12594.850042
12595.032918
12596.026491
12596.763913
12597.531532
12597.718735
12599.355249
12600.190931
12601.233507
12601.969550
12602.596975
12603.724868
12604.022565
12604.726753
12605.932603
12607.025050
12607.388410
12607.908311
12609.083572
12610.216051
12611.079051
12611.884537
12612.864166
12613.077863
12614.250898
12614.796579
12615.453704
12616.435927
12617.314914
12618.574475
12619.539964
12619.922315
12620.643274
12621.456635
12622.685672
12623.515138
12623.835932
12624.567955
12625.721214
12626.287234
12627.185186
12628.452032
12629.418777
12630.022981
12630.899345
12631.481355
12631.878457
12633.160185
12633.703547
12634.848545
12635.646551
12636.409366
12637.308077
12638.395884
12639.014983
12639.728280
12640.635928
12641.695390
12642.137920
12642.838921
12643.625810
12644.136926
12646.222635
12646.509396
