51104.826202
51105.629182
51105.869211
51107.663004
51108.330115
51108.537456
51109.621625
51109.839178
51110.490794
51111.411890
51112.137557
51112.735695
51113.097828
51114.243773
51114.838390
51115.446725
51116.217280
51116.951516
51117.735042
51118.498435
51119.266634
51119.957344
51120.665853
51120.884562
51121.657395
51122.331332
51123.003195
51123.699775
51124.807200
51125.432384
51126.029345
51127.055541
51127.738289
51128.075382
51128.506046
51129.414169
51130.294711
51131.090208
51131.679415
51132.198397
51132.484103
51133.605303
51134.326739
51135.309388
51136.074403
51136.682929
51137.268282
51138.008159
51138.580686
51139.265513
51139.645427
51140.713305
51140.943898
51142.116962
51142.706676
51143.979721
51144.169111
51144.796983
51145.345805
51146.559006
51147.105584
51147.665274
51148.536470
51148.713946
51149.890007
51150.115675
51150.989837
51151.645476
51152.334428
51153.807200
51154.215473
51154.777601
51155.324653
51156.012033
51156.854169
51157.027451
51157.941785
51158.957987
51159.565808
51160.049962
51160.659173
51161.733642
51162.395918
51163.236150
51163.650944
51164.495863
51165.178127
51165.984678
51166.674295
51167.086506
51167.623569
51168.140241
51168.976013
51170.319657
51170.660563
51171.671093
51172.341975
51172.644156
51173.697412
51174.211057
