60093.985892
60094.831304
60095.334395
60095.668302
60096.212119
60097.307982
60098.171890
60098.606861
60099.710085
60100.291121
60100.846580
60101.354973
60102.356829
60102.899279
60103.482827
60104.443360
60104.904807
60105.376091
60106.134520
60106.895596
60107.549292
60107.975160
60109.205981
60110.238973
60110.738285
60111.134623
60111.712093
60112.261677
60113.085658
60113.783623
60114.309337
60115.277409
60115.808515
60116.222281
60117.603627
60118.036008
60118.486720
60119.546271
60119.869804
60120.837445
60121.648525
60121.956433
60122.987836
60123.172893
60123.903986
60124.439640
60125.086948
60126.500592
60127.053957
60127.747877
60128.148093
60129.267980
60129.591229
60130.248489
60130.861539
60131.419111
60132.299531
60133.058853
60133.826262
60134.318163
60134.689367
60135.719377
60136.595251
60137.305201
60137.947270
60138.752224
60139.371132
60140.040227
60140.109394
60141.342910
60141.651012
60142.551970
60142.894479
60143.985612
60144.879866
60145.743337
60146.105342
60146.937015
60147.434376
60147.559368
60149.167214
60149.619097
60150.154704
60150.565079
60151.548852
60151.876904
60152.807837
60153.494393
60154.285753
60155.214071
60155.966583
60156.403250
60157.187541
60157.728701
60158.357179
60158.698754
60159.667982
60160.141058
60161.234088
60161.786990
