64328.044050
64328.462522
64329.385900
64330.239244
64331.014272
64331.619468
64331.906329
64332.941655
64333.971474
64334.302001
64334.955664
64335.809759
64336.367205
64337.111622
64337.828150
64338.276894
64338.843299
64339.387301
64340.302884
64340.750034
64342.246200
64342.781258
64343.247458
64343.907290
64344.525256
64345.029735
64345.826017
64346.444695
64347.574743
64347.752168
64348.122164
64349.311832
64349.943538
64350.586823
64351.330880
64351.780997
64353.105067
64353.612165
64354.094145
64354.754131
64355.497148
64355.792486
64356.402886
64357.417483
64357.912402
64358.577552
64359.684054
64360.377499
64360.933808
64361.525384
64362.466186
64362.816120
64363.370632
64364.172644
64364.982032
64365.817628
64366.356642
64366.531369
64367.531068
64367.802516
64369.166427
64370.040341
64370.593703
64371.039416
64371.908466
64372.364226
64373.253100
64373.616601
64374.272037
64374.694289
64375.901335
64376.303489
64377.318639
64377.763778
64378.796704
64379.283972
64379.710904
64380.542779
64381.498561
64382.138810
64382.722079
64383.036478
64383.797801
64384.556620
64385.203306
64385.659167
64386.637896
64387.494147
64388.285561
64389.251446
64389.684193
64389.901358
64390.399266
64391.522691
64391.970906
64392.819328
64393.446774
64394.205033
64394.628799
64395.363542
