52915.891052
52916.508564
52917.309202
52917.766899
52918.208934
52919.519497
52920.270933
52921.138907
52921.409698
52922.612261
52923.081937
52923.578108
52924.103280
52924.657037
52925.747108
52926.447731
52926.953687
52927.840863
52928.238394
52928.960493
52930.128621
52930.549061
52931.361664
52932.219882
52932.876443
52933.217069
52933.931203
52934.679192
52935.364162
52935.824884
52936.467993
52937.331859
52938.548257
52939.439497
52939.651631
52940.087778
52940.940096
52941.697754
52942.306438
52943.330896
52943.733161
52944.155132
52945.319538
52945.438630
52946.527325
52947.066306
52947.928480
52948.897911
52949.625004
52950.227481
52950.656893
52951.545220
52952.174829
52952.407979
52953.036368
52954.279502
52954.894940
52955.507309
52956.244819
52957.118968
52957.847898
52958.375881
52959.162904
52959.785751
52960.209857
52961.376965
52962.054690
52962.476883
52962.827326
52963.667308
52964.239769
52965.417148
52966.236048
52967.195908
52967.376411
52968.272113
52968.631973
52969.570870
52969.972695
52970.748069
52971.564532
52972.040444
52972.995238
52973.420395
52974.776562
52974.905506
52975.671988
52976.282487
52977.557898
52978.007055
52978.647806
52979.158444
52979.697255
52980.350633
52981.391068
52981.690814
52982.260239
52983.741993
52984.154907
52985.010444
