73111.741459
73112.335816
73113.028351
73113.521018
73114.594732
73115.087868
73115.896025
73116.573134
73117.591554
73118.009402
73118.274946
73119.463673
73119.799964
73120.691862
73121.059499
73122.021768
73122.744423
73123.099860
73123.513488
73124.174936
73125.231822
73126.351164
73126.990239
73127.325644
73127.994700
73128.600238
73129.279233
73130.186709
73130.313890
73131.040000
73131.820543
73132.731673
73133.220228
73134.014118
73134.736491
73135.331467
73136.156124
73136.528493
73137.496597
73138.265168
73138.987774
73139.138329
73139.940092
73140.462433
73141.094193
73141.974535
73142.487499
73143.433363
73144.231623
73145.111519
73145.503150
73146.233905
73146.967052
73147.005732
73147.676500
73149.164854
73149.423847
73149.885659
73150.644804
73151.322827
73151.947306
73152.750808
73153.592964
73154.277370
73154.951717
73155.626353
73156.182934
73156.930949
73157.398174
73158.061654
73158.589606
73159.274078
73159.757110
73160.868470
73162.078155
73162.247230
73162.838447
73163.346029
73164.373206
73165.064261
73165.246831
73166.453575
73166.787527
73167.334165
73168.301615
73168.787695
73169.372035
73169.881756
73170.888599
73171.780280
73172.557574
73173.318021
73173.459107
73174.451007
73174.810064
73175.396194
73176.050192
73176.733860
73177.810658
73178.109309
