39717.124842
39717.765648
39717.901184
39719.380328
39719.841864
39720.590569
39721.553198
39722.196917
39723.021098
39723.927872
39724.398733
39724.646812
39725.876841
39726.545768
39727.380635
39727.733975
39728.467333
39729.180702
39729.697140
39730.545753
39731.903512
39732.702227
39732.934068
39733.711887
39734.307485
39735.075517
39735.756946
39736.479623
39736.859014
39737.919759
39738.531080
39739.659462
39740.076506
39740.817863
39741.476499
39742.301303
39743.459832
39743.676505
39744.410172
39745.060439
39745.925026
39746.223157
39747.012037
39747.723871
39748.861414
39749.509027
39750.461106
39751.306608
39751.507360
39752.277521
39753.057854
39753.357921
39754.425150
39755.455695
39755.947682
39756.379549
39756.846472
39758.193978
39758.925218
39759.556677
39760.297691
39761.101661
39761.891072
39762.377223
39762.959179
39763.822065
39764.214621
39764.692657
39766.137907
39766.507800
39767.789100
39768.248951
39768.968572
39769.320711
39770.292737
39771.064021
39771.796419
39772.348788
39773.052728
39773.632133
39774.661326
39775.152346
39775.560093
39776.721249
39777.886635
39778.433647
39779.063206
39779.685035
39780.104771
39780.902027
39781.600223
39782.409982
39782.899858
39784.021094
39784.363077
39785.713589
39785.912386
39786.932436
39787.610774
39788.153912
