9450.152313
9451.044025
9452.148976
9452.581214
9453.384466
9454.941836
9455.879794
9456.638848
9457.289938
9457.972397
9458.826684
9459.769410
9460.903772
9461.404922
9462.137989
9462.936516
9464.217904
9465.261895
9465.991177
9466.722587
9467.860632
9468.494804
9469.132039
9469.456006
9470.882771
9471.819269
9472.907942
9473.723079
9474.392245
9475.565521
9475.919635
9477.137885
9477.827320
9478.855699
9479.229478
9480.235271
9481.143882
9481.839788
9483.688815
9484.207298
9484.640388
9485.753856
9486.030868
9487.215810
9488.107214
9488.903784
9489.546258
9491.036789
9491.622337
9492.559851
9493.134847
9494.478852
9495.156477
9495.860072
9496.823908
9497.255442
9497.951007
9499.137222
9500.595321
9501.217267
9501.922520
9503.042498
9503.601117
9504.264017
9505.086080
9506.113854
9507.223790
9507.961501
9508.129637
9509.769913
9510.615551
9511.550977
9512.380208
9513.335229
9513.533893
9514.814322
9515.333335
9516.047851
9517.248001
9518.401462
9519.480657
9520.014543
9520.830643
9521.162437
9522.916082
9523.293287
9524.172145
9524.673999
9525.837508
9526.527981
9527.680937
9528.632397
9529.771681
9530.405942
9531.147923
9531.625571
9532.674849
9533.237985
9534.471660
9535.377269
