73849.663025
73850.060994
73850.975250
73851.941814
73852.784389
73853.191565
73853.886370
73854.305906
73854.922784
73855.800713
73856.348673
73856.921640
73857.276136
73858.288263
73859.272980
73860.142554
73860.457520
73861.084741
73861.948508
73862.351048
73862.926915
73864.089405
73864.493554
73865.124480
73865.666085
73866.413825
73866.730318
73867.758009
73868.218587
73869.611367
73869.868595
73870.462556
73871.547051
73872.022404
73872.682355
73872.866358
73873.409584
73874.422124
73875.174881
73875.809138
73876.612113
73876.988000
73877.816182
73878.804121
73879.240658
73879.977261
73880.442572
73881.451554
73881.893034
73882.646585
73883.321188
73883.567868
73884.489991
73885.073091
73885.399249
73886.564728
73887.832578
73888.225341
73888.575435
73889.267531
73890.025329
73890.298873
73891.494155
73891.807796
73892.551464
73893.053610
73894.027858
73894.446086
73895.250597
73896.134840
73896.484495
73897.161606
73898.545566
73898.722960
73899.421295
73899.932742
73900.765462
73901.236901
73901.619737
73902.450028
73903.113948
73904.118525
73904.658246
73905.474405
73906.278355
73906.876790
73907.366003
73908.054010
73908.575895
73909.203804
73910.081666
73910.990367
73911.412764
73911.900682
73912.228015
73913.107814
73914.371741
73914.676274
73915.729505
73916.213008
