51384.219592
51384.797621
51385.324758
51385.957570
51386.673107
51387.485654
51388.753939
51389.397237
51389.931188
51390.283395
51390.927779
51391.814127
51392.636885
51393.206909
51394.026077
51394.302842
51395.224859
51395.876868
51396.617706
51397.192844
51398.435280
51398.759822
51399.800190
51400.475264
51400.851061
51401.594759
51402.207339
51402.700960
51403.283183
51404.364176
51405.089844
51405.780927
51406.670908
51406.987240
51408.144353
51408.764991
51409.281509
51409.589930
51410.830163
51411.567472
51411.921901
51412.694626
51413.262820
51413.808993
51414.403844
51415.875878
51416.536861
51417.048585
51417.829192
51418.351719
51419.155719
51419.429139
51420.271063
51421.132902
51421.624072
51422.499365
51422.859680
51424.211885
51424.711033
51425.110101
51426.169940
51426.466207
51427.749430
51428.346764
51428.838005
51429.385647
51429.855641
51430.782036
51431.426330
51431.994384
51432.767792
51433.949212
51434.588121
51435.478485
51435.645564
51436.539281
51437.017457
51437.751890
51438.362612
51439.309669
51439.977649
51440.710871
51441.108820
51441.590156
51442.984939
51443.302902
51444.553689
51444.926942
51445.531355
51446.209968
51447.104361
51447.684039
51448.076349
51448.729475
51449.153911
51450.572143
51451.133230
51451.952973
51452.686302
51453.269438
