42933.356999
42934.017841
42934.895611
42935.614720
42936.234563
42937.025794
42937.297386
42938.166653
42938.542984
42940.142973
42940.539415
42941.734638
42942.024563
42942.617318
42943.272698
42943.900820
42944.707324
42945.500733
42946.168727
42946.553111
42947.609209
42948.358528
42949.041285
42949.919672
42950.289721
42951.153752
42952.484672
42952.715469
42953.294936
42953.694616
42954.676888
42955.253049
42955.946980
42956.503977
42957.743264
42958.569921
42959.022601
42960.056499
42960.497287
42961.002764
42961.777215
42962.424905
42963.234779
42964.084459
42964.820706
42965.094008
42966.080107
42966.266800
42967.913477
42968.366735
42969.336950
42969.593061
42970.410648
42971.358358
42971.750138
42972.287809
42973.050443
42973.503110
42974.651093
42975.406163
42976.261892
42976.929931
42977.634064
42978.116822
42978.863556
42979.783779
42980.385142
42981.146891
42981.844495
42982.243403
42982.809699
42983.915954
42984.563087
42984.961889
42986.454816
42987.009102
42987.800786
42988.226691
42988.823617
42989.340223
42990.134971
42990.891140
42991.825758
42992.443873
42992.782465
42993.887144
42994.843239
42995.358629
42995.794554
42997.115366
42997.331488
42998.181963
42998.930354
42999.702962
43000.188128
43000.555670
43001.412898
43002.003069
43003.467930
43004.180495
