54027.295673
54027.656599
54028.339251
54028.879880
54029.830433
54030.420659
54031.227046
54031.739789
54032.304958
54032.903736
54033.612155
54034.207246
54035.455875
54036.344726
54036.952722
54037.478904
54037.803140
54038.606090
54039.531709
54040.073846
54040.464369
54041.548044
54041.968325
54042.767374
54043.654818
54044.438568
54044.790703
54045.506815
54046.582441
54047.484815
54047.677329
54048.467673
54048.976045
54049.825294
54050.321104
54050.722027
54051.787304
54052.543204
54053.460955
54054.077686
54055.080654
54055.406711
54055.932739
54056.880718
54057.205475
54057.845496
54059.197782
54059.581293
54060.014721
54060.653639
54061.227361
54062.329826
54063.196493
54063.945876
54064.323835
54065.314382
54065.894574
54066.440300
54067.175306
54067.540596
54068.490566
54068.691776
54070.034794
54070.497382
54071.566673
54072.271679
54072.617186
54073.367576
54074.083196
54074.716695
54075.822933
54076.202458
54076.672039
54077.301597
54078.198222
54078.948463
54079.343651
54079.940007
54081.449617
54081.895828
54082.714994
54083.288070
54083.786454
54084.271114
54084.947848
54085.870728
54086.432233
54087.258124
54087.694422
54088.858184
54089.103655
54090.201561
54090.766491
54091.600765
54092.089188
54092.740408
54093.749379
54094.361082
54094.791357
54095.466481
