34141.723166
34142.560744
34143.347164
34144.303432
34144.721986
34145.818080
34146.189063
34147.128557
34147.743143
34148.915533
34149.349692
34150.293939
34150.959959
34151.401526
34152.082381
34153.085899
34153.561843
34154.058912
34154.651074
34156.398737
34156.883902
34157.507827
34158.133308
34158.782787
34159.516356
34160.178369
34161.213178
34161.585082
34162.495237
34163.021611
34163.729961
34164.615950
34165.226284
34166.451290
34166.877506
34167.758345
34168.662872
34169.166463
34169.719902
34170.192204
34170.929750
34171.731803
34172.873859
34173.395641
34173.970938
34175.247079
34175.789312
34176.340774
34177.101399
34177.769038
34178.456484
34179.620018
34179.952889
34180.586565
34181.216508
34181.867107
34182.733794
34183.750294
34184.959480
34185.262582
34186.034057
34186.413986
34187.218800
34188.160481
34188.634163
34189.165288
34190.196671
34190.861103
34191.640685
34192.790878
34193.204729
34193.510613
34194.748540
34195.802377
34196.111618
34196.742338
34197.533118
34198.209487
34198.662025
34199.678602
34199.963889
34201.424705
34201.978312
34203.155599
34203.374141
34204.223842
34204.886238
34205.399004
34205.967356
34207.197714
34207.802130
34208.480178
34209.171003
34209.396462
34210.815932
34211.693288
34212.155607
34213.060800
34213.623555
34214.676862
