33923.099893
33923.588397
33924.125376
33924.649641
33925.561093
33926.361809
33927.289611
33927.705987
33928.476285
33929.149698
33930.508147
33930.871347
33931.455212
33932.190960
33933.380075
33933.849173
33934.670432
33934.792846
33935.721082
33936.474696
33936.887482
33938.426725
33938.940330
33939.874784
33940.469326
33941.074017
33941.658150
33942.667370
33942.995407
33944.008450
33944.558730
33945.406726
33946.038432
33946.993083
33947.306587
33948.174456
33949.581869
33950.019503
33950.778609
33951.295109
33951.795831
33952.831894
33953.246327
33953.993736
33954.663459
33955.561675
33956.452196
33957.590033
33957.940393
33958.517742
33959.342730
33960.058689
33960.660125
33961.619210
33962.658408
33962.863668
33963.162457
33964.157035
33965.043044
33965.949530
33967.037044
33967.319384
33968.369421
33968.929708
33969.730731
33970.200272
33970.706122
33971.321181
33972.639623
33973.280813
33973.657948
33974.769151
33975.496271
33976.175329
33976.869946
33977.705747
33978.557349
33979.088175
33979.693527
33980.548068
33981.041194
33981.901612
33982.323625
33983.111870
33984.570712
33985.353343
33985.871336
33986.258515
33987.247240
33987.389359
33988.723794
33989.333296
33989.771198
33990.677540
33991.364205
33992.214458
33992.808209
33993.820016
33994.435222
33995.176582
