30020.543168
30021.405123
30022.074991
30023.330736
30023.647117
30024.394576
30024.830111
30026.170209
30026.990841
30027.244992
30027.952243
30028.585659
30029.484390
30030.053420
30030.857170
30031.771634
30033.029879
30033.471142
30034.176965
30034.845705
30035.459703
30035.927913
30036.884494
30037.788041
30038.350466
30039.322218
30039.682673
30040.622269
30041.426063
30042.489235
30043.037258
30043.760082
30044.371435
30045.299994
30046.060248
30046.493691
30046.880440
30047.836333
30048.562889
30050.151885
30050.449708
30051.262288
30051.641795
30052.883294
30053.273099
30053.710353
30054.965052
30055.673139
30055.924293
30057.027868
30057.472550
30058.454485
30059.202584
30059.928700
30061.293500
30061.548847
30062.362907
30063.087389
30063.400364
30064.032592
30065.159030
30065.833861
30066.493715
30067.218074
30068.520758
30069.014636
30069.734953
30070.336126
30070.879108
30072.096908
30072.612844
30073.405752
30073.977201
30074.655608
30075.275039
30075.828755
30077.236525
30078.067516
30078.831242
30079.349232
30079.970126
30080.759594
30081.638282
30081.989496
30082.624580
30083.493729
30084.768770
30085.096645
30085.752966
30086.804932
30087.372794
30088.238891
30089.194312
30089.711731
30090.493860
30090.930606
30091.897936
30092.412203
30093.069528
30093.663342
