69882.468567
69883.291740
69884.352055
69884.680282
69885.038784
69886.093293
69886.507270
69887.110572
69887.467671
69888.606279
69889.672247
69890.263136
69890.994654
69891.548084
69891.891640
69892.513030
69893.531534
69893.994688
69894.787937
69895.357666
69895.768770
69896.844009
69897.400594
69898.002681
69898.866326
69899.257108
69900.514551
69900.972772
69901.771571
69902.218669
69902.709327
69903.477891
69903.883578
69904.816714
69905.135873
69906.235644
69906.859727
69907.746504
69908.459483
69908.917554
69909.750188
69910.343167
69910.861844
69911.282284
69912.481582
69913.026371
69913.886313
69914.098738
69914.429529
69915.478744
69916.197497
69917.238269
69918.057552
69918.464505
69919.021462
69919.744291
69920.719226
69921.007573
69921.256383
69922.193088
69923.018946
69923.579825
69924.419436
69925.098108
69926.039075
69926.515714
69927.049253
69927.602944
69928.850304
69929.159442
69929.903505
69930.604604
69930.946724
69931.593719
69932.453833
69933.005419
69933.688328
69934.251218
69935.784506
69936.035991
69936.912232
69937.192851
69937.849904
69938.469079
69938.992955
69940.088020
69940.452246
69941.195189
69942.001988
69942.480494
69943.034552
69944.228149
69944.651522
69945.398699
69946.104415
69946.855590
69947.362758
69948.122640
69948.810231
69949.288110
