63988.158266
63988.643341
63989.227685
63989.907668
63990.819745
63991.152711
63991.928158
63992.704892
63993.134496
63993.968272
63994.890216
63995.184948
63995.591336
63996.468057
63997.231798
63998.655403
63999.012159
63999.481261
64000.122997
64000.815266
64001.455158
64002.111673
64002.525123
64003.433375
64004.003241
64005.015493
64005.295138
64006.334865
64007.328351
64007.552243
64008.141848
64008.848156
64009.973063
64010.406843
64011.035971
64011.882419
64012.142020
64012.537137
64013.483696
64014.413870
64015.056676
64015.792506
64016.816075
64017.344103
64018.021505
64018.391901
64019.281308
64019.450968
64020.481281
64021.094093
64022.107507
64022.408467
64023.175506
64023.676583
64024.775040
64025.243436
64026.014549
64027.028722
64027.679946
64027.804207
64028.641344
64029.522552
64029.904810
64030.758481
64031.056659
64031.588429
64032.855152
64033.888438
64034.377587
64034.925130
64035.450242
64036.110525
64037.037729
64037.354934
64038.481432
64038.724924
64039.704567
64039.953416
64040.961510
64041.471685
64042.022637
64043.182392
64043.853514
64044.430635
64045.299133
64046.048368
64046.417632
64046.947366
64047.525273
64048.058482
64049.155827
64049.734105
64050.437505
64051.138142
64051.872041
64052.751873
64053.387410
64053.976008
64054.448727
64055.066251
