38854.757674
38854.951805
38855.593405
38857.042104
38857.455587
38858.075706
38858.565946
38859.345380
38860.023786
38861.202838
38861.954767
38862.461227
38863.314580
38864.142995
38864.728809
38865.289382
38865.824406
38866.433776
38867.203992
38868.374291
38868.639412
38869.994703
38870.486296
38870.992253
38871.922319
38872.456888
38873.323857
38874.170346
38874.680117
38875.136687
38876.159281
38876.844839
38877.176310
38878.019903
38878.851134
38880.217903
38880.815516
38881.381951
38881.794738
38882.345828
38883.393930
38883.955656
38884.475937
38885.477524
38886.142567
38886.758217
38887.579424
38888.669585
38889.053943
38889.725732
38890.604457
38891.391215
38892.091689
38892.744187
38893.400134
38894.062362
38894.293296
38895.098837
38896.574784
38896.964307
38898.000215
38898.433720
38899.543093
38899.789771
38900.674413
38901.003051
38901.945703
38902.633876
38903.697452
38904.276361
38904.384806
38905.561128
38906.320860
38907.077029
38908.089003
38908.713945
38909.451842
38909.896563
38910.658783
38911.094329
38912.089403
38912.744222
38913.081311
38914.087057
38915.410262
38915.846536
38916.699277
38917.140232
38917.537154
38918.678889
38919.326286
38920.305560
38920.697712
38921.107839
38922.095472
38922.715818
38923.477021
38924.125951
38925.527226
38926.019206
