31941.778568
31942.585876
31943.238543
31944.375943
31944.885231
31945.485363
31946.275022
31947.234110
31948.029166
31948.458877
31949.399373
31949.618982
31950.890822
31951.256438
31951.794489
31952.593762
31953.957412
31954.929706
31955.324763
31955.862073
31956.715354
31957.003268
31958.237603
31958.597699
31959.450346
31960.511109
31960.736011
31961.545606
31962.566498
31963.400862
31964.061954
31964.681764
31965.588238
31966.561038
31966.958649
31967.482957
31968.326033
31968.751237
31969.362902
31970.862956
31971.522744
31971.937981
31973.182614
31973.694134
31974.280464
31974.933373
31975.630693
31976.498813
31977.241447
31977.999401
31978.544603
31979.290720
31979.869943
31980.869011
31981.844534
31982.726284
31983.389963
31983.970517
31984.487759
31985.052637
31986.145225
31986.662622
31987.197712
31988.070834
31988.995186
31990.194228
31990.572957
31991.253401
31991.713282
31992.806016
31993.505758
31994.302689
31995.067180
31995.349328
31996.173357
31996.920423
31997.554592
31998.452927
31999.733084
32000.227657
32000.904729
32001.611831
32002.497504
32003.032054
32003.254180
32004.122071
32005.426330
32005.929584
32006.485904
32007.392160
32007.995469
32009.228348
32009.545081
32010.698214
32010.954462
32011.844861
32012.838598
32013.335758
32013.626781
32014.499312
