7176.380745
7177.135820
7178.280438
7179.369326
7180.557671
7181.140798
7181.855662
7182.761647
7183.850495
7184.720859
7185.725322
7186.027941
7186.689666
7188.322594
7189.145690
7190.294612
7191.067900
7191.983733
7192.682398
7193.221050
7194.053741
7195.421790
7196.187762
7196.957814
7198.143606
7198.993453
7199.744478
7201.057149
7201.577794
7202.481414
7203.172044
7204.265486
7204.764022
7205.523076
7207.445017
7208.190170
7208.927724
7209.383550
7210.413788
7211.335323
7212.363396
7212.963407
7213.836766
7215.101957
7215.532729
7216.953096
7217.710867
7218.731285
7219.713045
7220.432147
7220.784711
7221.858048
7222.538863
7223.961329
7224.960275
7225.664637
7226.826232
7227.670652
7228.104973
7228.963984
7230.578979
7230.781896
7231.712168
7232.507337
7233.305725
7235.032410
7235.592047
7236.715293
7237.292700
7237.923815
7239.107138
7239.492824
7240.744574
7241.383737
7242.813003
7243.908367
7244.194739
7245.048351
7246.521971
7247.172743
7247.980135
7248.558877
7249.575515
7250.311306
7251.235573
7252.579133
7253.776967
7254.381581
7255.040228
7255.894616
7256.728742
7257.358809
7258.884140
7259.519592
7259.970840
7261.333797
7262.445974
7263.122832
7264.272994
7264.748248
