13959.746781
13961.403276
13961.907816
13962.700479
13963.433299
13963.835387
13964.780677
13965.666915
13966.491957
13967.193887
13967.985729
13969.468703
13969.941969
13970.471572
13971.385050
13972.543669
13973.330995
13973.883258
13974.615602
13975.236854
13976.175435
13976.718246
13978.277446
13978.989253
13979.899009
13980.490280
13981.402711
13981.912479
13982.747616
13983.406158
13984.529962
13985.501518
13986.059926
13986.441926
13987.991457
13988.737164
13989.547270
13990.514943
13990.907268
13991.891149
13992.613054
13993.369045
13993.701595
13994.891315
13996.248244
13996.841127
13998.009841
13998.259418
13999.101608
13999.733238
14001.228725
14001.549249
14002.215706
14003.102217
14003.814021
14004.818601
14005.779164
14006.467649
14007.864900
14008.416056
14008.858773
14009.841452
14010.137225
14011.150712
14012.348461
14012.675260
14014.016176
14014.760290
14015.547714
14016.445517
14017.059089
14018.044314
14018.647898
14019.688291
14020.420069
14020.914730
14021.716609
14022.285603
14024.000636
14025.037441
14025.349819
14025.811401
14027.123025
14027.775707
14028.126282
14029.135976
14030.240411
14030.702277
14031.819920
14032.680650
14033.331188
14034.267440
14035.197034
14036.123097
14036.743996
14037.537522
14038.018552
14038.656691
14039.919507
14040.459877
