60162.609741
60163.135176
60163.852454
60164.872962
60165.131878
60166.189910
60166.542484
60167.149452
60168.204029
60168.757771
60169.183688
60169.699869
60170.331926
60171.243816
60172.328895
60173.404327
60173.558135
60174.036022
60174.926248
60175.552429
60176.149176
60176.618190
60177.558867
60178.466569
60178.644829
60179.521718
60180.133311
60181.422601
60181.702841
60182.075205
60183.170392
60184.108731
60184.549273
60185.395731
60185.596900
60186.427115
60186.733021
60187.678850
60188.517251
60189.053897
60189.939670
60190.912578
60191.583775
60192.038323
60192.705164
60193.184802
60194.048135
60194.531477
60195.497672
60196.223016
60196.556931
60197.405151
60198.042169
60198.348929
60199.674607
60200.444593
60201.172442
60201.781665
60202.152485
60203.008266
60203.587065
60204.365032
60204.802063
60205.384962
60205.918167
60207.391910
60207.695139
60208.723027
60209.008994
60209.895694
60210.436130
60211.224677
60211.825671
60212.736279
60213.436415
60213.583305
60214.416729
60215.266086
60215.707481
60216.270417
60217.573119
60218.196496
60218.722555
60219.952577
60220.237565
60220.685148
60221.138145
60221.948855
60222.601404
60223.776044
60224.024671
60224.712927
60225.390858
60226.275842
60227.104911
60227.863839
60228.095711
60229.072063
60229.746400
60230.617306
