33996.250740
33996.761722
33997.266122
33998.054862
33998.638436
33999.111342
33999.969893
34000.932117
34002.127166
34002.402014
34003.129646
34004.405954
34004.665724
34005.247577
34005.809320
34007.028777
34007.476199
34008.382486
34009.044661
34009.468172
34009.991622
34011.347659
34012.095375
34013.090382
34013.466628
34014.342565
34014.834890
34015.600055
34016.049679
34017.057044
34017.506259
34018.400330
34019.086579
34020.364543
34020.908895
34021.392492
34022.201013
34022.687699
34024.036391
34024.531808
34025.019924
34025.782987
34026.307771
34027.102630
34027.928457
34028.475837
34029.518824
34030.696443
34031.290415
34031.630096
34032.481090
34033.170653
34033.727927
34034.231712
34035.328772
34036.288727
34036.606094
34037.334610
34038.200693
34039.147519
34039.706223
34040.810387
34041.287341
34041.686300
34043.007201
34043.331072
34044.066820
34044.699369
34044.875702
34046.149272
34047.263699
34048.007560
34048.707365
34049.427477
34049.739377
34050.851099
34051.274844
34052.037615
34052.959557
34053.624798
34054.101694
34054.891965
34055.776235
34056.489994
34057.180280
34058.138082
34059.137452
34059.687222
34060.395771
34060.647966
34061.268094
34062.440992
34062.851460
34063.638358
34064.544177
34065.276588
34066.390326
34066.921725
34067.607247
34067.987733
