64736.291459
64737.357301
64737.581664
64738.246972
64738.428761
64739.617789
64740.333499
64741.339720
64741.798703
64742.615768
64743.192926
64744.191928
64744.374502
64745.076300
64745.530794
64746.237611
64746.972916
64748.027756
64748.550650
64749.036561
64750.179409
64750.619161
64751.250059
64751.981374
64752.694153
64753.429174
64754.132093
64754.590969
64755.160240
64755.966478
64756.771738
64757.037463
64757.549474
64758.925978
64759.925896
64760.344343
64760.849334
64761.702117
64761.842671
64762.607026
64763.636444
64764.108161
64764.816478
64765.267631
64766.191964
64766.990036
64767.419950
64768.346643
64769.095528
64769.535820
64770.483856
64771.109487
64771.979869
64772.302667
64772.874047
64773.568327
64774.058909
64774.720285
64775.649800
64776.702917
64777.326128
64777.674502
64778.666156
64779.397919
64779.885074
64780.354282
64780.869518
64781.921168
64782.701835
64783.138456
64783.905740
64784.370039
64784.867173
64785.959075
64786.834026
64787.361479
64788.484207
64788.760054
64789.163013
64790.164490
64790.642332
64791.125188
64791.886794
64792.609455
64793.255417
64793.889315
64795.236936
64795.613710
64796.280654
64796.718248
64797.276118
64798.291417
64799.227267
64799.451124
64800.246664
64800.695689
64801.586459
64801.857452
64802.881279
64803.458949
