51245.024830
51245.398107
51246.027160
51247.047361
51247.192764
51248.032889
51248.787814
51249.148663
51250.153758
51250.802220
51251.714442
51252.387171
51253.297768
51253.688818
51254.551787
51254.702949
51256.278041
51256.598695
51257.227888
51257.812573
51258.221039
51259.128799
51260.001755
51260.282139
51261.538639
51262.338217
51262.895998
51263.980467
51264.232924
51264.719808
51265.322521
51266.089684
51266.988961
51267.713831
51268.123267
51269.192787
51269.560648
51270.359402
51271.200893
51272.110666
51272.588308
51273.401371
51273.993721
51274.781526
51275.165513
51276.198181
51276.571972
51276.999818
51277.640523
51278.945373
51280.058257
51280.349541
51280.950194
51281.514300
51282.531700
51282.900610
51283.650706
51284.362990
51285.103645
51285.845153
51286.228888
51287.328261
51287.455956
51288.728872
51289.202893
51290.149087
51291.023029
51291.585337
51292.315524
51292.535253
51293.476632
51293.824853
51294.524831
51295.737188
51296.333007
51296.518832
51297.867978
51298.845980
51299.058028
51299.612371
51300.598134
51300.858798
51302.073059
51302.679096
51303.204668
51303.874453
51304.406641
51304.910283
51305.897064
51306.790769
51307.668000
51308.569461
51309.071022
51309.239107
51310.266493
51311.001611
51311.570085
51311.960198
51312.803371
51313.617217
