33044.240870
33044.674248
33045.552969
33046.357301
33046.932979
33047.603551
33048.718406
33048.955267
33049.456504
33050.794180
33051.714667
33052.554860
33053.114769
33053.624659
33054.069772
33055.147403
33055.785310
33056.332243
33056.933539
33057.994052
33058.838542
33059.792820
33060.139407
33061.215629
33061.605369
33062.213975
33063.567030
33063.905006
33064.600590
33065.416631
33065.654473
33066.695483
33067.088952
33068.672264
33069.128577
33069.774841
33070.834451
33071.551006
33071.796207
33072.759138
33072.892807
33074.035412
33075.103188
33075.487153
33076.289625
33076.886733
33077.906386
33078.732837
33079.244768
33080.292831
33080.825388
33081.607310
33082.189844
33082.915587
33083.483145
33084.237484
33084.838211
33085.579519
33087.217516
33087.584960
33088.266882
33088.775991
33089.365121
33090.284409
33091.228575
33091.551362
33092.480061
33093.246490
33093.567390
33094.707308
33095.515413
33095.840551
33097.077425
33098.112055
33098.413479
33099.076999
33100.072974
33100.413179
33100.919920
33101.688489
33102.686707
33103.493525
33104.250271
33105.015256
33105.880748
33106.573194
33107.255876
33107.745107
33108.600200
33109.251400
33110.459986
33110.910487
33111.142209
33111.900904
33112.737661
33113.823693
33114.820720
33115.611253
33115.859751
33116.934437
