45203.703874
45204.120245
45205.458944
45206.281103
45206.919404
45207.082922
45208.451961
45208.899812
45209.402852
45210.067065
45210.947121
45211.615496
45212.532564
45212.851200
45213.507088
45214.268513
45214.870388
45216.403558
45216.763672
45217.390216
45218.212913
45218.787944
45219.251234
45220.054514
45220.521463
45221.543834
45222.123935
45222.710084
45223.671399
45224.753701
45225.161342
45225.801242
45226.395766
45227.039894
45228.362045
45228.692384
45229.326042
45229.875044
45230.411852
45231.354405
45231.789374
45232.943362
45233.510449
45234.683317
45235.269476
45235.722800
45236.516424
45236.922084
45237.850934
45238.208428
45239.034857
45240.088613
45240.672222
45241.108476
45242.053017
45242.616262
45243.693939
45244.233620
45245.139289
45245.793232
45246.154124
45246.917602
45248.040433
45248.241875
45248.867510
45249.148880
45250.627298
45251.414615
45252.308544
45252.864277
45253.419520
45253.944276
45254.853287
45255.398041
45256.145758
45257.150179
45257.386539
45258.227287
45258.874310
45259.482500
45260.608954
45261.149613
45261.841616
45262.851823
45263.669024
45264.162707
45264.516405
45265.356744
45265.626470
45266.742512
45267.371876
45268.331496
45268.670817
45269.893466
45270.507001
45271.243644
45271.725752
45272.492089
45272.994824
45274.120453
