37845.782466
37846.272209
37846.907332
37847.705176
37848.265199
37848.519831
37850.059591
37850.574109
37850.964572
37851.822137
37852.210317
37853.229791
37853.929088
37854.710292
37855.460973
37856.807353
37856.925199
37857.834194
37858.367933
37858.970682
37859.578929
37860.235092
37861.206567
37861.852516
37862.851429
37863.240946
37864.405500
37864.808264
37865.629840
37866.498561
37866.994646
37867.817401
37868.321073
37869.454603
37869.981681
37870.250439
37870.807765
37871.860410
37873.103855
37873.876525
37874.557446
37874.889370
37875.647419
37876.466903
37877.142050
37877.618873
37878.365598
37879.420766
37879.937456
37880.470328
37881.524846
37882.353434
37882.886480
37883.461182
37884.715258
37885.290558
37885.911185
37886.562269
37886.921685
37887.658723
37888.634962
37889.039428
37890.328660
37890.621144
37892.005211
37892.603207
37893.031057
37893.676588
37894.315260
37894.990628
37896.049728
37896.773914
37897.133415
37897.917137
37898.684204
37899.183254
37900.199980
37901.448453
37901.703277
37902.610720
37903.103364
37904.026374
37904.367230
37905.268023
37905.967347
37906.122495
37907.251494
37908.479798
37909.064952
37909.665034
37910.276907
37911.048180
37912.151340
37912.233619
37913.331978
37914.068970
37914.595852
37915.083246
37916.170875
37916.596766
