11148.117256
11148.911758
11150.271819
11151.153695
11151.475212
11152.642047
11153.626907
11154.460845
11154.924536
11155.741348
11156.459084
11157.090605
11158.507787
11159.626099
11160.334217
11161.093594
11161.637308
11162.730879
11163.386297
11164.191543
11164.923362
11166.202555
11166.666611
11167.333475
11168.443272
11169.565111
11170.599634
11171.237201
11171.782055
11172.498868
11173.685956
11174.035785
11174.746272
11176.200665
11176.825542
11178.221583
11178.612247
11179.534760
11179.979342
11181.069236
11182.312205
11182.726477
11183.399426
11184.137655
11184.922609
11186.322562
11187.162267
11187.874224
11189.267715
11189.362456
11190.313123
11190.971239
11191.562024
11192.963205
11193.509057
11194.523512
11195.528020
11196.179969
11197.045724
11198.188043
11198.692306
11199.733205
11200.308566
11201.059055
11202.105506
11202.528622
11203.264203
11205.258844
11205.728239
11206.468986
11206.862809
11208.100565
11208.557932
11209.581563
11210.506621
11211.120850
11211.941931
11213.159789
11213.654253
11214.848019
11215.603484
11216.604576
11217.280756
11218.287694
11218.676052
11219.060228
11220.375476
11221.302633
11222.492212
11223.049884
11224.194643
11224.984617
11225.430981
11226.224547
11227.214936
11228.321863
11228.845756
11229.621986
11230.144856
11231.432598
