65144.203566
65144.643183
65145.259860
65145.955130
65146.731225
65147.409678
65148.242440
65149.271204
65149.712686
65150.413644
65151.243407
65151.601200
65151.939944
65152.755495
65154.008632
65154.539011
65154.736689
65155.651578
65155.958629
65157.026603
65157.795657
65158.531132
65159.308835
65159.935023
65160.630247
65161.238303
65161.872838
65162.332921
65163.078125
65163.654844
65164.127998
65165.237024
65165.922909
65166.870374
65167.424396
65167.982455
65168.432270
65169.345739
65170.124831
65170.865247
65171.282682
65171.728460
65172.881968
65173.219234
65173.876349
65174.493191
65175.096355
65176.339982
65177.062393
65177.786737
65178.366415
65178.691125
65179.459467
65179.956991
65180.893052
65181.264498
65182.027047
65183.150808
65183.520000
65183.795646
65185.204296
65185.845431
65186.307955
65186.787823
65187.852867
65188.252527
65189.426313
65189.669495
65190.233611
65190.815183
65191.423630
65191.944934
65193.213576
65193.936256
65194.610063
65195.241204
65195.959567
65196.793531
65196.950345
65197.634662
65198.591497
65198.957111
65199.924128
65200.522507
65201.136723
65201.767479
65202.637970
65203.119146
65203.886294
65205.073694
65205.469253
65206.247554
65206.545320
65207.385091
65207.789708
65208.577446
65209.450767
65209.779793
65210.283546
65211.580344
