3830.161823
3831.034679
3831.932487
3832.941548
3834.353094
3835.220398
3836.022881
3837.238847
3838.084058
3839.426268
3839.974002
3840.504678
3841.682344
3842.678532
3844.403553
3844.897010
3846.487475
3846.747301
3847.681749
3848.415301
3850.170201
3850.603920
3851.410102
3852.703102
3853.860293
3854.902586
3855.955254
3856.703867
3857.610583
3858.448586
3859.285738
3860.093008
3861.852719
3862.983783
3863.658286
3864.150190
3865.565077
3866.822404
3866.972328
3868.412859
3869.144666
3870.114034
3871.291750
3872.666546
3873.810208
3874.229614
3875.105197
3876.173740
3876.657964
3878.256174
3879.110338
3880.082213
3881.540350
3882.116845
3882.899992
3884.209799
3885.109963
3886.225209
3886.451289
3887.352013
3889.155346
3890.309181
3891.086883
3891.929936
3893.001131
3893.407062
3894.783730
3895.567931
3896.642632
3897.870750
3898.651961
3899.623743
3901.007764
3902.077427
3902.411160
3903.351543
3904.379191
3905.344851
3906.119319
3908.188165
3908.606362
3909.465847
3910.632716
3910.911438
3912.642948
3913.259137
3914.219923
3914.949001
3916.176538
3917.658165
3918.443052
3919.222740
3920.540431
3921.152570
3921.652560
3922.665203
3924.193310
3925.247119
3926.176083
3927.080517
