43715.247793
43715.718525
43716.437623
43717.524500
43718.235393
43718.617908
43719.932495
43720.433332
43721.250422
43721.738388
43722.320777
43723.199425
43723.832138
43724.826436
43725.184348
43725.869116
43726.648555
43727.118333
43727.700707
43729.186025
43729.834936
43730.506327
43731.265833
43731.507616
43732.235757
43733.309367
43733.723658
43734.200877
43734.924475
43735.992552
43736.748988
43737.353507
43738.309104
43738.577338
43739.648777
43740.127313
43741.328744
43741.637128
43742.413039
43742.763722
43743.820991
43744.237920
43744.716875
43745.771395
43746.849931
43747.377268
43748.216229
43749.215438
43749.439816
43750.036539
43750.538314
43751.425502
43752.345597
43753.137220
43753.584179
43754.255335
43754.730431
43756.036814
43756.692000
43757.223445
43758.147409
43758.729409
43759.788672
43759.916092
43760.818057
43761.287477
43761.924322
43762.692539
43763.368278
43764.566673
43765.493169
43765.830029
43766.480671
43767.115803
43767.964918
43768.589871
43769.465089
43769.930962
43770.591920
43771.409769
43772.124401
43772.615658
43773.611098
43773.890036
43775.590103
43776.077876
43776.416052
43777.088994
43777.973902
43778.568676
43778.746036
43779.987338
43780.455663
43781.393236
43781.954608
43782.907208
43783.836356
43784.151095
43785.194084
43785.477141
