45416.308765
45416.906299
45417.536823
45418.096380
45419.289647
45419.454505
45419.852924
45420.905218
45421.325675
45422.210157
45423.428709
45423.902043
45424.787310
45425.284004
45425.874245
45426.599913
45427.319755
45428.205003
45429.012749
45429.303729
45429.874029
45430.702048
45431.584975
45432.217865
45432.754273
45434.031003
45434.940564
45435.135093
45436.000386
45436.654218
45436.935444
45437.622460
45438.669479
45439.395288
45439.869860
45440.682136
45441.606286
45442.359713
45442.895140
45443.737990
45444.323051
45445.213226
45445.605536
45446.640592
45447.255161
45447.686712
45448.405586
45448.886296
45449.527698
45451.048110
45451.798887
45452.162814
45452.997477
45453.345084
45454.430431
45454.979093
45455.357409
45456.154312
45457.007089
45457.806956
45458.364206
45459.130743
45459.702621
45460.778723
45461.249806
45462.063450
45463.151001
45463.542387
45464.130980
45464.615581
45465.420081
45466.087432
45466.635825
45467.517516
45468.446327
45468.964654
45470.384033
45470.620334
45471.272020
45471.731759
45472.316868
45473.399034
45474.243906
45474.701091
45475.283279
45475.989716
45476.615170
45477.306314
45478.432003
45479.144813
45479.727833
45480.788396
45481.196196
45481.709917
45482.445230
45483.284532
45483.754295
45484.030749
45485.326487
45486.068564
