37412.026596
37412.800532
37413.384242
37413.983970
37414.656031
37415.515337
37416.357817
37417.125118
37417.384576
37418.310796
37418.812926
37419.884590
37421.009726
37421.707477
37422.010906
37422.607767
37423.892005
37424.116196
37424.725489
37425.363318
37426.043206
37427.089340
37427.845374
37428.849100
37429.485993
37429.815257
37430.785811
37431.535128
37432.067662
37433.057294
37433.863238
37434.081287
37434.836378
37435.583554
37436.313362
37437.122299
37437.944320
37438.901527
37439.837885
37440.351694
37440.834445
37441.418329
37442.064909
37442.733693
37443.929873
37444.283198
37445.208816
37445.530721
37446.885596
37447.352623
37448.257793
37448.669004
37449.596868
37450.501394
37451.002562
37451.654760
37452.267731
37453.234048
37453.489288
37453.872389
37455.645070
37456.229575
37456.982359
37457.682386
37458.015896
37458.969335
37459.660852
37460.347573
37460.846045
37461.713690
37462.464469
37463.440576
37463.765826
37464.334018
37465.629641
37466.131026
37467.163945
37467.782671
37468.499993
37469.019002
37469.492604
37470.383261
37471.052334
37471.522850
37472.704673
37473.268259
37474.230612
37475.135474
37475.781715
37476.235225
37476.765219
37477.501244
37478.699705
37479.298678
37479.870939
37480.314319
37480.957323
37481.881687
37482.705394
37483.648465
