13305.316393
13306.538080
13307.251628
13308.155696
13309.489570
13310.199837
13310.662676
13311.434902
13312.150696
13312.785901
13313.917039
13314.668401
13315.252270
13316.776159
13317.587857
13318.026078
13318.662768
13319.690537
13320.765889
13321.280705
13322.252511
13322.835238
13323.267634
13324.436324
13325.356524
13326.901216
13327.099783
13327.930806
13328.832824
13329.684438
13330.071320
13330.867541
13331.752409
13333.106605
13333.499145
13334.360665
13335.249006
13336.315048
13336.965229
13337.989935
13338.556588
13339.305653
13340.313585
13340.680931
13341.555294
13342.250647
13343.699317
13344.776573
13345.138633
13346.384614
13346.613044
13347.060564
13348.579201
13349.326683
13349.853466
13350.637095
13351.486164
13352.517754
13353.546620
13353.993230
13355.175363
13356.219447
13356.704030
13357.230665
13357.900758
13358.978692
13359.435117
13360.716951
13361.736184
13362.522297
13363.202728
13364.080460
13364.874072
13365.451497
13366.588615
13367.065185
13368.226401
13368.750491
13369.423127
13370.071800
13371.768077
13372.677532
13373.021494
13373.878269
13374.534102
13375.580851
13376.043114
13376.691600
13378.015939
13378.488590
13379.698198
13380.732151
13381.053494
13381.963770
13382.949673
13383.755529
13384.778161
13385.332043
13385.621785
13386.652586
