11064.334109
11064.790772
11065.840778
11066.519585
11067.604345
11069.056994
11069.526977
11070.195113
11070.890020
11071.817959
11072.960698
11073.752631
11074.152030
11074.868240
11076.164194
11076.559526
11077.846924
11078.788883
11080.067331
11080.284862
11081.085141
11081.812452
11082.759016
11083.140843
11084.729678
11085.114484
11086.245843
11086.994081
11088.140400
11088.617526
11089.736464
11090.338992
11091.189871
11092.256211
11092.866500
11093.227083
11094.001238
11095.859326
11096.473734
11097.331188
11098.140979
11098.575138
11099.701082
11100.263793
11101.163887
11102.090126
11102.978943
11103.536249
11104.879439
11105.513882
11106.204383
11107.577988
11108.363930
11108.878594
11109.453400
11110.260636
11111.168056
11112.087300
11112.877486
11114.257968
11114.955667
11115.902271
11116.384843
11116.910129
11118.202301
11118.958060
11119.924647
11120.349847
11121.264730
11122.021365
11123.165840
11124.586757
11124.949773
11125.551195
11126.703776
11127.589346
11127.669988
11128.875508
11129.415442
11130.813879
11132.037841
11132.197633
11133.199150
11134.201219
11135.009790
11135.715668
11136.793302
11137.257000
11138.236487
11138.699221
11139.799514
11140.561693
11142.214302
11142.565844
11143.569520
11144.336864
11144.715358
11145.411243
11146.744809
11147.585400
