22250.808383
22251.674625
22252.054525
22253.271631
22254.427076
22255.337243
22255.746736
22256.247602
22257.669641
22257.866115
22258.460978
22259.364106
22260.376278
22261.039149
22261.845369
22262.227912
22263.280111
22264.163038
22265.297456
22265.930423
22266.502645
22267.116626
22268.138857
22268.645434
22268.972587
22270.307292
22270.795278
22271.742028
22272.982267
22273.741429
22273.995876
22274.947469
22275.369065
22276.581055
22277.441758
22278.013489
22278.536775
22279.085470
22280.156347
22280.956178
22281.911808
22282.717160
22283.820361
22284.187260
22285.017111
22285.503482
22286.280477
22286.901818
22287.809386
22288.731720
22289.529658
22290.324915
22290.989177
22291.943370
22292.613326
22293.508990
22294.290519
22294.735793
22295.699874
22296.349317
22297.222757
22297.647377
22298.018386
22299.999631
22300.638914
22301.002452
22302.148967
22302.459910
22303.108370
22304.177847
22304.737564
22305.537330
22306.467712
22306.923859
22307.884069
22308.736096
22309.650147
22310.248697
22311.030668
22312.348886
22312.592427
22313.392985
22313.703734
22314.523087
22315.551466
22316.128822
22317.460265
22317.835743
22319.062029
22319.742243
22320.237262
22320.813389
22321.700217
22322.572147
22323.423720
22324.221003
22324.430562
22325.518922
22326.117633
22327.137960
