2828.029973
2828.851526
2830.087545
2831.128425
2832.416550
2833.138035
2833.658717
2834.980248
2835.775847
2837.014472
2838.812881
2839.485753
2840.285754
2840.920672
2842.332641
2843.469837
2844.198986
2845.025433
2846.390776
2847.535935
2848.770308
2849.797086
2850.471888
2851.678938
2852.303726
2852.926214
2854.832394
2855.853721
2856.816133
2857.736139
2858.857860
2859.838748
2860.577436
2862.120208
2862.506966
2863.363589
2864.911426
2866.493209
2867.149356
2868.224163
2868.657629
2869.843456
2870.909506
2872.023511
2872.858555
2874.569154
2875.282119
2875.889914
2877.546649
2878.527002
2879.119907
2879.868973
2880.978994
2882.153646
2884.013657
2884.346757
2885.773055
2886.308874
2887.224885
2888.394382
2889.404168
2890.642626
2891.280078
2892.462624
2894.174448
2894.746550
2895.641103
2896.825405
2897.428300
2898.541353
2899.177779
2901.263850
2902.065102
2902.855785
2903.957879
2904.598196
2906.176417
2906.923339
2907.605736
2908.658045
2910.028233
2911.142903
2912.345904
2913.522785
2914.044611
2914.802702
2915.685975
2917.274173
2917.982416
2919.321772
2920.615555
2921.083198
2922.396084
2923.390932
2924.333434
2925.261509
2926.295436
2926.624014
2928.761073
2930.004366
