70624.208704
70624.589964
70625.449645
70625.849331
70626.987946
70627.671312
70628.136934
70628.639473
70629.300587
70629.730018
70630.682329
70631.230004
70631.854040
70633.134576
70633.723351
70634.444077
70634.583353
70635.835443
70636.106134
70636.696491
70637.141547
70638.197113
70638.843107
70639.589737
70640.138473
70640.631952
70641.461961
70642.066367
70643.200856
70643.927185
70644.205194
70644.879082
70645.741307
70646.266028
70646.983865
70647.415206
70647.954792
70648.615483
70649.474274
70650.528894
70651.132773
70651.940223
70652.422601
70652.910127
70653.652281
70654.212501
70655.119409
70655.715935
70656.538298
70656.901669
70657.309689
70658.411057
70658.787183
70659.813771
70660.370413
70661.096424
70662.157298
70662.751179
70663.245827
70663.660827
70664.169484
70664.934178
70665.842970
70666.064470
70667.230578
70667.927066
70668.146072
70669.446431
70670.068841
70670.469306
70671.088631
70671.983527
70672.528932
70673.356845
70673.779435
70674.587899
70675.269542
70675.670715
70676.255270
70676.683942
70678.401124
70678.815682
70679.378967
70680.254627
70680.498173
70681.195861
70682.080351
70682.618908
70683.081136
70683.715987
70684.630801
70685.385369
70685.964315
70686.547615
70687.418780
70688.044498
70688.672635
70689.538370
70690.289538
70690.778947
