34652.914767
34653.961893
34654.206727
34655.283747
34656.065019
34656.960734
34657.203788
34657.936593
34658.779551
34659.715713
34660.476640
34660.871764
34661.406881
34662.136680
34662.846753
34664.229013
34664.828610
34665.697275
34666.211537
34666.762205
34667.800500
34668.149714
34668.631829
34669.756657
34670.486239
34670.841348
34672.020587
34672.890510
34673.375133
34674.021465
34674.794618
34675.998824
34676.370965
34677.247464
34677.676853
34678.188420
34679.239592
34679.623995
34680.736212
34680.900934
34682.503370
34683.394084
34683.674142
34684.254357
34685.174404
34685.754938
34686.150786
34687.322530
34688.137069
34688.594432
34689.219596
34690.058714
34690.641588
34691.918010
34692.496093
34693.141901
34694.123815
34694.400492
34695.527742
34696.127607
34696.387161
34697.039530
34697.813784
34699.097882
34699.698262
34700.662406
34701.053677
34702.020525
34702.609681
34703.175149
34704.046793
34704.884625
34705.377770
34706.162004
34706.839960
34707.545956
34708.037933
34709.109490
34709.919796
34710.896680
34711.812543
34712.139965
34712.845750
34712.972943
34714.249396
34714.887666
34715.480703
34716.357914
34716.959248
34717.944809
34718.860648
34719.539667
34719.958504
34720.601843
34721.778133
34722.491111
34722.919439
34723.678964
34724.315806
34724.991943
