26283.400734
26284.355319
26284.854536
26285.896833
26286.639595
26287.697786
26288.245585
26288.780211
26290.037931
26290.471578
26291.388009
26291.888172
26292.778324
26293.590714
26294.091023
26294.863288
26295.444007
26295.977709
26297.901893
26298.209495
26298.858000
26299.632983
26300.248415
26301.084570
26301.442736
26302.482783
26303.410564
26303.801567
26304.622869
26305.492350
26306.423194
26307.205450
26307.655848
26308.628906
26309.720032
26310.310209
26310.644643
26311.514114
26311.946899
26312.700265
26314.017261
26314.273010
26315.571881
26316.311046
26317.164718
26317.588558
26318.311306
26318.889911
26319.932096
26320.528599
26321.426912
26322.092637
26322.748162
26323.169516
26324.415874
26325.217764
26326.290909
26326.948464
26327.474396
26327.807658
26329.115625
26329.738209
26329.948940
26330.749358
26331.834590
26332.812320
26333.706563
26334.219092
26334.940531
26335.612420
26336.453054
26337.402107
26338.012890
26338.542225
26339.438622
26340.133556
26340.462266
26341.548053
26342.569630
26343.332108
26344.288447
26344.979150
26345.587336
26346.348358
26346.550258
26347.394110
26348.603044
26349.202667
26350.088768
26350.291190
26351.671937
26352.357401
26353.164059
26353.725002
26354.515460
26355.490243
26356.266477
26356.590746
26357.287712
26358.146531
