50336.772372
50337.701978
50338.365759
50338.906645
50339.775736
50340.228559
50340.903361
50341.850985
50342.590864
50342.984771
50343.625026
50344.284040
50344.683988
50346.209307
50347.127745
50347.340934
50348.107304
50348.791944
50349.360603
50350.228333
50350.722429
50351.060112
50352.138716
50353.085136
50353.279043
50354.330377
50355.210454
50355.845688
50356.189998
50357.081618
50358.105655
50358.664749
50359.242644
50359.919345
50360.457319
50360.903772
50361.804156
50362.697669
50363.136366
50364.123535
50365.305274
50365.705851
50366.271551
50367.015951
50367.202343
50368.303486
50368.757371
50369.842428
50370.516740
50370.740946
50371.729205
50372.173892
50373.439621
50373.727251
50374.800102
50375.530327
50376.133744
50376.541438
50377.468170
50378.158601
50378.704434
50378.990109
50379.805051
50380.706082
50382.010862
50382.392458
50383.079473
50383.527356
50384.543295
50385.095431
50385.615180
50386.598064
50387.231398
50387.537656
50388.749987
50389.134783
50389.555335
50390.485010
50391.310654
50392.368524
50392.899907
50393.713805
50394.365613
50394.915490
50395.283397
50395.917291
50396.833288
50397.702631
50398.188457
50398.834214
50399.810429
50400.482108
50401.433314
50402.030170
50402.356548
50402.973044
50404.331704
50404.770044
50405.399631
50405.744461
