43146.961308
43147.153645
43148.605303
43149.142716
43149.335869
43150.452201
43151.021787
43152.317472
43152.500464
43153.038341
43153.774682
43154.536472
43155.242409
43155.767144
43156.496113
43157.452136
43158.685719
43159.203086
43159.740824
43160.274590
43160.886508
43161.654564
43162.276466
43163.246560
43163.873907
43164.372437
43165.333421
43165.748958
43166.689611
43167.657878
43168.310360
43168.818812
43169.668151
43170.522194
43171.096704
43171.521859
43172.359604
43172.858863
43173.200048
43174.652362
43175.535903
43176.116485
43176.678815
43177.435750
43178.442815
43178.769960
43179.155897
43180.424607
43180.879733
43181.601581
43182.275299
43183.018799
43183.535645
43184.274874
43185.290222
43186.178652
43186.918976
43187.552040
43188.296233
43188.566515
43189.146471
43190.095986
43190.950406
43191.320133
43192.156469
43192.928381
43194.049077
43194.781152
43195.104732
43195.811222
43196.412796
43197.574541
43198.053557
43198.929089
43199.245903
43200.009103
43200.534368
43201.344098
43202.062872
43203.188901
43204.088045
43204.573270
43205.113266
43205.956539
43206.676045
43207.075305
43207.870152
43208.209009
43209.481894
43210.279769
43210.715118
43211.212940
43212.546913
43212.723772
43213.791004
43214.819496
43215.054442
43215.580461
43216.808912
43217.073447
