11399.924121
11400.579245
11401.739560
11401.935659
11402.841804
11404.568289
11405.259633
11405.980138
11406.844703
11407.125167
11408.400191
11409.142991
11409.496096
11410.741604
11411.594940
11412.845281
11413.149095
11414.099052
11415.161783
11416.020299
11416.872565
11417.516531
11418.209599
11418.968743
11419.728199
11420.555628
11421.866856
11422.759481
11423.742713
11424.283687
11425.134566
11425.759191
11426.263600
11427.830303
11428.615164
11428.837541
11429.667997
11431.122075
11431.694571
11432.887164
11433.491698
11434.383019
11435.323956
11435.819132
11436.539144
11437.164007
11438.254909
11439.228665
11440.569861
11441.210604
11441.630688
11442.554339
11443.607289
11444.304538
11445.253424
11445.650645
11446.919643
11447.320389
11448.385713
11449.024662
11450.642200
11451.457436
11451.847559
11452.629688
11453.447368
11454.045960
11455.127177
11455.727466
11456.924749
11457.602747
11458.640052
11459.668404
11460.212014
11460.836836
11462.089170
11462.809328
11463.711423
11464.140762
11464.914731
11465.471164
11467.173220
11468.041183
11468.624824
11469.577925
11470.591934
11470.889045
11471.533095
11472.901524
11473.231344
11474.580526
11475.124039
11475.927644
11477.125971
11477.664737
11478.887581
11479.836580
11480.301455
11480.839986
11481.845551
11482.669696
