13141.266174
13142.124210
13143.049105
13143.982424
13145.191680
13145.930508
13146.466012
13147.108698
13147.838278
13149.135852
13149.991628
13150.345969
13150.953040
13152.083716
13152.822728
13154.061398
13154.894754
13155.834554
13156.263819
13157.225951
13157.915135
13158.591768
13159.104327
13160.419126
13161.115444
13162.432080
13163.023102
13163.356824
13164.760049
13165.604270
13166.032423
13167.050453
13167.757611
13168.556615
13169.337847
13169.783291
13170.894639
13172.487680
13172.962944
13173.729472
13174.419136
13175.066067
13175.942849
13176.524351
13177.917922
13178.416268
13178.868588
13180.222335
13181.130702
13181.913301
13182.439763
13183.599020
13184.711510
13184.973793
13185.750932
13186.365442
13187.122212
13188.202266
13189.402566
13190.086788
13191.156981
13191.671794
13192.715855
13192.816218
13194.284107
13194.734086
13195.621716
13196.805668
13197.013682
13197.964880
13198.933854
13200.222247
13201.011194
13201.649035
13202.294554
13202.872990
13204.011570
13204.803811
13204.944076
13206.253497
13207.725654
13208.005694
13209.087122
13209.841251
13210.183359
13211.554901
13212.261494
13213.023542
13213.670775
13214.495413
13214.934021
13216.256865
13217.256945
13218.237768
13218.761591
13220.027934
13220.335878
13221.109341
13221.442585
13222.820735
