14610.106246
14610.981436
14611.580233
14613.155597
14613.972846
14614.751651
14615.372665
14615.849646
14616.760642
14617.703331
14618.366314
14619.212949
14619.937461
14620.838329
14622.031082
14622.622662
14622.997719
14624.629688
14625.224869
14625.907513
14626.356913
14627.439210
14627.815650
14628.791879
14629.623622
14631.046435
14631.456738
14632.722093
14633.149078
14633.691139
14634.807755
14635.275262
14636.240768
14637.529646
14637.834367
14638.206235
14639.341808
14640.625441
14641.472016
14642.197945
14642.846799
14643.711866
14644.527438
14645.067719
14645.719696
14646.487932
14647.695559
14648.645270
14649.454370
14650.289963
14650.901448
14651.588243
14652.618415
14653.709540
14653.987898
14654.879547
14655.392313
14656.634934
14657.057323
14658.132825
14659.467737
14660.091389
14660.894133
14661.507722
14661.944340
14662.764112
14663.913233
14664.743475
14665.162810
14666.290248
14667.358853
14667.783502
14669.010243
14669.551849
14670.357000
14671.501681
14671.843698
14672.886795
14673.300436
14673.955670
14674.851609
14676.563325
14677.120684
14677.720813
14678.336195
14679.593960
14680.044375
14680.512894
14681.731142
14682.414537
14683.315063
14684.024229
14684.738039
14685.780776
14686.678437
14687.648913
14688.481441
14689.059760
14689.679568
14690.387487
