6002.154589
6002.914838
6003.878519
6004.591820
6005.855784
6006.678028
6007.325565
6007.978287
6009.204540
6010.190820
6011.253025
6012.651122
6013.047245
6014.042373
6014.663869
6015.161467
6016.736803
6017.530542
6018.180474
6019.650285
6020.485477
6021.078533
6022.496991
6022.866086
6024.235928
6024.765822
6025.652989
6026.328429
6027.149989
6029.083879
6029.871336
6030.366565
6031.190552
6032.274114
6033.146731
6033.644977
6034.942132
6035.782357
6036.735104
6037.621814
6038.620819
6039.780188
6040.747929
6041.398240
6042.397652
6042.668644
6043.995010
6044.552572
6046.181521
6046.796932
6048.263607
6048.952645
6049.241142
6050.246128
6051.626971
6052.439739
6053.067413
6053.778846
6054.804164
6056.260886
6057.072842
6058.000876
6059.134493
6059.466828
6060.341627
6061.493619
6061.793911
6063.253687
6064.593399
6065.104446
6066.142573
6066.829934
6068.165352
6068.884377
6069.569709
6070.456730
6071.607124
6071.987031
6072.986930
6074.835751
6075.456209
6076.319580
6076.896595
6077.923525
6078.464257
6079.725372
6080.817594
6081.177170
6082.501083
6083.644016
6084.383007
6085.230905
6086.325556
6087.278392
6088.144768
6088.537541
6089.128616
6090.717153
6091.689881
6093.192335
