47813.326704
47813.875875
47814.407115
47815.220692
47815.842097
47816.615931
47817.734179
47818.130397
47819.079269
47819.518310
47820.599102
47820.943297
47821.767746
47821.958773
47822.616004
47823.553327
47824.545279
47825.251321
47825.939594
47826.597320
47827.550117
47828.025088
47828.599424
47829.409760
47830.029354
47830.819742
47831.543988
47832.257973
47832.640945
47833.214700
47834.277053
47834.801583
47836.009263
47836.953338
47837.207305
47837.999159
47838.203551
47839.165668
47839.916786
47840.442740
47841.219619
47841.937424
47842.502233
47843.603733
47844.316193
47845.137312
47845.357195
47845.976315
47847.582348
47847.695855
47848.182130
47849.192632
47849.705630
47850.163277
47850.865841
47851.654644
47852.541222
47853.629269
47854.180572
47854.772449
47855.587467
47856.175494
47856.770835
47857.286513
47857.957399
47858.875954
47859.737987
47860.537166
47860.601689
47861.443935
47862.483715
47863.330449
47864.032217
47864.606141
47865.301098
47866.101660
47866.621449
47867.295610
47868.013519
47868.219779
47869.397765
47869.775214
47871.384290
47871.617232
47872.417300
47873.127623
47873.630538
47874.194327
47874.981043
47876.127935
47876.479219
47877.077861
47877.491040
47878.560313
47879.315222
47879.739015
47880.665117
47881.665274
47882.310768
47883.143986
