44354.547338
44354.736572
44355.175898
44356.322655
44356.811160
44357.365433
44358.318468
44358.950785
44359.772357
44360.084029
44360.979936
44361.525512
44362.278525
44363.334845
44363.779566
44364.999136
44365.603039
44366.181677
44366.797148
44367.310765
44367.775624
44368.706048
44369.519249
44370.302423
44370.903952
44371.423708
44372.770148
44373.369056
44373.735301
44374.399988
44375.313790
44376.079096
44376.892850
44377.178662
44378.136342
44378.653091
44379.086168
44379.780534
44381.013431
44381.944576
44382.647293
44383.135236
44383.928104
44384.165765
44385.319536
44385.945832
44386.283440
44386.976438
44388.121022
44388.693128
44389.412958
44389.934596
44391.033360
44391.302982
44392.607646
44393.193704
44393.705581
44394.485174
44395.023922
44395.599676
44396.452804
44396.974054
44397.492641
44398.796849
44399.370605
44400.283210
44401.212229
44401.439288
44402.158791
44402.732362
44403.342339
44404.479833
44405.326328
44405.572473
44406.102361
44406.843469
44407.804707
44408.579979
44409.414699
44410.243891
44410.638585
44411.711077
44412.347900
44412.668656
44413.318122
44413.915904
44414.838321
44415.389141
44416.352794
44417.245112
44418.060056
44418.384873
44419.179228
44419.956415
44420.776018
44421.292495
44422.049160
44422.844197
44423.176825
44424.144141
