24847.388569
24848.125510
24848.575624
24849.817746
24850.412507
24851.159937
24851.805998
24852.400279
24853.166889
24854.003624
24854.683654
24855.191888
24857.151813
24857.332217
24857.912121
24858.825764
24859.218861
24859.984050
24860.912136
24861.551130
24862.598158
24862.958802
24863.726890
24864.968295
24865.393909
24866.296189
24867.217988
24867.852688
24868.482405
24869.761151
24869.885513
24870.517942
24871.120469
24871.943860
24873.143040
24874.140621
24874.686334
24875.417165
24876.233555
24877.033224
24877.499416
24878.143730
24879.177997
24879.882963
24880.697517
24881.286381
24881.771231
24882.959773
24883.620595
24884.819282
24885.397542
24886.407050
24886.555881
24887.242320
24888.096729
24889.059210
24889.359859
24890.372962
24891.121749
24892.378502
24893.019257
24893.659632
24894.249685
24894.740901
24896.203715
24896.681134
24897.496208
24897.608034
24899.014698
24899.209822
24899.961080
24901.374341
24902.057449
24902.839862
24903.808463
24904.030497
24905.114062
24905.434282
24906.250303
24906.850226
24908.062946
24908.694435
24909.708460
24909.800239
24911.095376
24911.998906
24912.582867
24913.285831
24914.138082
24914.825768
24915.497022
24916.297112
24916.807646
24917.249131
24918.475928
24919.665741
24920.375280
24921.159722
24921.556217
24922.251746
