27935.158923
27935.637185
27936.411400
27937.476030
27938.622039
27939.154470
27939.773649
27940.849484
27941.353495
27942.077282
27942.238082
27943.401162
27944.075020
27944.893263
27945.728640
27946.683289
27947.140852
27947.998162
27948.860766
27949.444296
27950.556526
27951.155632
27951.487674
27952.294458
27953.364041
27953.600863
27954.553473
27954.965184
27956.874507
27957.196964
27957.808340
27958.509005
27959.148156
27959.763659
27960.609917
27961.590504
27962.016430
27962.817491
27963.702094
27964.114177
27965.429990
27965.876900
27966.799456
27967.581726
27968.360675
27968.998508
27969.852651
27970.339484
27970.726342
27971.419627
27972.725403
27973.519846
27974.189167
27975.247865
27975.579094
27976.712300
27977.098367
27977.654545
27978.755715
27979.228305
27980.460904
27980.767408
27981.209056
27982.159586
27983.136309
27983.892621
27985.102435
27985.683690
27986.274606
27986.586468
27987.624228
27988.271297
27988.930110
27989.676440
27990.454414
27991.238186
27992.426412
27993.170297
27993.627536
27993.986707
27995.246523
27996.061824
27996.752952
27997.293523
27997.901071
27998.670668
27999.442546
27999.906733
28001.146102
28002.190673
28002.697060
28003.586920
28004.140764
28004.925965
28005.401315
28006.040289
28006.843359
28007.943679
28008.627769
28009.115408
