43359.779985
43360.727354
43361.531559
43362.148980
43362.776346
43363.547613
43364.298059
43364.925487
43366.019405
43366.649705
43367.261039
43367.702569
43368.884536
43369.457270
43370.332541
43370.575835
43371.711978
43371.831103
43372.680167
43373.056350
43374.509516
43375.174593
43375.887886
43376.663152
43377.344748
43377.879588
43378.737008
43379.229505
43379.503123
43380.808144
43381.591904
43382.062203
43382.692335
43383.311928
43384.181720
43385.310622
43385.745247
43386.526726
43387.485326
43387.757495
43388.513431
43389.205734
43389.740607
43390.530065
43391.071107
43391.873496
43392.949454
43394.010142
43394.371214
43394.845545
43395.812674
43395.991226
43397.165674
43397.983944
43398.608796
43399.090411
43399.401160
43400.858532
43401.081850
43401.734265
43402.918801
43403.689692
43404.430195
43405.142149
43405.628649
43406.347470
43406.816846
43407.403977
43408.332119
43409.034433
43409.837640
43410.605984
43411.444595
43411.820192
43412.998659
43413.454843
43414.252632
43414.672520
43415.614576
43416.387045
43417.107179
43417.470468
43418.135866
43418.634819
43419.591563
43421.067764
43421.495171
43421.918279
43422.866453
43423.388385
43423.979997
43424.794999
43425.262315
43426.128486
43426.900620
43427.586493
43428.109596
43429.115788
43429.916138
43430.589093
