38205.980129
38206.703689
38207.268846
38208.402963
38209.185298
38209.832086
38210.659793
38211.125384
38212.171683
38212.756042
38213.219023
38213.715673
38214.507804
38215.349955
38215.975164
38217.355484
38217.843413
38218.645563
38218.973691
38219.756673
38220.693311
38221.188076
38222.075109
38222.843565
38223.116159
38223.998262
38224.973541
38225.407416
38225.985097
38227.192050
38228.251149
38228.752971
38229.274271
38229.903052
38230.497785
38231.210343
38232.050780
38232.475662
38233.541679
38234.205065
38234.895193
38236.002367
38236.462559
38237.271789
38237.742219
38238.644618
38239.272144
38240.306150
38240.711561
38241.461930
38241.943193
38242.356418
38243.377126
38244.926722
38245.124282
38245.741738
38246.925766
38247.333687
38247.773399
38248.714513
38249.304649
38249.690320
38250.981827
38251.485644
38252.364953
38252.663964
38254.043222
38254.274398
38255.184590
38256.066045
38257.020681
38257.375774
38257.938134
38258.501363
38259.505676
38260.094849
38260.557208
38261.391124
38262.534525
38263.471313
38264.203899
38264.543826
38265.220124
38265.668209
38266.733362
38267.617730
38268.029553
38268.822301
38269.504424
38269.947939
38271.134574
38271.489264
38272.770495
38273.298779
38274.133919
38274.695136
38275.507656
38276.146068
38276.704771
38277.091251
