32383.384519
32384.185783
32384.853472
32385.313560
32385.836376
32386.544251
32387.766954
32388.428534
32389.615304
32390.291208
32390.433084
32391.456305
32392.072499
32392.799914
32393.581463
32394.125134
32395.020022
32395.836065
32396.290399
32397.460940
32397.615054
32398.748335
32399.960309
32400.409416
32401.068647
32401.596771
32402.198422
32403.160200
32403.727872
32404.291589
32405.063952
32406.220094
32407.001205
32407.821375
32408.361742
32409.096017
32409.629164
32410.357105
32411.332349
32412.242876
32412.604142
32413.152729
32414.115932
32414.358957
32415.712359
32416.695646
32417.394927
32417.644957
32419.015061
32419.531606
32419.918532
32420.366003
32421.443089
32421.917559
32423.086091
32423.764261
32424.326274
32425.425439
32425.829927
32426.882229
32427.316870
32428.262052
32429.034379
32429.628953
32430.256838
32430.777762
32431.926208
32432.286493
32432.684686
32434.308421
32435.228358
32435.695416
32436.326508
32436.916069
32437.376567
32438.527645
32439.027441
32439.943579
32440.419204
32441.229116
32442.004788
32442.913320
32443.680439
32444.125255
32445.294060
32446.013622
32446.503142
32447.524880
32447.806087
32448.685078
32448.971750
32449.788959
32450.981370
32451.782990
32452.535953
32453.208136
32454.169940
32454.476004
32455.553998
32455.811016
