37556.556930
37557.467776
37557.839600
37558.679550
37559.598714
37560.073170
37560.894151
37561.210690
37562.186839
37562.458159
37563.532292
37564.547315
37565.659986
37566.144567
37566.551404
37567.077136
37568.169809
37568.614479
37569.443855
37570.312503
37570.790230
37571.334329
37572.329566
37573.204641
37573.719776
37574.273159
37575.801267
37576.032554
37577.110801
37577.286944
37578.017844
37578.908293
37579.212769
37580.026672
37581.019043
37581.646261
37582.601317
37583.412446
37584.162137
37584.549619
37585.560728
37586.050752
37586.532234
37587.712651
37588.404645
37589.014514
37589.454066
37590.047612
37590.771955
37592.235706
37592.743074
37593.623662
37594.068173
37594.821914
37595.707882
37596.098917
37596.602881
37597.645449
37597.974374
37599.206719
37599.774371
37600.554196
37601.433889
37602.109250
37602.555650
37603.408772
37604.522450
37605.109378
37605.493231
37606.057145
37606.917296
37607.668299
37608.342258
37608.787627
37610.122837
37610.982335
37611.647924
37612.420202
37612.804465
37613.242415
37614.050181
37615.107093
37615.794897
37616.132661
37617.214622
37617.818766
37618.258932
37619.659606
37619.975008
37620.915075
37621.699243
37622.237675
37623.052656
37623.770708
37624.410876
37624.658868
37625.591864
37626.080152
37627.575243
37628.364352
