14123.070304
14123.867953
14124.887812
14125.335937
14126.271289
14127.247336
14128.060027
14128.348484
14129.655340
14130.069690
14130.636479
14131.780754
14133.242112
14133.971842
14134.535372
14135.220707
14135.695293
14136.892611
14137.569602
14138.467977
14138.849373
14140.300868
14140.733898
14141.794748
14142.652715
14143.224517
14144.566030
14145.119561
14145.819296
14146.453398
14147.213898
14147.914467
14148.638104
14150.274646
14150.674812
14151.595215
14152.651947
14153.128091
14153.959566
14154.335589
14155.576897
14156.566229
14157.112011
14157.770737
14158.415164
14159.649228
14160.762203
14161.440699
14162.218578
14163.037268
14163.626115
14164.478291
14164.981551
14165.955200
14166.681484
14167.754224
14168.964777
14169.654653
14170.145602
14170.719355
14172.158659
14172.627240
14173.572065
14174.369547
14174.537794
14175.812314
14176.667427
14177.154839
14178.783249
14179.422941
14180.418114
14180.536132
14181.600279
14182.274000
14182.829285
14184.042040
14185.029380
14185.326047
14186.502544
14187.454147
14188.097451
14189.192297
14189.734790
14190.458381
14191.661543
14192.220424
14192.687704
14193.365806
14194.174238
14195.793051
14196.598951
14197.074405
14198.086878
14198.630661
14199.473119
14200.147773
14201.097159
14201.841548
14202.749889
14203.303516
