18676.971778
18678.017447
18678.569613
18679.446053
18680.378221
18681.263159
18681.579291
18682.750663
18683.536073
18684.337881
18685.364474
18686.102229
18686.913407
18687.235225
18687.814113
18689.057609
18689.489393
18690.288048
18691.496662
18692.270943
18693.434686
18693.861587
18694.389007
18694.901126
18696.258421
18697.152212
18697.421953
18698.336194
18698.998423
18699.712299
18700.743570
18701.767542
18702.804968
18703.093624
18704.176372
18704.766382
18705.391760
18706.105781
18706.868038
18707.422159
18708.941760
18709.459430
18710.275748
18711.005251
18711.799801
18712.785443
18713.473578
18714.037558
18714.958286
18715.809706
18716.269164
18717.108615
18717.611315
18718.812526
18720.169536
18720.670734
18721.317260
18722.139845
18722.583862
18723.487052
18724.035795
18725.422574
18725.860603
18726.280162
18727.433121
18728.756709
18728.955591
18729.698375
18730.831996
18731.673368
18732.361596
18733.037960
18733.630637
18734.020548
18735.162577
18736.045141
18736.985538
18738.065713
18738.795624
18739.165826
18740.093910
18741.040818
18741.247138
18742.488492
18743.097316
18744.057465
18744.624053
18745.357940
18746.073367
18747.418419
18748.277272
18748.942154
18749.607703
18749.947664
18751.285239
18751.697251
18752.211682
18753.154457
18754.091043
18755.422991
