15417.871897
15418.984706
15419.787490
15421.019236
15421.462441
15422.400121
15422.900574
15423.337371
15424.489260
15425.443913
15426.326832
15426.839212
15427.250343
15428.969076
15429.381721
15430.188814
15431.408482
15431.815930
15432.743392
15433.387379
15434.089188
15434.709636
15435.446111
15436.540823
15437.908863
15438.448052
15439.111908
15439.811071
15440.603990
15441.617988
15442.271114
15443.069599
15443.582012
15444.864533
15445.257228
15445.963503
15447.078582
15448.453163
15448.921374
15449.597585
15450.462073
15450.959567
15451.611011
15452.695311
15453.278107
15454.353202
15455.088137
15456.196863
15456.786931
15457.882029
15458.278672
15458.911653
15460.343357
15461.079442
15461.297906
15462.103753
15462.858230
15463.672707
15465.319416
15465.654998
15466.621810
15467.361899
15468.235150
15468.669652
15469.401291
15470.208051
15471.550786
15471.618603
15472.920845
15473.662373
15474.476266
15475.155756
15476.446681
15477.043850
15477.893880
15478.317218
15479.038319
15480.232382
15480.545447
15481.260598
15482.535192
15483.775830
15484.502159
15485.049802
15485.371821
15486.556487
15487.324558
15488.065027
15489.112803
15489.557411
15490.305548
15491.119481
15492.309348
15493.088852
15493.921342
15494.839240
15495.493301
15496.235069
15496.987717
15497.618074
