54927.818399
54928.445460
54929.106526
54929.735385
54930.356315
54930.960639
54931.520428
54932.470319
54933.694220
54934.264659
54934.845037
54935.394582
54935.959235
54936.476623
54937.581614
54937.920786
54938.610645
54939.341990
54939.965359
54941.156969
54941.618866
54942.202757
54943.047890
54943.552297
54944.425434
54945.317165
54945.828376
54946.405396
54947.073676
54947.422617
54948.560854
54948.718836
54949.590972
54951.012850
54951.455401
54951.819585
54953.060043
54953.440024
54954.139578
54954.367306
54955.171049
54956.067932
54956.950480
54957.539709
54958.026080
54958.556719
54959.450462
54960.370081
54961.139955
54961.954418
54962.185623
54963.231280
54963.893894
54964.450253
54964.776265
54965.861939
54966.036547
54966.925000
54967.741851
54968.927604
54969.389294
54970.227103
54970.780373
54970.982762
54972.020354
54972.863920
54973.501574
54974.050188
54974.695689
54975.338977
54975.989848
54976.799585
54977.606489
54977.889534
54979.297372
54980.018918
54980.539049
54981.132682
54981.558025
54982.331594
54983.012749
54983.482262
54984.328419
54985.257182
54985.844618
54986.370243
54987.563075
54988.012425
54988.682400
54989.317214
54990.189722
54990.592792
54991.444497
54992.314980
54992.867077
54993.295514
54993.744949
54994.367923
54995.723386
54996.481867
