8148.986653
8150.740615
8151.026671
8152.217728
8152.965931
8153.488253
8154.272979
8155.128933
8156.304912
8157.194764
8157.981568
8158.767638
8160.078200
8160.950122
8161.346145
8162.592140
8163.454284
8164.106957
8164.870257
8165.448818
8166.448089
8168.295104
8168.668480
8169.593836
8170.415779
8171.095110
8171.823553
8173.111533
8173.738292
8174.366180
8175.531628
8176.449213
8177.331542
8178.104666
8179.690387
8180.035752
8181.013209
8181.282044
8182.430116
8183.129990
8184.254600
8185.038683
8186.605228
8187.019086
8187.927398
8188.675092
8189.458001
8190.538859
8191.317359
8192.334649
8192.995406
8193.233410
8194.929408
8196.067584
8196.948324
8197.513353
8198.242611
8199.585117
8199.884773
8200.341952
8201.755260
8202.876646
8203.529203
8204.761729
8205.259250
8206.228375
8207.281175
8208.167607
8208.846424
8209.530685
8210.510348
8211.030888
8212.265612
8213.253267
8214.668747
8215.237624
8215.962628
8216.502661
8217.268004
8218.619573
8219.346543
8220.050014
8220.852882
8222.153933
8222.908793
8223.804093
8224.783041
8225.662484
8226.606391
8227.022032
8227.898063
8228.756591
8229.309424
8231.318604
8231.752039
8232.534397
8233.385017
8234.463093
8234.940463
8235.903077
