51663.209114
51663.653482
51664.518507
51664.812826
51665.740266
51666.374672
51666.988867
51667.784636
51668.494068
51669.592522
51670.292318
51670.932104
51671.393157
51671.587424
51673.042899
51673.739220
51674.102874
51674.810844
51675.644867
51675.875911
51676.743830
51677.488114
51678.434773
51679.234015
51680.091453
51680.565063
51681.362657
51681.820068
51682.451784
51683.240053
51683.634669
51684.308708
51685.445186
51686.216692
51686.607112
51687.241347
51688.243089
51689.002267
51689.499102
51690.396983
51691.140481
51691.349838
51692.402968
51693.160706
51693.541505
51693.956252
51694.844214
51695.479079
51697.082546
51697.269713
51698.025702
51698.770378
51699.313256
51699.824171
51700.461320
51701.389406
51702.118354
51702.795004
51703.200664
51703.904509
51704.897646
51705.640712
51706.250555
51706.841517
51707.848910
51708.628572
51709.179759
51709.947973
51710.326646
51710.575667
51711.730045
51712.299182
51713.227202
51713.638131
51715.108460
51715.376115
51715.971636
51716.965730
51717.315029
51718.036492
51718.656916
51719.535360
51720.319273
51720.769971
51721.504590
51722.076259
51722.680712
51723.393943
51724.947438
51725.308314
51725.818071
51726.551326
51727.024814
51728.031674
51728.488719
51729.061727
51729.529111
51730.562774
51731.242332
51732.161069
