69949.706099
69950.406396
69950.940128
69952.510573
69952.894053
69953.413922
69954.181961
69954.910865
69955.658341
69955.885070
69956.749585
69957.460078
69958.086009
69958.745336
69959.537834
69960.105391
69960.534878
69961.270100
69962.291794
69962.961905
69963.671599
69964.667014
69965.112559
69965.383749
69966.147280
69966.634682
69967.487825
69968.258106
69968.625406
69969.541160
69970.108640
69971.279604
69971.818152
69972.519230
69972.808235
69973.492652
69974.289437
69975.331980
69975.754128
69976.311349
69976.824295
69977.484555
69978.239288
69978.680371
69979.649358
69980.666181
69981.405899
69981.768492
69982.685368
69982.953285
69983.868846
69984.573144
69984.763623
69985.349066
69986.554315
69987.298348
69987.512234
69988.660449
69989.118643
69989.565887
69990.817945
69991.255912
69992.128362
69992.422349
69993.183969
69993.998618
69994.613234
69994.950915
69995.706532
69996.193718
69997.058854
69998.027235
69998.949326
69999.610497
70000.061806
70000.491504
70001.318739
70001.880520
70002.419809
70003.401950
70004.227586
70004.549549
70004.975861
70005.744033
70007.002856
70007.197570
70008.046992
70008.751831
70009.510048
70010.530443
70010.823330
70011.380202
70011.865524
70012.713135
70012.986517
70013.976283
70014.709634
70015.409125
70016.264351
70017.062989
