2198.687512
2199.302965
2200.351020
2200.915953
2203.277453
2203.906364
2204.997801
2205.855761
2207.172161
2207.802741
2209.153744
2210.208014
2210.850941
2212.343568
2213.700256
2214.949925
2215.820565
2216.296375
2217.469375
2218.521006
2219.799815
2220.852158
2222.636604
2223.055057
2223.777772
2225.564645
2226.332734
2227.246229
2227.970573
2229.127958
2230.898690
2231.977154
2232.924853
2233.720222
2234.814934
2235.546662
2236.773643
2238.154799
2239.167743
2240.021209
2241.536186
2242.621180
2243.373668
2244.370701
2245.565286
2246.016558
2247.364431
2249.550198
2249.770766
2251.046641
2251.845318
2252.678432
2254.562246
2254.759079
2255.824565
2257.346384
2258.501847
2259.517842
2260.890259
2261.660064
2262.674430
2262.878305
2264.676399
2265.768446
2267.384501
2267.879175
2269.226998
2269.919103
2271.326282
2272.049015
2273.347534
2273.956289
2275.068664
2277.079317
2278.012628
2278.525942
2279.507305
2280.870719
2281.356483
2282.690375
2284.056011
2285.222242
2286.149814
2287.046158
2288.578849
2289.336284
2290.241458
2291.097663
2291.928901
2293.896145
2294.687918
2296.115091
2296.998522
2297.372647
2298.612363
2299.961577
2301.234125
2301.454840
2303.295481
2304.305138
