25906.224398
25907.576269
25908.334702
25909.126892
25909.792221
25910.645901
25911.076147
25911.668406
25912.735270
25913.178351
25913.746230
25915.068290
25915.699954
25916.695729
25917.109593
25917.843355
25918.857519
25919.558504
25920.502013
25920.972722
25921.413194
25922.437596
25923.246262
25923.713982
25924.168467
25925.961412
25926.340548
25927.495666
25927.722002
25928.597570
25929.076984
25929.867889
25930.603941
25931.687570
25932.252579
25932.883781
25933.467852
25934.730837
25935.406560
25936.130280
25936.966357
25937.506629
25938.775241
25939.125499
25939.660255
25940.315018
25940.881835
25941.916974
25943.039042
25943.631529
25944.736635
25945.242623
25945.755458
25946.787090
25947.254886
25948.061720
25948.867092
25949.775116
25950.177094
25950.950037
25951.929435
25952.376441
25953.378733
25954.921967
25955.043448
25955.765382
25956.218115
25957.207870
25957.789116
25958.546859
25959.252527
25960.016431
25960.883685
25962.204948
25962.489030
25963.304468
25963.850702
25964.712122
25965.771761
25966.137417
25967.270046
25967.543836
25968.323585
25968.829767
25969.776446
25971.040264
25971.734503
25972.453374
25973.134145
25974.044521
25974.618209
25975.126813
25975.604851
25976.742377
25977.612037
25978.314159
25979.149584
25979.442661
25980.890367
25981.435180
