9964.155267
9964.838469
9965.726087
9966.208217
9966.866343
9968.062474
9969.033371
9969.310627
9970.570859
9971.790012
9972.396338
9973.115830
9973.988018
9975.185148
9976.076448
9976.556270
9976.956671
9978.332770
9978.625188
9979.889859
9981.329076
9981.831091
9982.732872
9983.553013
9984.152707
9985.067624
9985.625469
9986.981163
9987.702430
9988.313141
9989.133283
9990.230332
9991.445890
9992.253150
9992.735143
9993.666948
9994.620085
9995.190600
9995.877231
9996.556933
9998.094860
9998.850397
10000.065345
10000.651847
10000.918178
10002.279122
10002.980327
10004.047053
10004.679404
10005.310331
10006.052756
10007.372875
10008.034245
10009.099264
10010.396260
10010.859145
10011.551642
10012.098374
10013.033066
10013.836810
10015.055397
10015.610960
10016.655508
10017.828606
10018.380731
10019.121152
10020.331251
10020.810492
10021.883178
10022.591974
10023.327690
10024.066739
10024.538095
10026.533389
10027.334815
10027.693447
10028.612492
10029.431275
10030.406945
10030.747920
10032.013997
10032.544373
10033.898763
10034.362265
10035.355032
10036.357179
10037.201015
10038.185395
10039.091108
10039.586905
10040.323633
10040.921662
10042.165511
10042.740883
10044.106076
10045.027803
10045.857757
10046.696656
10047.317083
10047.592439
