28682.409873
28683.342438
28683.735495
28684.507477
28684.868520
28685.597930
28686.498863
28687.169864
28688.013181
28688.744785
28689.356648
28690.748001
28691.090902
28691.700886
28692.569609
28693.550294
28693.896310
28694.897134
28695.784219
28696.123872
28696.614738
28697.365625
28698.288665
28699.611710
28700.371953
28700.811166
28701.484162
28702.358974
28703.164029
28703.513348
28704.240185
28704.971545
28706.282585
28706.682674
28707.036633
28708.413877
28708.797852
28709.724414
28710.771804
28711.333070
28712.034531
28712.846407
28713.119364
28714.051711
28714.675503
28715.468489
28716.172987
28717.211741
28718.295427
28718.928536
28719.490544
28720.212062
28720.370020
28721.724525
28722.617784
28723.117920
28723.595014
28724.431028
28725.187528
28725.924660
28727.025535
28727.627054
28728.699919
28729.132919
28730.096070
28730.574676
28731.044825
28731.995622
28732.478513
28733.230754
28734.475151
28735.193132
28735.911343
28736.363734
28737.479281
28738.332320
28738.494104
28739.656714
28740.321325
28740.817625
28741.891266
28742.446748
28742.783851
28743.532400
28745.078015
28745.838509
28746.380872
28747.267447
28747.536609
28748.592597
28748.905376
28749.742447
28750.858644
28751.285882
28751.942171
28752.908185
28753.835660
28754.559460
28755.290511
28755.618891
