22558.602286
22559.043022
22559.540442
22560.168193
22561.258013
22562.298849
22563.089942
22564.019230
22564.813758
22565.119654
22566.122584
22566.614820
22567.409005
22568.068035
22569.290381
22569.645991
22570.578069
22571.359315
22572.205950
22572.795779
22574.086303
22574.924249
22575.057667
22575.770200
22576.864481
22577.439421
22578.052978
22578.622968
22579.674833
22581.030828
22581.741460
22582.159463
22582.946882
22583.508574
22584.443448
22585.111583
22586.194698
22586.627935
22587.273130
22588.278953
22588.582713
22590.049861
22590.683225
22591.438222
22592.282337
22593.258699
22593.626266
22594.414351
22594.777238
22595.518866
22596.825134
22597.343528
22598.386946
22599.097429
22599.782844
22600.978857
22601.289441
22601.749825
22603.225940
22603.520783
22604.465669
22604.861237
22605.974176
22606.263967
22607.107093
22608.701164
22609.281869
22610.014233
22610.647026
22611.065661
22612.026047
22612.709252
22613.524162
22614.426465
22614.616107
22616.097910
22616.806196
22617.421967
22618.150897
22618.972732
22620.025692
22620.640538
22621.497002
22621.740257
22622.795518
22623.203017
22624.013328
22624.990755
22626.161820
22626.830035
22627.565624
22628.367392
22629.092226
22629.473267
22630.365468
22630.953359
22632.451682
22632.701432
22633.267823
22633.912553
