70960.680239
70961.331748
70962.179241
70962.659088
70963.467007
70964.211780
70964.696489
70965.182640
70966.326336
70966.743049
70967.156740
70968.178976
70968.996545
70969.516639
70970.379574
70971.160796
70971.693114
70972.246727
70972.676588
70973.400163
70973.910985
70974.740355
70975.424668
70976.501958
70976.796717
70977.621562
70978.561864
70979.184107
70979.785013
70979.863216
70980.861987
70981.752462
70982.561901
70982.951535
70983.402907
70984.246614
70984.640784
70985.371173
70986.632153
70987.143875
70988.020357
70988.474161
70989.130791
70989.819652
70990.161093
70991.072046
70991.578202
70992.159635
70992.981479
70993.568426
70994.590056
70995.195128
70995.999833
70996.334646
70996.849420
70998.130209
70998.764286
70998.995690
70999.958494
71000.378813
71000.948509
71001.725626
71002.398542
71002.862113
71003.588618
71004.920647
71005.367734
71006.291272
71006.534629
71007.159822
71007.904951
71008.503152
71008.940940
71009.783771
71010.977954
71011.219347
71011.550246
71012.317727
71013.444207
71013.966193
71014.725440
71015.492807
71016.019707
71016.626880
71017.577192
71018.099162
71018.635453
71019.078120
71019.482702
71020.526828
71021.253458
71022.450691
71022.580624
71023.705008
71024.094401
71024.754344
71025.283114
71026.145916
71026.674839
71027.412332
