70758.739614
70759.781341
70760.198288
70761.078868
70761.372784
70761.995338
70762.796109
70763.339377
70764.331678
70764.799004
70765.469699
70766.138670
70766.452806
70767.271374
70768.060109
70768.909818
70769.800897
70770.371377
70770.792356
70772.003128
70772.335306
70772.691789
70773.496250
70773.814034
70774.599607
70775.892116
70776.148153
70776.709121
70777.736683
70778.366910
70779.016736
70779.631086
70780.594265
70780.754259
70781.669612
70782.501536
70783.101916
70783.417724
70784.098419
70784.967184
70785.365457
70785.999767
70787.404205
70788.189140
70788.520686
70789.109824
70789.652234
70790.224994
70791.213945
70791.485563
70792.554802
70792.831091
70793.761756
70794.132229
70795.241044
70796.047088
70796.243089
70796.985944
70798.045856
70798.701825
70799.250028
70799.969413
70800.532658
70800.962838
70801.656650
70802.347681
70802.784599
70803.844414
70804.727045
70805.339119
70805.991144
70806.768883
70807.398492
70807.846526
70808.618216
70808.886015
70809.960071
70810.687367
70811.349582
70811.930950
70812.444306
70812.705597
70814.124365
70814.811346
70815.520465
70816.061071
70816.927573
70817.393084
70817.943303
70818.710798
70819.177068
70819.819605
70820.451135
70821.151284
70822.123814
70822.931312
70823.415257
70824.457454
70824.711761
70825.139226
