58033.620023
58034.688423
58035.044037
58035.596086
58035.945038
58037.254225
58037.543533
58038.202709
58038.775832
58039.690170
58040.421566
58041.183818
58041.749158
58042.620989
58043.066953
58043.866002
58045.012603
58045.287209
58045.974427
58046.557752
58047.236989
58047.768714
58048.474409
58048.995371
58050.119711
58050.829247
58051.836138
58052.022461
58053.224396
58053.575960
58054.081245
58054.577674
58055.408537
58056.422445
58057.035594
58057.626779
58058.088551
58058.573986
58059.790451
58060.362382
58061.454326
58061.713909
58062.727028
58063.072775
58064.043931
58064.608531
58064.900080
58065.533227
58066.549841
58066.947211
58067.796281
58069.062181
58069.481889
58070.164457
58070.500477
58071.525251
58071.939842
58072.946401
58073.673750
58073.915171
58074.830505
58075.262944
58076.166345
58076.777908
58077.365361
58078.025395
58079.554914
58079.989352
58080.331753
58081.046482
58081.884365
58082.168719
58082.801397
58083.735314
58084.321920
58085.169895
58085.703003
58086.493349
58087.257863
58088.102590
58088.633465
58089.369103
58089.893114
58090.738521
58091.446490
58092.287909
58092.588642
58093.330137
58093.656582
58094.283713
58095.594120
58096.399041
58097.068003
58097.628360
58098.332156
58099.103234
58099.584128
58100.071249
58100.981532
58101.423676
