35090.509231
35090.846697
35091.783033
35092.247083
35093.524304
35093.890731
35094.792088
35095.173275
35095.806086
35096.746072
35097.236834
35097.883608
35099.334983
35099.923870
35100.510759
35101.399051
35102.184964
35102.460214
35103.203232
35103.650601
35104.950420
35105.528761
35106.283609
35106.826580
35107.401118
35108.706964
35109.258487
35110.038384
35110.679383
35111.492319
35112.163341
35112.986301
35113.383497
35113.997322
35114.668279
35115.434756
35116.519150
35117.408801
35118.414658
35118.723295
35119.156197
35120.090341
35120.787073
35121.667740
35122.197009
35123.092629
35123.446915
35124.319889
35125.237459
35125.741684
35126.601269
35127.389481
35128.814524
35129.094460
35129.347368
35130.156499
35131.148529
35131.425027
35132.150601
35133.191035
35133.851240
35134.587752
35135.607617
35136.427968
35136.720423
35137.701727
35138.255058
35138.957336
35139.815424
35140.699424
35141.162425
35141.851540
35142.289987
35142.860599
35144.436376
35145.058233
35145.885054
35146.309086
35147.192940
35147.833465
35148.462239
35149.217958
35149.433740
35150.697462
35151.403070
35151.991066
35153.030693
35153.497943
35154.371190
35155.175064
35155.678808
35156.890499
35157.414722
35157.912011
35158.483691
35159.148922
35160.198041
35160.618631
35161.187220
35162.495945
