37917.076726
37918.580361
37919.159885
37919.968782
37920.681711
37921.346716
37921.791051
37922.284669
37923.046873
37924.133316
37924.843512
37925.318984
37925.945087
37926.985599
37927.896322
37928.588684
37928.885126
37929.877503
37930.678946
37931.542941
37932.004933
37932.631857
37933.088144
37933.932788
37934.490750
37935.589126
37936.606861
37937.357746
37937.912703
37938.452171
37939.180980
37939.935379
37940.662427
37941.233438
37941.860401
37942.940709
37943.457460
37944.144659
37944.817082
37945.653068
37946.382609
37947.656879
37948.144763
37948.685708
37948.959019
37950.227865
37950.622771
37951.194775
37951.868110
37952.820702
37953.557224
37954.737462
37955.090849
37956.285135
37956.393406
37956.998033
37957.960062
37958.721615
37959.591517
37960.119308
37960.895099
37961.199464
37961.790088
37963.284937
37963.680804
37964.673129
37965.347926
37966.072419
37966.923332
37967.327468
37967.890545
37968.468312
37969.266561
37970.291152
37970.866018
37971.650738
37972.615353
37972.975556
37974.112517
37974.475575
37975.305798
37976.298930
37976.819501
37977.227888
37978.198172
37978.749435
37979.484579
37980.144768
37980.502847
37982.527180
37982.613075
37983.513669
37983.837999
37984.720353
37985.217404
37985.992241
37986.902813
37987.500733
37988.073396
37988.845163
