40649.686705
40649.847154
40650.450344
40650.969903
40652.043971
40652.939681
40653.605765
40653.922019
40654.801183
40655.616145
40656.604365
40657.163261
40658.080206
40658.328646
40659.561020
40660.177193
40660.493482
40661.132372
40662.015056
40662.569181
40663.083886
40664.494989
40665.423700
40665.791275
40666.450871
40667.168966
40667.660832
40668.605275
40669.330203
40670.011361
40670.507450
40671.312021
40672.003432
40672.932402
40673.340958
40674.066452
40675.368621
40676.003010
40676.705181
40677.094210
40677.977556
40678.289776
40679.112670
40680.009878
40680.261672
40681.663430
40681.984816
40682.923618
40683.917838
40684.448852
40684.896427
40685.828512
40686.341664
40687.139683
40688.195364
40688.583400
40689.254762
40689.706900
40690.153256
40691.608340
40692.339058
40693.179732
40693.748958
40694.444618
40695.197104
40695.679111
40696.461391
40696.952701
40697.596261
40698.658590
40699.505161
40699.736300
40700.911178
40701.577596
40702.297285
40702.651163
40704.055296
40704.647872
40704.941418
40705.793484
40706.234537
40707.200539
40707.766461
40708.308598
40709.149423
40710.208291
40711.455515
40711.588396
40712.390598
40712.689232
40713.689607
40714.091641
40715.255126
40715.858891
40716.309960
40717.141520
40717.923482
40718.344633
40719.594875
40720.095877
