37773.318988
37773.616436
37774.709870
37775.495461
37776.510938
37776.753096
37777.531578
37777.874630
37778.989703
37779.459479
37780.219678
37780.649663
37782.030598
37782.848183
37783.638870
37784.146363
37784.484630
37785.446993
37786.188646
37786.590882
37787.929723
37788.278703
37788.887174
37789.512561
37790.237035
37791.282050
37792.127159
37792.804643
37793.563608
37794.140393
37795.119473
37795.470106
37796.411553
37796.626225
37797.076414
37798.544927
37799.336759
37799.675310
37800.929520
37801.399634
37802.013381
37802.848915
37803.497176
37804.278729
37804.884427
37805.738234
37806.416717
37806.753429
37807.714455
37808.281446
37809.089274
37810.273953
37811.123058
37811.767404
37812.303762
37812.528395
37813.457642
37814.394377
37814.780607
37815.899221
37816.153184
37817.070650
37818.032311
37819.001163
37819.233265
37820.096220
37820.773269
37821.787004
37822.527722
37822.922150
37823.647978
37824.359213
37824.779834
37825.598270
37826.312598
37827.811151
37828.220722
37828.716880
37829.621788
37830.546909
37830.877354
37831.342699
37832.226759
37833.044680
37833.803931
37834.721652
37835.079109
37835.642069
37836.601267
37837.697769
37838.396083
37838.886556
37839.828495
37840.319955
37841.146747
37841.517932
37842.286696
37843.037632
37843.638935
37844.428605
