52846.357346
52847.027018
52847.945315
52848.831810
52849.514289
52849.791255
52850.272348
52851.482714
52852.197351
52852.775460
52853.311813
52853.924959
52854.538026
52855.279986
52855.778696
52857.223112
52857.869897
52858.327764
52859.237285
52859.596767
52860.282570
52861.169265
52861.502503
52862.295507
52862.809591
52863.897464
52864.530044
52865.213623
52865.967251
52866.456706
52867.253773
52868.387064
52868.878004
52869.282909
52870.158873
52870.810257
52871.294844
52872.046475
52872.593975
52873.270206
52874.067931
52875.276226
52875.977786
52876.387798
52877.337725
52877.624075
52878.233589
52879.047329
52879.608268
52880.776975
52881.351624
52881.785213
52881.934507
52883.331381
52884.184854
52884.543352
52885.538288
52886.240819
52886.824995
52887.768214
52888.334448
52888.547463
52889.493299
52889.686282
52890.847430
52891.560966
52892.309664
52893.267267
52893.870436
52894.505268
52895.045531
52895.801206
52896.628383
52897.119405
52898.051099
52898.285149
52899.484385
52899.737408
52900.527312
52901.070688
52901.764604
52903.191460
52903.798001
52904.377450
52904.864627
52905.473622
52906.050909
52906.993447
52907.436820
52908.180353
52908.723210
52909.811095
52910.269007
52911.362428
52911.685548
52912.791194
52913.092623
52913.680278
52914.820221
52915.584476
