1185.155842
1185.875358
1187.345161
1188.856444
1189.963636
1191.482605
1192.218611
1193.324021
1193.857427
1196.034671
1197.071786
1198.686569
1199.356513
1200.532692
1201.810334
1203.137350
1203.855247
1204.985492
1206.870499
1208.471459
1208.989484
1209.898030
1211.416115
1212.113153
1213.598372
1215.389975
1216.183722
1217.174482
1219.050028
1219.614471
1220.816347
1221.692242
1222.952484
1225.018330
1225.855020
1227.231827
1227.917141
1228.793154
1230.584603
1231.562273
1232.529587
1234.277816
1235.502548
1236.399017
1237.977298
1238.457232
1239.490807
1240.813471
1243.078076
1243.538146
1244.851433
1245.655866
1247.372561
1248.063061
1249.159887
1250.672397
1251.659832
1253.673577
1254.431328
1255.408230
1256.181214
1257.541219
1258.779233
1260.344548
1261.611717
1262.556614
1263.676732
1264.957223
1266.179037
1267.200345
1267.570571
1270.118921
1271.134299
1272.083959
1273.261144
1274.196220
1275.092030
1276.842171
1277.763091
1279.332843
1280.155794
1281.828726
1283.000491
1283.335032
1284.854795
1285.695023
1287.410026
1289.165351
1290.104771
1290.417708
1291.945870
1293.493981
1294.118474
1295.365363
1296.801110
1298.256527
1299.405171
1300.490018
1301.495516
1302.346742
