41793.088277
41793.870915
41794.097442
41794.785661
41795.764014
41796.760022
41797.463534
41798.150922
41798.877664
41799.698408
41800.362580
41800.557693
41801.985032
41802.276798
41802.945893
41803.848363
41804.335953
41804.989162
41805.892239
41806.227049
41807.451844
41808.632766
41809.100511
41809.420184
41810.292136
41810.753666
41811.389283
41812.380541
41812.936935
41813.695592
41814.144056
41815.351274
41816.116210
41816.672176
41817.305585
41818.095925
41818.796219
41819.641980
41820.316695
41821.118434
41821.356787
41822.352767
41822.434450
41823.634097
41824.319993
41825.750051
41826.123902
41826.427382
41827.562632
41828.297738
41828.696269
41829.243124
41829.822265
41831.027357
41831.805947
41832.110821
41832.869922
41833.686133
41834.357091
41835.470032
41835.983906
41836.866274
41837.353693
41838.146737
41838.802609
41839.183022
41840.210377
41840.474877
41841.386858
41842.212602
41843.210788
41844.282117
41844.668266
41844.975254
41845.865775
41846.360231
41847.593440
41848.045296
41848.897118
41849.075241
41850.046801
41850.726686
41851.494770
41852.280506
41853.105674
41853.943626
41854.796945
41855.522231
41855.726238
41856.352669
41857.388620
41857.787105
41858.253788
41859.630202
41860.156905
41860.851970
41861.614481
41862.506103
41863.067186
41863.778389
