61873.589406
61873.801828
61874.476598
61875.173350
61876.468475
61877.054522
61877.540088
61878.543572
61879.091153
61879.453333
61880.188123
61880.726142
61881.332918
61882.346357
61883.120939
61883.660049
61884.076600
61884.893124
61885.791027
61886.804185
61887.017557
61887.762018
61888.692857
61889.077543
61890.033566
61890.481984
61890.989109
61891.466237
61892.417318
61892.864942
61894.197912
61894.826772
61895.703052
61895.877419
61896.704293
61897.231513
61897.949591
61898.701013
61899.536180
61899.937301
61900.659768
61901.231681
61901.971193
61902.939992
61903.504147
61903.764348
61905.355579
61905.834563
61906.289328
61906.995682
61907.543424
61908.102679
61908.723240
61909.400897
61910.380167
61910.723466
61911.647982
61912.610959
61913.244216
61913.737542
61914.601006
61914.968561
61915.839172
61916.411041
61917.114038
61918.122812
61918.489592
61919.149698
61919.301144
61920.281804
61921.218709
61922.322407
61922.926574
61923.391372
61923.896974
61924.865319
61925.469777
61925.956789
61926.338473
61927.328770
61927.802856
61928.986639
61929.361512
61930.010570
61931.029526
61931.474337
61932.208980
61932.825144
61933.768458
61934.541480
61934.931208
61935.440640
61936.070856
61936.878118
61937.531955
61937.982635
61938.878880
61939.848356
61940.662519
61941.499530
