34288.193666
34288.811478
34289.661209
34289.857796
34290.874136
34291.239714
34293.066644
34293.388616
34293.966669
34295.104944
34295.371984
34295.829399
34296.751675
34297.470515
34298.368157
34298.932027
34299.509738
34300.493239
34301.498245
34301.996203
34302.683871
34303.371299
34304.260837
34305.337154
34305.785162
34306.211651
34306.626283
34307.704448
34308.383573
34308.935759
34310.090642
34311.149769
34311.518378
34312.385417
34313.007387
34313.769840
34314.003553
34315.177305
34315.641914
34316.787573
34317.114944
34318.080597
34318.394890
34319.342826
34320.373595
34321.371819
34321.877423
34322.387734
34323.130390
34323.901139
34324.792237
34325.037365
34325.592591
34326.563718
34327.557677
34328.549807
34329.128394
34329.915727
34330.345386
34331.130098
34331.914953
34332.699704
34333.536278
34333.964968
34334.771013
34335.432861
34335.773991
34337.243449
34337.613893
34338.485614
34339.707354
34340.253445
34340.612611
34341.405750
34342.056329
34342.369737
34343.524595
34344.407516
34344.965336
34345.567378
34346.535079
34347.600221
34348.005808
34348.540082
34349.537503
34350.322679
34350.988583
34351.491713
34352.485181
34352.895698
34353.491017
34354.037685
34355.278855
34356.559918
34356.923067
34357.658978
34357.964573
34358.990115
34359.802402
34360.075859
