38566.441581
38567.285729
38567.739053
38568.572242
38568.964505
38569.840143
38571.174833
38571.809828
38572.457683
38573.268376
38573.705598
38574.164196
38575.021479
38575.763269
38576.710629
38577.402580
38577.889044
38578.206168
38579.887834
38580.125157
38580.853788
38581.697392
38582.557314
38583.247784
38584.019169
38584.593615
38584.883732
38585.705742
38586.332420
38587.316262
38588.087040
38588.989145
38589.970555
38590.268466
38591.010977
38591.657775
38592.627921
38593.049922
38593.681698
38594.703002
38595.325492
38595.984580
38596.428868
38597.376324
38597.913376
38599.430805
38600.025811
38600.452048
38600.990985
38601.824140
38602.448824
38603.220185
38603.791898
38604.253523
38605.495080
38605.962765
38607.100908
38607.693926
38608.340625
38609.111391
38609.508236
38610.521889
38611.460710
38611.893957
38612.663691
38613.020194
38613.767675
38614.469465
38615.397967
38616.607618
38616.812824
38617.943112
38618.587016
38619.348083
38619.798943
38620.089243
38621.001640
38622.122878
38622.553390
38623.349011
38624.179035
38624.590192
38625.646610
38626.555007
38626.917231
38627.899401
38628.645580
38629.318418
38629.736437
38630.453999
38631.556614
38631.689091
38632.221069
38633.325290
38634.799956
38635.258314
38635.592588
38636.436641
38636.992784
38637.790592
