23094.489318
23095.645629
23096.289310
23097.310192
23098.122529
23098.542146
23099.297845
23100.691039
23101.293173
23101.544593
23102.457520
23102.935523
23104.056856
23104.438600
23105.298435
23106.673241
23107.337045
23108.025953
23108.947853
23109.239511
23110.067826
23110.708099
23111.717056
23112.437717
23113.343222
23113.871268
23114.273800
23115.613577
23116.357585
23117.583845
23117.783142
23118.482046
23119.590983
23120.268181
23120.644469
23121.258506
23122.048872
23123.084133
23124.145850
23124.931077
23125.669075
23126.152573
23127.009754
23127.864200
23128.385053
23129.537462
23130.002456
23130.679528
23131.297016
23132.231156
23133.126014
23133.635907
23135.000115
23135.923845
23136.324809
23136.846451
23137.807489
23138.023609
23139.083157
23140.051057
23140.737170
23141.201571
23142.438948
23143.521797
23143.631368
23144.628226
23145.385226
23146.236151
23147.021716
23147.728774
23148.317885
23149.063705
23149.610569
23150.185574
23151.994752
23152.332602
23153.514967
23153.574227
23154.563197
23155.503837
23155.978786
23156.516841
23157.504677
23158.303669
23159.364399
23159.657454
23160.495383
23161.456642
23162.504354
23162.908419
23164.121301
23164.661816
23165.060764
23165.836471
23166.796841
23167.185376
23168.016142
23169.108591
23169.973657
23170.921485
