57206.899557
57207.815680
57208.419146
57209.576544
57210.171604
57210.839071
57211.201399
57212.043167
57212.451441
57213.189484
57213.932913
57214.573563
57215.257576
57215.831169
57217.339730
57217.789852
57218.073130
57218.760054
57219.631024
57220.037706
57221.277784
57221.632733
57222.396938
57222.690867
57223.617618
57224.205405
57224.677119
57225.837966
57226.547624
57227.469806
57227.978587
57228.645795
57229.257369
57229.945847
57230.540629
57230.963654
57231.568941
57232.794158
57233.311697
57234.197729
57234.438075
57235.346590
57236.402180
57236.813982
57237.518260
57238.212723
57238.987214
57239.564235
57240.133767
57241.093386
57241.399351
57241.832269
57242.589588
57243.853237
57244.636812
57245.191951
57246.194384
57246.540854
57246.796371
57247.775854
57248.332596
57249.398237
57249.757269
57250.468927
57251.031526
57251.917198
57252.516049
57253.558561
57253.975314
57254.510263
57255.748051
57256.380893
57256.979028
57257.357366
57257.952260
57258.585676
57259.453886
57259.931147
57260.711249
57261.720819
57262.432244
57263.144008
57263.829911
57264.407966
57265.032826
57265.638861
57266.465825
57266.893947
57268.088573
57268.439065
57268.993077
57269.678987
57270.217289
57271.027540
57272.473104
57272.817486
57273.661931
57273.687770
57274.848465
57275.444496
