44849.807396
44850.754328
44851.240796
44851.903081
44852.936294
44853.918564
44854.265935
44854.601950
44855.812397
44856.200695
44857.392076
44857.912666
44858.306913
44858.679904
44859.700713
44860.266117
44861.275908
44862.256573
44863.127480
44863.397566
44864.342152
44864.658058
44865.627686
44866.183352
44866.635856
44867.631598
44868.265151
44869.163732
44869.550205
44870.753524
44871.026171
44871.672116
44873.032145
44873.643815
44874.125333
44874.556792
44875.457603
44876.153991
44876.698481
44877.277263
44878.049742
44878.735918
44880.070261
44880.617850
44881.438041
44881.743643
44882.507622
44883.172367
44883.809382
44884.648520
44885.554173
44886.061410
44886.590510
44887.147621
44887.961628
44889.063977
44889.790139
44890.345348
44891.142214
44892.053958
44892.555161
44893.155996
44893.784315
44894.154379
44894.921456
44896.061092
44896.583600
44897.529228
44898.159061
44898.850545
44899.744630
44900.368135
44900.637473
44901.817025
44902.574119
44902.949237
44903.523801
44904.635636
44905.002675
44905.516667
44906.255632
44907.574551
44908.473895
44908.912313
44909.667944
44910.041434
44910.604246
44911.539870
44912.204102
44912.960761
44913.440836
44914.174313
44915.202783
44915.956091
44916.409201
44917.296983
44918.119635
44918.413302
44919.835959
44920.127888
