21942.661101
21943.627433
21944.831658
21945.765010
21946.464747
21947.245778
21948.085963
21948.628280
21949.458587
21949.998920
21951.077906
21951.899633
21952.157701
21953.260364
21953.875236
21954.555553
21955.508697
21956.985235
21957.268182
21958.050289
21958.743619
21959.176717
21960.047719
21960.943904
21961.611722
21962.224115
21963.177892
21964.487208
21965.076943
21965.343265
21966.409682
21967.199487
21967.917740
21968.972345
21969.459483
21970.056830
21970.593727
21971.740016
21972.017868
21973.671290
21974.443595
21974.733682
21975.970131
21976.332717
21977.321237
21977.708207
21978.166645
21979.572682
21980.333622
21980.902578
21981.521700
21982.579845
21983.384139
21984.272887
21984.989582
21985.679764
21986.555351
21987.080331
21987.900165
21988.421751
21989.229623
21989.825293
21991.230119
21991.975787
21993.106776
21993.345523
21993.918242
21994.581284
21995.832815
21996.410703
21997.131596
21997.776270
21998.492384
21999.376485
22000.235038
22001.073164
22001.725957
22003.023096
22003.649313
22004.095438
22004.644772
22005.640356
22006.095368
22006.850961
22007.874485
22008.861866
22009.555261
22010.302237
22011.291004
22011.854114
22012.426939
22013.468733
22013.979066
22014.913611
22016.007862
22016.052314
22016.777031
22017.503957
22019.074638
22019.845687
