63238.708428
63239.303197
63239.679264
63240.390938
63241.197806
63241.582307
63242.353210
63243.069680
63243.678571
63244.816134
63245.649457
63246.035312
63246.639201
63247.202785
63247.831217
63248.855270
63249.647182
63250.177666
63250.314064
63251.248709
63251.981500
63252.643138
63253.172489
63254.126234
63255.138294
63255.740350
63256.324745
63256.977236
63257.633336
63258.176111
63258.604202
63259.293583
63260.322794
63260.819313
63261.634738
63262.319681
63263.052403
63263.448931
63264.661072
63265.231824
63265.719972
63266.261821
63267.295377
63267.823677
63268.438160
63269.077498
63269.646191
63269.968186
63270.870143
63272.090925
63272.922181
63273.412756
63273.973397
63274.538379
63275.398282
63275.962284
63276.251785
63277.391482
63278.100337
63278.444036
63279.185163
63279.948850
63280.738082
63281.423818
63282.127261
63282.602139
63283.802707
63284.473435
63284.941610
63285.386743
63285.943118
63286.774622
63287.170496
63288.259585
63288.582536
63289.649279
63290.220802
63291.453199
63291.792238
63292.232113
63292.866717
63293.716162
63294.207870
63295.175981
63295.639805
63296.452825
63297.094811
63297.513672
63297.948945
63299.080791
63300.051048
63300.677658
63301.575691
63301.837558
63302.408184
63303.377851
63303.864519
63304.523516
63305.081119
63305.336455
