64124.324013
64125.072307
64125.438993
64125.860445
64127.242783
64127.473624
64127.877698
64128.450816
64129.379249
64130.164912
64130.782396
64131.469774
64132.110838
64132.592443
64133.639115
64134.124459
64135.243722
64135.666091
64136.371880
64137.314511
64137.428076
64138.060273
64138.975377
64139.378817
64140.311377
64140.660682
64141.542198
64143.022307
64143.090980
64143.989384
64144.435966
64144.860149
64145.691118
64146.549740
64147.382824
64147.799537
64148.315278
64149.063449
64149.641876
64150.452727
64151.125888
64152.005992
64152.720661
64153.649581
64154.091297
64154.680747
64155.340956
64155.951183
64156.631072
64156.930267
64157.700479
64159.020555
64159.385894
64159.916188
64160.912215
64161.556884
64162.067299
64163.076374
64163.449528
64164.126675
64164.863641
64165.538928
64166.302863
64166.955495
64167.234700
64167.703558
64168.756618
64170.092970
64170.253021
64171.428689
64171.746539
64172.466881
64172.685016
64173.778761
64174.271833
64174.806745
64175.861830
64176.311116
64176.851457
64177.691157
64178.667947
64179.285736
64179.717614
64180.349869
64181.435185
64182.152195
64182.773537
64183.198115
64183.587773
64184.333763
64185.233802
64185.634345
64186.428627
64187.448122
64188.117552
64189.005106
64189.511459
64189.997494
64190.770325
64191.298445
