22941.746854
22942.271679
22943.205706
22944.138300
22944.972711
22945.599907
22946.624070
22947.072362
22947.674246
22948.974673
22949.096139
22949.779553
22950.298873
22952.082272
22952.616433
22953.600545
22953.883246
22954.720633
22955.646090
22956.066286
22957.149163
22957.681452
22958.563807
22959.222315
22959.909867
22960.721908
22961.737333
22962.380968
22963.542600
22964.074967
22965.031859
22965.549425
22965.794356
22966.708942
22967.607642
22968.595095
22969.067355
22970.039413
22971.242886
22971.658615
22972.553907
22972.907881
22973.826877
22974.734421
22975.686627
22976.263712
22976.518882
22977.515133
22978.250045
22979.027947
22980.508558
22981.176479
22981.575985
22982.195514
22983.370843
22983.715408
22984.333245
22985.357453
22985.749303
22987.021532
22987.705856
22988.523612
22989.285290
22989.705020
22991.150341
22991.638218
22992.278726
22993.033602
22993.941993
22994.216345
22995.203824
22995.759163
22996.627983
22997.960921
22998.637949
22999.382783
23000.152377
23000.724357
23001.091736
23002.090684
23003.053716
23003.878861
23004.501827
23004.903796
23005.792859
23007.194731
23007.641064
23008.234883
23009.442451
23010.012401
23010.856779
23011.392305
23011.808494
23012.916517
23013.138579
23014.465079
23015.517285
23016.049225
23017.053481
23017.598655
