71969.978779
71970.621405
71971.408154
71971.717807
71972.421825
71973.170754
71974.168420
71974.496959
71975.452634
71976.050862
71976.699325
71977.662522
71978.252889
71978.475591
71979.281125
71979.934099
71980.537127
71980.832651
71981.877872
71983.134170
71983.471690
71984.062881
71984.858196
71985.404135
71986.325446
71986.712099
71987.134432
71988.172861
71988.749626
71989.313421
71990.282070
71990.693142
71991.018450
71991.798542
71993.030204
71993.780561
71994.322077
71994.892718
71995.745275
71996.096711
71996.707142
71997.280928
71998.085116
71998.752106
71999.244239
72000.222913
72000.719309
72001.955401
72002.194277
72003.144315
72003.425907
72003.918834
72005.131300
72005.769638
72006.394896
72006.849299
72007.336702
72007.912933
72008.815172
72009.469218
72010.142420
72011.170193
72011.852416
72012.597744
72013.028126
72013.675036
72014.311182
72014.809816
72015.403500
72016.214182
72016.990899
72017.682094
72018.355908
72018.780476
72019.726676
72020.472647
72020.879259
72022.127250
72022.545147
72023.081045
72023.419771
72024.732238
72025.041067
72025.525897
72026.040228
72026.792538
72027.454970
72028.912128
72029.220263
72030.133884
72030.358042
72031.078232
72031.738223
72032.506526
72033.005159
72033.793816
72034.466730
72035.174459
72035.724109
72036.062186
