27036.061041
27036.874059
27037.268532
27037.780887
27038.394394
27039.732348
27040.422044
27041.460481
27042.013704
27042.923121
27043.629016
27043.959229
27044.918818
27045.272622
27046.275918
27047.334964
27047.976909
27048.238171
27049.675959
27050.097052
27050.860386
27051.876117
27052.836913
27053.209908
27053.653089
27054.879465
27055.156200
27056.001474
27056.757741
27057.138361
27058.864442
27059.528060
27060.122793
27060.709324
27061.297103
27062.020688
27063.092781
27063.698391
27064.256918
27065.219754
27065.710443
27066.511702
27067.399118
27068.183388
27069.219323
27069.808694
27070.557147
27071.556678
27071.998522
27072.325167
27073.198563
27073.863303
27074.875094
27075.775485
27076.662185
27077.043266
27078.177621
27078.972102
27079.550408
27079.775830
27081.118939
27081.787450
27082.563818
27082.947795
27083.832999
27084.316648
27085.216382
27086.611950
27087.244915
27087.897176
27088.562646
27089.280276
27089.735581
27090.592879
27091.409482
27092.127151
27092.662814
27093.648793
27094.795279
27095.289575
27095.871102
27096.629084
27097.593321
27098.648515
27099.003437
27099.622645
27100.284648
27101.060603
27101.846434
27102.281925
27103.563908
27104.364025
27105.491688
27105.817938
27106.394111
27107.398947
27107.864946
27108.366803
27109.440656
27110.511415
