2621.429055
2622.048696
2622.994507
2624.050603
2624.909501
2626.460502
2626.710471
2628.098026
2629.604139
2629.994800
2632.043116
2632.443658
2633.676399
2633.966543
2635.217331
2636.432585
2637.510683
2639.062573
2640.054245
2640.462942
2641.801744
2642.755759
2643.970900
2644.887867
2645.395567
2646.689940
2648.577429
2649.325653
2650.058544
2651.227331
2652.160775
2652.770642
2653.897069
2655.615772
2656.238998
2657.537760
2658.341557
2659.658316
2660.610245
2661.582573
2662.183573
2663.393945
2664.235489
2666.030101
2666.982849
2668.291859
2668.663651
2669.253744
2670.998998
2671.918382
2672.603779
2673.874618
2675.271759
2676.066490
2677.246193
2678.538156
2679.025281
2680.039021
2680.843117
2681.841051
2683.882275
2684.529156
2685.377113
2686.496160
2687.489939
2688.385081
2689.423275
2690.633186
2691.318382
2692.368718
2694.102820
2695.208957
2695.750049
2696.695372
2697.857558
2698.290961
2699.942027
2700.731207
2702.433544
2703.143657
2703.981714
2704.955737
2706.528247
2707.090764
2708.117069
2708.476524
2710.368359
2711.458227
2712.786687
2713.525289
2714.367906
2715.339871
2716.025049
2717.665774
2718.308652
2719.770998
2720.493474
2721.798775
2723.086082
2723.768928
