64191.831714
64192.787152
64193.613076
64193.913525
64194.785153
64195.349682
64195.890672
64196.587573
64197.893649
64198.498459
64199.017566
64199.514432
64200.269794
64201.093459
64201.576635
64202.049514
64202.702824
64203.414202
64204.015774
64205.314895
64205.884602
64206.410141
64207.040052
64207.820654
64208.397758
64209.047979
64209.788060
64210.684021
64211.109804
64211.659470
64212.285243
64212.889574
64213.990395
64214.114964
64215.385518
64216.033441
64216.922349
64217.515711
64217.971939
64218.662006
64219.111738
64219.478357
64220.827995
64221.231986
64222.027771
64222.456791
64223.313538
64224.148411
64225.071467
64225.455267
64225.815865
64227.112980
64227.514949
64228.162196
64228.835600
64229.604506
64229.987788
64230.549005
64231.136431
64232.052301
64233.224050
64233.957767
64234.517133
64234.798243
64235.758441
64236.156200
64237.109808
64237.666734
64238.135713
64238.767200
64239.887795
64240.453494
64240.795744
64241.630465
64242.451673
64243.138168
64243.896137
64245.003007
64245.240905
64245.715299
64246.479640
64247.215057
64247.689368
64248.190171
64249.107305
64249.797664
64250.717694
64251.267156
64252.343879
64252.866825
64253.305648
64254.081454
64254.230848
64255.455494
64256.293538
64256.745157
64257.325685
64257.949280
64258.280932
64259.366605
