67450.033610
67450.587898
67451.576756
67452.225514
67453.297556
67453.883988
67454.220305
67454.914577
67455.347587
67456.418071
67456.477717
67457.421958
67458.277518
67458.799370
67459.744571
67460.612873
67460.979995
67461.878326
67462.352826
67463.006505
67463.625708
67464.312500
67465.311852
67465.919610
67466.208618
67466.846191
67467.332780
67468.209549
67469.475947
67469.889347
67470.740015
67471.416610
67471.663442
67472.671247
67473.351639
67473.669951
67474.150391
67475.001158
67476.079448
67476.453927
67477.075102
67478.064252
67478.841995
67479.127727
67479.845160
67480.802686
67481.659484
67481.989241
67482.687017
67483.205852
67483.957712
67484.396925
67485.311435
67485.834799
67486.414848
67487.643990
67488.600828
67488.867452
67489.649327
67490.035644
67490.447713
67491.473457
67492.116406
67492.802333
67493.491508
67494.109104
67494.631715
67495.339858
67496.340083
67496.771764
67497.824482
67498.254342
67499.161931
67499.539913
67500.582389
67500.860772
67501.463380
67502.114190
67502.666223
67503.200695
67504.507225
67505.393747
67505.688906
67506.209377
67507.291966
67507.877946
67508.287419
67508.930486
67509.893554
67510.230793
67511.206441
67511.714377
67512.341678
67512.920715
67513.492418
67514.371261
67515.494157
67516.090937
67516.618899
67517.409915
