28458.322492
28458.634720
28460.040799
28460.599439
28461.267856
28461.642700
28462.540446
28463.319161
28464.630071
28465.353587
28465.912472
28466.480619
28467.429431
28468.023294
28468.378365
28469.407384
28469.993360
28471.002834
28471.461103
28472.808151
28473.588269
28473.857947
28474.511933
28475.501268
28476.574392
28476.887370
28477.970684
28478.358025
28478.560725
28480.084013
28480.363103
28481.214549
28482.487626
28483.237597
28483.918650
28484.637261
28484.930387
28485.977617
28486.313253
28487.263780
28488.254643
28488.812188
28489.623239
28490.161200
28491.209022
28491.968205
28492.840462
28493.486537
28494.247663
28494.760049
28495.916142
28496.169135
28497.103066
28497.276006
28498.147364
28499.777348
28500.308875
28500.922523
28501.746955
28502.376203
28503.006353
28503.714800
28504.656286
28505.256621
28505.968564
28506.720904
28507.486283
28507.998242
28509.155833
28509.863721
28510.518517
28511.880640
28512.228277
28512.722398
28513.320439
28513.976689
28514.919666
28515.566591
28516.530482
28517.002082
28518.363467
28518.771544
28519.908009
28520.200730
28520.618001
28521.843532
28522.780100
28523.084136
28523.969033
28524.533491
28525.398198
28525.594530
28527.046290
28528.066381
28528.798283
28529.275142
28529.836684
28530.808584
28531.591470
28531.858999
