42577.803043
42578.266245
42578.558446
42579.584082
42580.636005
42581.285821
42581.495658
42582.346022
42583.023196
42583.560883
42584.028547
42585.338012
42585.868748
42587.173510
42587.434082
42588.047621
42589.094525
42589.310965
42590.297419
42590.827613
42591.644754
42592.194066
42593.245258
42593.783317
42594.178706
42594.861611
42595.999017
42596.991935
42597.719657
42598.174673
42598.681271
42599.539287
42600.153334
42600.880508
42601.206338
42602.370583
42602.669788
42603.885842
42604.649347
42605.394257
42605.898402
42606.682087
42607.389897
42607.709437
42609.284904
42609.486945
42610.042452
42610.705009
42611.206348
42612.175237
42612.889984
42613.803832
42614.714436
42615.297336
42616.109191
42616.763272
42617.467102
42617.672675
42618.305109
42619.435281
42620.269707
42620.649418
42621.467657
42622.337463
42622.984217
42623.734796
42624.475616
42625.390241
42625.897372
42626.598430
42627.298122
42627.927627
42628.584676
42629.299103
42629.821253
42630.274186
42631.931056
42632.646092
42633.117355
42633.876657
42634.109197
42635.070350
42635.943376
42636.425063
42637.083814
42638.016439
42638.474674
42639.385782
42639.783146
42640.929239
42641.430522
42642.327911
42643.147619
42643.946700
42644.438420
42645.127903
42645.654062
42646.202516
42646.935756
42647.651587
