41078.694447
41079.305879
41079.519024
41080.243177
41081.690940
41082.600310
41083.225256
41083.569113
41084.227992
41084.998106
41085.637546
41086.586333
41087.000441
41087.804779
41088.541705
41089.168375
41089.995035
41090.689059
41091.455144
41092.375051
41092.961414
41093.874905
41094.505772
41095.051347
41095.773328
41096.112188
41096.765686
41097.817426
41098.630048
41099.305127
41100.215837
41100.881849
41101.727442
41102.237741
41102.958567
41103.320429
41104.266751
41105.363123
41105.824370
41106.332284
41106.765040
41107.762599
41108.485911
41109.378525
41110.591205
41111.063369
41111.306052
41112.451537
41112.766180
41113.599157
41114.106816
41115.003134
41115.474819
41116.392431
41117.239121
41118.294714
41118.843353
41119.050566
41119.945489
41121.089363
41121.683181
41122.212826
41122.887153
41123.631975
41124.035209
41125.075336
41125.445475
41126.240881
41127.484706
41128.300683
41128.791019
41129.514472
41130.210106
41130.693095
41131.181942
41132.224897
41132.723082
41133.921316
41134.270759
41134.870304
41135.503324
41136.870132
41137.319126
41137.941185
41138.825230
41139.347405
41140.438915
41140.756734
41141.446440
41141.978578
41142.684375
41143.166588
41144.617068
41145.425291
41145.752351
41146.859056
41147.293998
41147.886348
41148.538623
41149.383382
