24695.438198
24696.545816
24697.069739
24697.780296
24698.530342
24699.004124
24699.666536
24700.461745
24701.902590
24702.808081
24703.157742
24703.698634
24704.878245
24705.439777
24706.010174
24706.477518
24707.781613
24708.268976
24709.263484
24709.676892
24710.681151
24711.257834
24712.497647
24713.329630
24713.612090
24714.836237
24715.110892
24715.840401
24716.536596
24717.250523
24718.222538
24718.723623
24720.041013
24720.939308
24721.509855
24722.046787
24722.746345
24723.298907
24724.601337
24725.229126
24725.832442
24726.396918
24726.975550
24728.157803
24728.835812
24729.700620
24730.856864
24731.193534
24732.327330
24732.609910
24733.304801
24734.091564
24734.727050
24735.370936
24736.624337
24737.392563
24737.899530
24739.049192
24739.400617
24740.362360
24741.212012
24741.977640
24742.324651
24743.321324
24744.335618
24744.522506
24745.314244
24745.804327
24747.531095
24748.134854
24748.900245
24749.516234
24750.185855
24750.714892
24751.559001
24752.485078
24752.898942
24753.985519
24754.715454
24755.098560
24756.543296
24757.142304
24757.547315
24758.516760
24759.588731
24760.369355
24760.645290
24761.473225
24761.829866
24762.845647
24763.613573
24764.597959
24765.534536
24766.223168
24767.264698
24767.587677
24768.290015
24768.993361
24769.727198
24770.821737
