56724.645461
56725.167852
56725.495110
56726.582603
56727.277634
56727.561732
56728.873277
56729.767209
56730.229868
56730.661935
56731.410146
56731.740696
56732.861976
56733.352703
56733.733801
56734.719824
56735.342061
56736.498398
56737.139825
56737.652378
56738.418064
56738.804627
56739.574882
56740.462052
56741.094329
56741.911034
56742.265985
56742.957339
56743.637779
56744.008997
56745.157254
56746.179207
56746.827120
56747.193750
56748.068269
56749.011743
56749.377289
56749.697992
56750.453260
56751.115781
56752.044361
56752.827528
56753.415411
56754.178693
56754.665689
56755.685908
56756.416177
56756.891964
56757.527569
56758.666965
56758.990457
56759.476884
56760.278451
56760.962799
56761.508033
56762.102300
56762.840094
56764.147457
56764.972917
56765.332901
56765.836906
56766.698007
56766.972488
56767.747842
56768.860951
56769.305508
56769.857772
56770.398156
56771.449814
56771.961821
56772.846653
56773.430617
56774.119959
56775.054650
56775.921388
56776.226112
56776.860050
56777.773837
56777.952674
56778.755915
56779.230487
56780.421698
56780.964781
56782.095728
56782.390515
56783.293677
56783.833411
56784.625355
56785.268275
56785.582448
56786.470435
56787.433988
56787.983250
56788.665141
56789.089928
56789.409473
56790.847580
56791.427505
56792.425498
56793.088392
