29352.600034
29352.982775
29353.972798
29354.583198
29355.563634
29355.628646
29356.602921
29357.422979
29358.497877
29358.846050
29359.600322
29360.040116
29361.334627
29362.057165
29362.988656
29363.680787
29364.356025
29364.834663
29365.738675
29366.073110
29367.184971
29367.567870
29368.400084
29369.530573
29370.256691
29371.278296
29371.741437
29372.369054
29372.627470
29374.337805
29374.729433
29375.157053
29376.024241
29376.601404
29377.342537
29378.183676
29378.939238
29380.168797
29380.604740
29381.791855
29382.046286
29382.738780
29383.428186
29384.019316
29384.847904
29385.577016
29386.553704
29387.401825
29387.770612
29388.702634
29389.774739
29390.167698
29391.134472
29391.844851
29392.234438
29393.481250
29393.871723
29394.420379
29395.238139
29395.550701
29397.047957
29398.321094
29398.418226
29399.131006
29400.034985
29400.537256
29401.332632
29401.898498
29402.882123
29403.737771
29404.058227
29404.805129
29406.088270
29406.457773
29407.297264
29408.100112
29409.117191
29409.843336
29410.364707
29410.938659
29411.609419
29412.040520
29413.238661
29413.970088
29414.497413
29415.758554
29416.628308
29417.068705
29417.610210
29418.686307
29418.879874
29419.965298
29420.840712
29421.578219
29421.836476
29422.901762
29423.255091
29424.260201
29425.546918
29426.215469
