47742.855216
47743.299561
47744.562401
47745.141749
47746.037129
47746.541826
47747.479837
47747.685349
47748.064800
47749.083889
47750.032895
47750.769286
47751.245117
47751.757355
47752.525708
47753.712548
47754.291875
47754.673553
47755.924437
47756.327535
47756.988265
47757.939272
47758.148454
47759.014385
47759.599315
47759.941034
47761.107386
47761.923973
47763.029623
47763.579878
47763.986412
47764.461386
47765.517036
47766.161954
47766.905534
47767.299380
47768.136812
47768.953298
47769.555296
47770.087298
47770.921570
47771.553421
47772.635535
47773.520358
47774.229370
47774.474724
47775.135100
47776.012884
47776.457791
47777.129422
47777.769368
47778.896299
47779.360348
47780.036923
47781.169399
47781.824809
47782.204553
47783.149877
47783.413044
47784.363657
47785.554016
47785.820281
47786.246184
47787.032068
47787.604467
47788.173790
47789.564698
47790.184766
47790.855844
47791.608751
47792.301564
47792.916048
47793.500541
47793.939482
47794.848773
47795.435958
47796.479799
47796.743190
47797.893506
47798.507252
47798.993382
47799.883460
47800.669262
47801.463453
47802.160091
47802.773955
47803.478981
47803.547769
47804.927557
47805.379002
47805.795285
47806.436671
47808.002706
47808.589439
47809.204678
47809.833103
47810.268264
47811.125015
47811.571397
47812.541214
