46052.475927
46052.625056
46053.229041
46054.002434
46054.506266
46055.420804
46055.907973
46056.578912
46057.729308
46058.455671
46059.195323
46059.893428
46060.508657
46061.022352
46061.903392
46062.169277
46063.575262
46063.872354
46064.632086
46065.225274
46065.748949
46066.386541
46067.651744
46068.622791
46069.068752
46069.407708
46070.632416
46071.029327
46071.843490
46072.086037
46072.799530
46073.681692
46074.378965
46075.258515
46076.217313
46076.614950
46077.349403
46078.370616
46078.532330
46079.488172
46080.524300
46080.894284
46081.508156
46082.154139
46082.734224
46083.706147
46084.216431
46084.758703
46086.121118
46086.944267
46087.518859
46088.007972
46088.638299
46089.208975
46089.735251
46090.879600
46091.526383
46091.920527
46092.890019
46093.357720
46094.402287
46095.125982
46095.716607
46096.420150
46097.327202
46098.041250
46098.455756
46099.325028
46100.064033
46100.532766
46100.684398
46101.780393
46102.847238
46103.786950
46104.469654
46104.815042
46105.657830
46106.490259
46106.918302
46107.689113
46108.287890
46108.918519
46110.066980
46110.603495
46110.897843
46111.616616
46112.797899
46113.269373
46114.309084
46115.125913
46115.674971
46116.174369
46116.734680
46117.601979
46118.045169
46118.796922
46119.548003
46120.455985
46120.864020
46122.215813
