20861.701883
20862.200875
20863.287603
20864.142322
20864.668121
20865.408307
20866.291443
20867.212067
20867.823863
20868.991731
20869.526035
20870.279990
20871.417540
20871.728832
20872.665958
20872.920522
20873.836990
20874.495874
20875.893069
20876.834813
20877.210113
20877.942930
20879.273031
20879.427025
20880.058315
20881.067249
20881.885859
20882.795685
20883.210515
20883.973270
20884.762461
20885.631397
20886.941028
20887.513670
20888.280002
20888.917842
20889.746471
20889.946112
20891.100907
20891.839610
20892.481787
20893.352099
20894.380486
20895.540549
20895.961286
20896.279215
20897.248951
20898.469270
20899.037278
20899.692034
20900.344984
20901.011677
20901.679342
20902.674721
20903.512126
20904.739407
20905.324844
20906.089166
20906.722335
20907.407683
20908.075064
20908.873942
20909.349326
20910.941635
20911.177172
20911.851628
20912.823678
20913.871959
20914.359580
20915.600774
20915.998761
20916.562123
20917.692255
20918.330625
20918.825243
20919.407191
20920.201802
20921.757953
20922.288811
20923.377822
20923.720603
20924.419371
20925.193974
20925.872687
20926.980809
20927.522000
20928.268754
20928.871439
20929.758366
20930.803899
20931.460085
20932.181522
20933.357510
20934.126394
20934.654789
20935.287506
20935.690873
20936.649606
20937.556827
20938.292157
