55066.381826
55066.850227
55067.141836
55068.196654
55068.775612
55069.780489
55070.702485
55071.176612
55071.809870
55072.188676
55073.244456
55073.686241
55074.325783
55074.882635
55075.446171
55076.563754
55077.381786
55078.134503
55078.782982
55079.584852
55079.865500
55080.436355
55081.501089
55082.126055
55082.907944
55083.490232
55084.091523
55084.265517
55085.617353
55086.001987
55086.987192
55087.851260
55088.331443
55089.354661
55089.974572
55090.384669
55090.953969
55091.315981
55092.367479
55093.095173
55093.754593
55094.482864
55095.235274
55096.048299
55096.607315
55097.441859
55098.067161
55098.648301
55099.554127
55100.051759
55100.939046
55101.195008
55102.218125
55102.579096
55103.265543
55103.703558
55105.480968
55106.093537
55106.285394
55106.906514
55107.868432
55108.226430
55109.042412
55109.754245
55110.201759
55111.288243
55111.500261
55112.555145
55113.308985
55113.720084
55114.697013
55115.333533
55116.072971
55116.913446
55117.599249
55118.100551
55118.715944
55119.334433
55119.734683
55120.583544
55121.446529
55122.314853
55122.811496
55123.933500
55124.512151
55125.083219
55125.816052
55126.207551
55126.713096
55127.929270
55128.525456
55129.155726
55129.805270
55130.163965
55130.864392
55132.059298
55132.654383
55133.370363
55134.505182
55134.677913
