61599.660362
61600.308038
61601.481530
61602.011294
61602.801691
61603.155899
61604.243799
61604.951105
61605.586683
61606.432722
61606.706169
61607.363014
61608.515945
61609.147209
61609.523796
61610.094311
61610.682997
61611.358468
61612.080768
61612.989299
61614.157645
61614.721857
61614.992168
61615.845023
61616.452997
61617.015398
61617.930616
61618.090032
61619.340721
61619.590709
61620.353333
61621.327168
61622.005435
61622.398263
61623.160181
61624.036238
61625.046260
61625.459871
61626.141547
61626.604934
61627.107279
61628.142479
61628.626828
61628.951417
61629.918954
61630.817105
61631.598206
61632.584289
61632.984893
61633.448124
61634.283182
61634.826800
61635.283921
61636.467057
61636.904937
61637.697443
61638.242542
61638.783230
61639.128264
61640.567250
61641.214665
61641.867634
61642.391285
61643.402347
61643.985388
61644.340542
61645.188871
61645.739030
61646.051900
61646.869344
61648.022286
61648.667571
61649.085429
61650.209294
61650.662344
61651.362865
61651.887969
61652.670847
61653.610866
61654.041510
61654.647670
61655.198666
61656.112138
61656.666213
61657.085502
61657.879731
61658.848020
61659.991298
61660.445597
61661.179075
61661.404069
61662.089095
61662.742481
61663.575721
61664.250157
61664.901870
61665.413015
61666.316178
61666.934189
61667.871141
