12977.003068
12977.968672
12978.733678
12979.237334
12979.826990
12981.480384
12981.979301
12982.828944
12983.962660
12984.497524
12985.344881
12986.009754
12986.540370
12987.509958
12988.155671
12989.617910
12990.399412
12991.131575
12992.062597
12992.339886
12993.688387
12994.383591
12995.103807
12995.729237
12996.832443
12997.359344
12998.251295
12998.884197
13000.701604
13001.175339
13001.725955
13002.709111
13003.130517
13004.029500
13004.764722
13005.860702
13006.406899
13007.460262
13008.443761
13009.190802
13010.145125
13010.656744
13011.599603
13012.569133
13013.606250
13013.961568
13014.249060
13015.378862
13016.364703
13017.683202
13018.463267
13018.986556
13020.065696
13020.734800
13021.333389
13021.883576
13023.181323
13023.949284
13024.552739
13025.487959
13026.461475
13027.049302
13028.307131
13029.117970
13030.029388
13030.372567
13031.070624
13032.316541
13032.568358
13033.529506
13034.357560
13035.870304
13036.697271
13037.145933
13037.764049
13038.589307
13039.643525
13040.546036
13041.053218
13041.934391
13042.719730
13043.299400
13044.498543
13045.711746
13046.066885
13047.439484
13047.824751
13048.548722
13049.448840
13049.931550
13050.537038
13052.268712
13052.584648
13053.512423
13054.474708
13055.414069
13056.104527
13056.652615
13057.875358
13058.430780
