18755.790552
18756.649859
18757.562862
18757.821999
18758.930173
18759.961749
18760.613256
18760.980919
18761.887427
18762.590709
18763.275414
18764.852231
18765.098276
18766.158588
18767.210199
18767.730765
18768.129769
18768.838031
18769.587778
18770.795236
18771.382921
18772.181063
18772.989735
18773.871869
18774.835165
18775.458706
18776.104348
18777.338405
18777.755327
18778.366263
18779.429220
18779.783678
18780.706450
18781.113458
18783.008143
18783.549146
18784.235398
18784.794004
18785.458135
18786.418300
18787.191827
18787.837205
18788.606037
18789.478560
18790.177001
18791.163867
18791.776719
18792.624176
18793.870658
18794.381594
18795.177579
18795.807609
18796.749027
18796.857531
18797.836098
18798.852570
18799.773185
18800.557962
18801.531119
18802.408209
18802.871422
18803.650125
18804.255189
18805.148940
18806.294758
18806.971519
18807.307375
18807.758607
18809.189569
18809.918326
18811.090955
18811.815915
18812.301223
18813.177740
18814.013133
18814.280601
18815.468871
18815.738552
18817.016427
18817.699501
18818.848925
18819.593396
18820.001326
18820.760619
18822.056516
18822.687970
18823.290219
18823.860120
18824.794458
18825.432338
18826.423105
18826.633786
18828.282144
18829.209709
18829.741509
18830.516337
18831.084493
18831.730758
18832.464910
18833.647633
