73044.716010
73045.336013
73046.429633
73046.798073
73047.441797
73048.165036
73048.929695
73049.417672
73049.542444
73050.293068
73051.450178
73052.274697
73052.831866
73053.634102
73054.142712
73054.941770
73055.527065
73056.266513
73056.512248
73057.571648
73058.093500
73058.918652
73059.398381
73060.029664
73060.629568
73061.193020
73062.241218
73062.956440
73063.903412
73064.448426
73064.953789
73065.678306
73065.884120
73066.733138
73067.453810
73068.162485
73068.853864
73069.183881
73070.194014
73071.363543
73071.500378
73072.416198
73072.880811
73073.380353
73074.360591
73075.193003
73075.786583
73076.230943
73076.678894
73077.390406
73078.256833
73078.639250
73079.315950
73080.862554
73081.160184
73081.523753
73082.640050
73083.048759
73083.652925
73084.299740
73084.747300
73085.390861
73086.425596
73086.977020
73087.747409
73088.252018
73088.806619
73089.672700
73090.498501
73091.401978
73091.760111
73092.287768
73093.269668
73093.703222
73094.440957
73094.875760
73095.526518
73096.120277
73096.723346
73097.902444
73098.750346
73099.198280
73100.103460
73100.434054
73100.965222
73101.590731
73102.542172
73103.152924
73103.749232
73104.671202
73104.860826
73105.331533
73106.736522
73106.958037
73107.852488
73108.397328
73109.455396
73110.196979
73110.747428
73111.038138
