4219.086410
4219.672061
4221.306739
4222.126671
4222.507243
4223.901179
4225.282365
4225.722307
4227.210630
4227.984705
4228.980834
4229.533411
4230.657847
4231.008079
4232.660327
4234.137260
4234.672186
4235.502814
4236.708778
4237.343105
4238.581562
4239.083355
4240.609223
4241.104024
4241.783753
4243.573652
4244.575822
4245.621059
4246.010961
4247.050666
4247.882863
4248.798229
4249.842360
4251.024571
4252.063770
4253.452157
4253.641943
4254.606741
4256.253977
4256.903916
4257.398426
4258.412309
4259.219971
4260.828780
4261.801316
4262.834917
4263.851070
4264.326484
4265.197753
4266.175526
4267.375018
4268.223032
4269.311963
4270.228945
4271.219357
4272.626546
4273.266070
4274.006198
4275.106732
4275.863648
4276.733176
4277.420042
4279.548867
4280.161625
4280.973787
4281.587159
4282.943479
4283.493728
4284.844965
4285.629053
4286.158107
4287.680518
4288.504766
4289.812145
4290.683826
4291.674919
4292.726444
4292.817263
4293.813814
4295.348211
4296.247687
4297.269668
4298.663179
4299.054947
4300.089148
4301.012050
4302.145194
4303.183384
4303.534636
4304.617528
4305.613823
4307.449077
4307.998991
4309.172964
4309.358615
4310.632176
4311.662007
4312.226430
4313.401370
4314.799283
