10896.522608
10896.940013
10897.916643
10898.874562
10898.951157
10900.022771
10901.273082
10902.104118
10902.337586
10903.337627
10904.308572
10905.374716
10906.048673
10907.229914
10907.980696
10909.098642
10909.445044
10909.838229
10910.883621
10911.995114
10912.522965
10913.928614
10914.641361
10915.439141
10916.483791
10916.881461
10918.033210
10918.670335
10919.630142
10920.470743
10921.057206
10921.881461
10922.417471
10924.476431
10924.797757
10925.827239
10926.060108
10927.238051
10928.084797
10928.467951
10929.516193
10930.447208
10931.378702
10932.232117
10933.326094
10933.757923
10934.745443
10935.914827
10936.539470
10937.320704
10937.959226
10938.632709
10939.372696
10940.744584
10941.414846
10942.618390
10943.610397
10944.178324
10944.546350
10945.619128
10946.243265
10947.715511
10948.091376
10948.775887
10949.665648
10950.853699
10951.680287
10952.562289
10953.734888
10954.043012
10954.803397
10955.942904
10956.460773
10956.894567
10958.081616
10959.471812
10960.340356
10961.094677
10961.324759
10962.722775
10963.308188
10964.396650
10964.863491
10965.776814
10966.694037
10967.390885
10968.041208
10969.533336
10970.421164
10971.141738
10972.098750
10972.472963
10973.304073
10973.925492
10975.101992
10976.042492
10976.596708
10977.797836
10978.663523
10979.608278
