44637.557307
44638.326690
44638.800850
44639.850874
44640.323161
44640.904103
44641.350866
44642.194449
44643.025290
44643.693612
44644.818484
44645.594303
44645.960006
44647.020154
44647.576282
44647.832434
44648.560867
44649.147268
44650.485050
44651.028307
44651.361714
44652.089874
44653.133172
44653.934353
44654.437290
44655.356995
44655.899825
44656.840556
44657.245690
44658.255676
44658.498457
44659.175518
44660.038008
44660.335811
44661.478610
44662.649513
44663.322407
44663.898229
44664.201693
44665.032029
44665.869848
44666.424099
44667.444822
44667.716772
44668.351180
44669.551982
44669.906798
44670.486405
44671.538553
44672.070308
44673.177470
44673.964407
44674.453990
44675.122759
44675.435906
44676.490650
44676.874122
44677.543556
44678.405222
44679.321468
44680.025129
44680.711976
44681.599840
44682.406578
44682.832668
44683.215050
44684.138381
44685.301571
44685.558027
44686.328195
44687.068658
44687.470343
44687.847025
44689.392616
44690.208437
44690.574268
44691.680573
44692.054794
44692.783238
44693.560120
44693.891969
44694.578591
44695.536130
44696.023927
44696.992577
44697.690059
44698.497665
44699.172934
44699.766585
44700.447951
44701.441569
44702.205793
44702.812651
44703.091669
44703.963459
44704.593879
44705.477307
44705.882481
44706.510606
44707.756985
