53054.863767
53055.458075
53056.575516
53057.024448
53057.950842
53058.785623
53059.225989
53060.082117
53060.234751
53061.055847
53061.811656
53062.276806
53063.220819
53064.036438
53064.868560
53065.444194
53065.984977
53066.912626
53067.660359
53068.128715
53068.911933
53069.839860
53069.970241
53070.931414
53071.750520
53072.294282
53072.455659
53073.319587
53074.936699
53075.429917
53075.937932
53076.553340
53077.412923
53077.779188
53078.370722
53079.343650
53079.774622
53080.751790
53081.179535
53082.026076
53082.607607
53083.650417
53084.287411
53084.736680
53085.596405
53086.366368
53087.228981
53087.919267
53088.158503
53088.754033
53089.328517
53090.309271
53090.892850
53091.855492
53092.578642
53093.372645
53094.264495
53094.613769
53095.309853
53095.746857
53096.710553
53097.126105
53098.234077
53098.784431
53099.317198
53099.879329
53100.650058
53101.566309
53102.074699
53103.458554
53103.889199
53104.342723
53104.817819
53105.854834
53106.296361
53107.061616
53107.556102
53108.022877
53109.074357
53110.037894
53110.742561
53111.566160
53111.988525
53112.339655
53113.447243
53114.237206
53114.730761
53115.339731
53116.304106
53116.656105
53117.237981
53117.975099
53118.719218
53119.594504
53120.508254
53121.172891
53121.937687
53122.645186
53123.015488
53123.766405
