54650.477183
54651.091839
54652.496231
54652.848040
54653.896627
54654.320059
54654.795919
54655.610569
54656.130107
54657.130417
54657.394845
54657.870703
54658.832985
54659.961399
54660.650499
54661.187366
54661.777344
54662.566139
54663.154498
54663.905732
54664.837949
54665.286833
54665.822549
54666.648634
54667.245020
54667.700878
54668.516861
54669.381936
54670.234069
54671.210764
54671.591762
54672.441074
54673.040138
54673.476467
54674.136425
54674.467730
54675.813320
54676.493112
54676.901560
54677.433657
54678.437606
54679.272482
54680.033822
54680.452608
54681.196728
54682.081944
54682.615922
54683.547620
54683.860136
54684.658125
54684.913450
54685.723329
54686.641660
54687.313175
54688.728791
54689.099134
54689.474769
54690.059145
54691.004633
54691.650728
54692.108502
54692.986893
54693.606618
54694.169392
54695.096631
54695.661416
54696.352571
54697.066639
54697.656466
54698.963205
54699.513136
54700.067051
54700.442555
54701.393438
54701.763475
54702.581421
54703.122081
54703.760556
54704.822165
54705.325816
54706.505597
54706.866130
54707.747042
54708.266299
54708.834485
54709.367076
54710.361736
54711.380251
54711.469796
54712.403321
54712.835221
54713.259799
54714.275340
54715.506797
54715.922180
54716.646182
54717.302277
54718.368693
54718.559319
54719.109452
