40577.483608
40578.662553
40579.363050
40579.523739
40580.184388
40580.895424
40581.956730
40582.191029
40583.660907
40584.171018
40585.000365
40585.640000
40586.426090
40586.887565
40587.431198
40588.094882
40589.033071
40589.559198
40590.478737
40591.342391
40591.944954
40592.558459
40593.324368
40594.403981
40594.775522
40595.771387
40596.235257
40596.735916
40597.910051
40598.156412
40598.923433
40599.409030
40600.162383
40601.727162
40602.212917
40602.976085
40603.290491
40604.176922
40604.699354
40605.524364
40606.046792
40607.100242
40607.730501
40608.121395
40608.980513
40609.673861
40610.824555
40611.349279
40611.772318
40613.061449
40613.702691
40614.118562
40614.967829
40615.432762
40615.922449
40616.526442
40617.982698
40618.217194
40619.110501
40620.166815
40620.758816
40621.407302
40622.007405
40622.579902
40623.425888
40624.304386
40624.688329
40625.929313
40625.998567
40626.715051
40627.511353
40628.311421
40629.441445
40630.221955
40631.081134
40631.261693
40631.714109
40632.901126
40633.424358
40634.012133
40634.575399
40635.451471
40636.270418
40637.317936
40637.940814
40638.371937
40639.267508
40639.816747
40640.789470
40641.570783
40642.054261
40642.774972
40643.342046
40643.972826
40644.765181
40645.253286
40646.470906
40647.398470
40647.873584
40648.660115
