43644.298960
43644.881430
43645.497963
43646.469799
43647.324783
43647.836546
43648.593489
43649.580117
43650.185100
43650.720110
43651.643596
43651.993064
43652.681699
43653.326532
43653.757849
43654.994134
43656.151930
43656.387480
43657.160031
43657.950142
43658.724371
43659.071905
43660.135026
43660.431977
43661.295349
43662.086999
43663.104849
43663.369726
43663.548111
43664.881160
43665.756596
43666.575907
43667.383749
43667.981434
43668.430107
43669.230803
43669.669593
43670.471288
43671.218046
43671.788301
43672.643411
43673.471429
43674.169792
43675.413461
43675.561402
43676.288396
43676.574036
43678.125723
43678.518029
43679.220422
43679.747563
43680.266413
43681.028843
43681.760802
43682.561383
43683.460870
43684.436369
43684.997590
43685.716355
43686.350446
43686.904200
43687.473357
43688.203235
43688.850992
43689.899000
43690.349328
43691.217743
43691.979325
43692.381867
43693.434272
43694.210086
43695.023561
43695.609279
43695.970478
43697.049074
43697.610621
43698.223622
43698.697878
43699.464739
43700.013085
43701.532261
43702.271915
43702.646520
43703.331740
43703.904550
43704.828548
43705.306773
43705.865261
43707.137493
43707.587972
43707.850334
43708.777675
43709.605134
43710.485321
43710.945034
43712.067987
43712.504850
43713.643052
43714.148159
43714.544897
