26660.193530
26660.886981
26661.841785
26662.436692
26662.961541
26663.895310
26664.942503
26665.417692
26665.843267
26666.673577
26667.036738
26668.517303
26669.418866
26670.279216
26670.770720
26671.208874
26672.548323
26672.860072
26673.156675
26674.356578
26675.159512
26675.826356
26676.469567
26677.562898
26678.177585
26678.855451
26679.654727
26680.798282
26681.422652
26681.954286
26682.602950
26683.106768
26684.134564
26684.691091
26685.457907
26686.313914
26687.560829
26688.264111
26689.010671
26689.279404
26690.003672
26690.877859
26691.745987
26692.642382
26692.974921
26693.952317
26694.500156
26695.111358
26696.400657
26697.127045
26697.961620
26698.563594
26699.379627
26700.032037
26700.731863
26701.274010
26702.131374
26702.310866
26703.995327
26704.795605
26705.053277
26706.091153
26706.995400
26707.375887
26708.309896
26709.097545
26709.691589
26710.566732
26711.152112
26711.890389
26712.511683
26713.141816
26714.394105
26715.415282
26715.898348
26716.971749
26717.309835
26717.725654
26718.511030
26719.545241
26720.202097
26721.021877
26721.524587
26722.417659
26723.765273
26724.003276
26724.734440
26725.432622
26726.690640
26727.054000
26728.026019
26728.522566
26728.873611
26729.815186
26730.611425
26731.309328
26732.929202
26733.076800
26734.001636
26734.576104
