54512.241266
54512.561940
54513.480452
54513.693824
54514.749928
54515.972626
54516.670315
54517.020403
54518.029011
54518.474873
54518.876641
54519.795506
54520.409231
54520.988657
54521.923151
54522.376005
54523.082590
54524.078481
54524.793210
54525.236393
54525.793415
54527.114742
54527.545313
54528.315893
54528.905356
54529.350024
54529.912940
54530.762119
54531.482388
54531.985885
54532.699783
54533.900665
54534.719296
54535.331542
54535.529769
54536.584844
54537.159749
54537.445690
54538.481131
54539.318852
54539.955826
54540.599148
54540.848502
54541.736723
54542.601066
54543.429237
54544.538302
54544.764995
54545.362830
54546.287753
54546.960001
54547.609719
54548.030281
54548.326407
54549.395107
54550.239075
54551.051261
54551.828368
54552.392458
54553.245199
54553.634046
54554.652252
54554.904612
54556.053786
54556.551311
54557.164294
54557.697661
54558.703357
54558.906934
54559.730132
54560.639674
54561.293094
54562.541350
54563.143830
54563.503821
54564.123202
54564.731227
54565.148895
54566.307109
54566.855701
54567.419295
54568.167652
54568.930860
54569.632241
54570.634659
54571.117229
54571.783274
54572.240786
54573.616012
54573.867367
54574.507415
54575.119430
54576.033289
54576.340273
54576.759753
54577.706277
54579.066315
54579.551068
54580.218139
54580.814451
