22788.195867
22789.474813
22789.865921
22790.793944
22791.918103
22792.433711
22793.229224
22793.663439
22794.505768
22795.132650
22795.617215
22797.137549
22797.522589
22798.561567
22799.432576
22800.362539
22800.664620
22801.299243
22802.062442
22803.187922
22803.886138
22804.569994
22805.145270
22805.651497
22806.722366
22807.939869
22808.434814
22809.562541
22810.062277
22810.640047
22811.521967
22812.063605
22812.824303
22813.500155
22814.304659
22815.281413
22816.471608
22817.024952
22817.317805
22818.385547
22819.238327
22820.007988
22820.894469
22821.369248
22821.800052
22823.116830
22823.457940
22824.081678
22825.179428
22826.553441
22827.074600
22827.584024
22828.445522
22829.129616
22829.618136
22830.251545
22831.629330
22832.080397
22832.693040
22833.647147
22834.376294
22835.458452
22836.081703
22836.941250
22837.309616
22838.746370
22839.031580
22839.949969
22840.102523
22840.979678
22841.803520
22843.075365
22843.878876
22844.686050
22845.238857
22846.018565
22846.746574
22847.356937
22848.134716
22849.236636
22849.479208
22850.554222
22851.127762
22852.019417
22852.771300
22853.565700
22854.941600
22855.381492
22856.045573
22856.445950
22857.282463
22858.126903
22858.973076
22859.258589
22860.487059
22861.349546
22862.370367
22863.094463
22863.546086
22864.051433
