62897.511514
62897.963395
62898.628396
62899.025919
62900.516172
62901.206029
62901.798102
62902.407377
62903.057786
62903.612242
62904.103490
62904.840013
62905.758537
62906.422473
62907.081480
62907.480116
62908.072222
62909.185943
62909.836291
62910.622822
62911.008555
62911.993125
62912.822037
62913.303030
62913.899637
62914.520771
62915.041181
62915.309018
62916.633543
62917.247871
62917.789731
62918.933091
62919.626146
62919.892052
62920.886569
62921.282449
62922.000768
62922.934619
62923.123276
62924.369160
62924.565493
62925.451117
62925.998366
62926.460255
62927.381552
62928.185587
62929.571985
62929.858093
62930.108794
62930.821240
62931.525284
62932.486299
62932.779963
62933.316876
62934.194409
62934.934153
62935.543609
62936.717466
62937.134585
62937.669535
62938.563852
62938.975907
62939.825915
62940.725908
62941.305654
62941.660662
62942.607637
62943.003038
62943.383927
62944.398977
62945.179465
62946.230498
62946.625750
62947.490115
62948.223730
62948.874537
62949.299715
62949.752404
62950.370977
62951.374704
62952.264005
62952.564982
62953.467060
62953.811415
62954.694044
62955.689217
62956.276861
62956.834597
62957.667335
62958.374860
62959.036959
62959.526831
62959.944620
62961.088248
62961.388044
62961.752251
62962.752187
62964.085977
62964.575866
62965.218171
