46686.916588
46687.747237
46688.364650
46689.036984
46689.314636
46690.033297
46690.746398
46691.795314
46692.628746
46693.591222
46693.948440
46694.745200
46695.323687
46695.830972
46696.867737
46697.319718
46698.295125
46698.539674
46699.457409
46700.336315
46700.657334
46701.707007
46702.032211
46703.642288
46703.805861
46704.841937
46705.306675
46705.747578
46706.211737
46707.446820
46707.838430
46708.341878
46709.258160
46710.248351
46710.882308
46711.759811
46712.309685
46713.107865
46713.425402
46714.284779
46715.198534
46715.914375
46716.446066
46717.102133
46717.567435
46718.301572
46718.886596
46720.413124
46721.027632
46721.288596
46722.193163
46723.163101
46723.576385
46724.016276
46724.688483
46725.423938
46726.143638
46727.181862
46727.829437
46728.109851
46729.399239
46729.774536
46730.550137
46731.478938
46732.022160
46732.866060
46733.479364
46733.933588
46734.588382
46735.490967
46735.858004
46736.724681
46737.316848
46738.730054
46739.394979
46739.991134
46740.379187
46740.942118
46741.690409
46742.603150
46743.160946
46744.193825
46744.371050
46745.166277
46745.884055
46746.814291
46747.707449
46747.858513
46749.266095
46749.724048
46750.521133
46750.860514
46752.010027
46752.243622
46752.716460
46753.409878
46754.398709
46755.441090
46755.882464
46756.988436
