60505.007641
60505.830270
60506.107056
60506.979905
60508.204242
60508.462199
60509.430620
60509.937080
60510.827942
60511.291901
60512.004639
60512.575794
60512.968489
60513.945373
60514.407382
60515.029924
60516.518967
60517.014503
60517.515078
60518.073224
60518.884643
60519.324446
60520.248152
60520.957795
60521.665412
60522.092973
60522.564742
60523.781491
60524.080633
60524.768951
60525.406277
60526.664937
60527.280639
60527.995508
60528.516019
60529.036728
60529.759999
60530.261606
60530.845741
60531.711220
60532.452039
60533.127888
60533.889193
60534.502633
60535.521478
60535.950051
60536.782515
60537.212785
60537.913465
60538.739120
60539.545192
60540.161676
60540.716353
60540.919536
60541.760768
60542.454207
60543.946677
60544.148099
60545.021070
60545.772057
60546.249671
60546.877433
60547.531362
60548.229204
60548.724348
60549.388608
60550.553825
60550.892847
60551.363841
60552.632085
60553.007403
60553.670226
60554.331951
60555.507958
60556.030326
60556.651918
60556.986288
60557.578305
60558.722508
60558.845324
60559.760892
60560.232860
60561.278070
60562.164686
60563.051784
60563.592827
60564.090164
60564.303939
60565.403131
60566.053509
60566.720552
60567.489703
60568.165958
60568.633359
60569.232225
60569.972712
60570.851518
60571.699603
60572.570436
60572.929440
