67314.588962
67315.514873
67316.587144
67317.030673
67317.634937
67318.099660
67318.721021
67319.345575
67319.826669
67321.060481
67321.733410
67321.837719
67322.580917
67323.686507
67324.360425
67325.009861
67325.490319
67326.398994
67327.078406
67327.791331
67328.300840
67329.039013
67329.645193
67330.213265
67330.435305
67331.499590
67332.229924
67333.401999
67334.107443
67334.458939
67334.936761
67335.780651
67336.612640
67337.141588
67337.488736
67338.348739
67339.221981
67339.682116
67340.590214
67341.015407
67341.490647
67342.530650
67343.355377
67344.097497
67344.860732
67345.325654
67345.940427
67346.466026
67347.171085
67347.886994
67348.203668
67349.209933
67349.886706
67350.574929
67351.497502
67352.296755
67352.776510
67353.576572
67353.826095
67354.328236
67355.843731
67356.178211
67356.601541
67357.383574
67357.817775
67358.494340
67359.236196
67360.142652
67361.060511
67361.576884
67362.250652
67363.329949
67363.556096
67363.952827
67364.757351
67365.447266
67365.963437
67366.760940
67367.487821
67368.457965
67368.830572
67369.638636
67370.249182
67371.035078
67371.700431
67372.564479
67373.023785
67373.703488
67374.215060
67374.960189
67375.825288
67376.124882
67376.643488
67377.322151
67378.781410
67379.562724
67379.839126
67380.437952
67381.378993
67381.522635
