24999.024046
24999.516517
25000.349751
25001.600386
25002.121243
25002.737899
25003.562122
25003.944237
25005.240154
25005.985079
25006.541478
25007.077993
25007.548419
25008.558012
25009.586639
25010.382253
25011.573662
25011.919384
25012.629733
25013.360293
25014.197298
25014.615366
25015.284956
25016.404123
25017.057895
25017.771107
25018.870132
25019.416699
25019.892141
25021.188080
25021.940660
25022.570988
25023.247632
25023.672840
25024.829033
25025.375936
25025.805643
25026.615801
25027.812317
25028.979671
25029.576433
25030.013861
25030.707316
25031.669713
25031.915048
25033.152979
25033.780135
25034.699411
25034.976079
25035.915851
25036.642916
25037.949103
25038.404470
25039.060547
25040.160142
25040.882192
25041.581412
25041.799330
25042.678206
25043.287580
25044.196537
25045.522331
25045.776884
25046.870428
25047.560985
25048.473828
25048.866263
25049.530567
25050.639715
25051.420678
25051.698352
25052.745334
25053.493577
25053.877323
25054.719400
25056.048016
25057.032973
25057.460278
25058.178021
25058.856325
25059.185628
25060.525500
25060.816438
25061.759631
25062.235663
25063.512622
25064.231692
25065.026934
25065.700038
25066.185371
25067.362868
25068.117216
25068.651416
25069.585614
25070.073518
25070.486345
25071.563618
25072.081531
25073.487686
25074.169722
