59064.767131
59065.292368
59065.732727
59067.014841
59067.600466
59068.438027
59069.007947
59069.557201
59070.179567
59071.006786
59071.516602
59072.032436
59072.626946
59073.547834
59074.157877
59075.411559
59075.916401
59076.592555
59077.095895
59077.784134
59078.385039
59078.923120
59080.264123
59080.548208
59081.064490
59081.721018
59082.206272
59083.276858
59084.000412
59084.509661
59085.547014
59086.222221
59087.107846
59087.385013
59088.174213
59088.628808
59089.293282
59089.655564
59090.996423
59091.524384
59091.835408
59093.207932
59093.649379
59094.188211
59095.053795
59095.745083
59096.343060
59097.079786
59097.704023
59098.328861
59099.242148
59099.566245
59100.382840
59100.576296
59101.525679
59102.872465
59103.631108
59104.161216
59104.443008
59105.174941
59106.089980
59106.472376
59107.386690
59107.626739
59108.712739
59109.236010
59110.058595
59110.665278
59111.416681
59112.352709
59112.667636
59113.548185
59114.307760
59115.263688
59115.656638
59116.062511
59116.757130
59117.470873
59117.914705
59118.836122
59119.682958
59120.550353
59120.978317
59122.150936
59122.712795
59123.093371
59123.610280
59124.185576
59125.260049
59125.977161
59126.426371
59127.331980
59127.699721
59128.215923
59129.269203
59129.991596
59130.959410
59131.425611
59132.375391
59132.701561
