27560.843552
27561.717626
27562.753981
27562.993531
27563.992804
27564.417918
27564.766589
27566.665313
27567.113791
27567.799043
27568.824204
27569.180929
27569.837800
27570.697359
27571.243327
27572.028988
27572.748814
27573.739152
27574.323811
27575.358081
27576.123326
27576.597035
27577.313111
27578.415037
27579.335438
27579.815672
27580.090511
27580.917504
27581.927601
27582.439363
27583.088960
27584.300080
27585.173666
27586.144048
27586.541485
27587.118510
27587.795449
27588.525447
27589.306667
27590.295451
27590.941435
27591.408086
27592.372579
27592.942180
27594.028194
27594.846128
27595.667081
27596.380279
27596.681542
27598.051980
27598.462500
27598.745383
27599.659136
27600.198330
27601.464338
27602.454628
27603.229868
27603.547557
27604.418952
27605.307801
27605.886103
27606.567927
27607.372688
27608.373657
27608.662990
27609.473044
27610.118878
27611.299537
27611.558555
27613.098331
27613.626035
27614.491067
27614.791114
27615.751286
27615.997326
27616.856948
27617.986152
27618.636356
27618.995728
27620.211981
27621.147142
27621.852072
27622.477641
27622.759689
27624.150166
27624.748364
27625.420962
27626.211729
27626.603839
27627.394966
27627.973507
27629.000252
27630.235611
27631.116415
27631.233409
27632.258029
27632.950049
27633.544078
27634.267526
27635.011288
