16699.454384
16700.420423
16701.160692
16702.020392
16702.821862
16703.043989
16703.919233
16704.766004
16705.552585
16707.208043
16707.563225
16708.270518
16709.012930
16709.945732
16710.570677
16711.278254
16711.966863
16713.091861
16713.933036
16714.208406
16715.341241
16715.949062
16717.414472
16718.052129
16718.667179
16719.430753
16720.131483
16720.824033
16721.606729
16722.208625
16723.175998
16724.275773
16725.039793
16726.141180
16726.702446
16727.199088
16727.812939
16729.363289
16729.658637
16730.562997
16731.284621
16731.543337
16732.764496
16733.755219
16734.724753
16735.372667
16736.515925
16737.114090
16737.648017
16738.124995
16739.305945
16739.683931
16740.865091
16741.747389
16742.438120
16743.290202
16744.251753
16744.770495
16745.904852
16746.553850
16747.390813
16747.745931
16749.017157
16749.551985
16749.950575
16750.776706
16752.484287
16753.271181
16753.778125
16754.321241
16755.272141
16755.883675
16756.738341
16757.536485
16758.369552
16759.079764
16759.799293
16760.903242
16761.523111
16762.594707
16763.143085
16764.345937
16764.876063
16765.704943
16766.396159
16766.473748
16767.695594
16768.842613
16769.440554
16770.528338
16771.619915
16771.802722
16772.980173
16773.484397
16773.919180
16775.390589
16776.119557
16776.384729
16777.392008
16778.005201
