41578.767804
41579.717635
41580.464575
41581.044680
41581.998294
41582.598744
41583.150428
41583.624631
41584.510210
41585.520072
41586.042910
41586.782332
41587.185494
41587.717999
41588.666725
41589.841470
41590.626839
41591.176772
41591.727325
41592.615328
41593.394156
41593.709778
41594.166217
41595.373282
41595.698200
41596.588375
41597.482381
41598.514527
41598.746727
41599.767824
41600.121556
41601.062652
41601.903846
41602.758586
41603.079579
41603.774629
41604.186171
41605.418897
41605.868633
41606.231908
41607.481734
41608.691375
41609.025537
41609.909109
41610.179645
41610.920346
41611.640102
41612.163153
41613.291767
41613.832920
41614.414429
41615.246728
41615.848260
41616.773755
41617.565350
41618.268417
41619.014565
41619.614557
41620.403768
41621.164870
41621.694433
41622.350675
41622.814908
41623.237006
41624.843302
41625.365955
41626.311419
41626.747043
41627.612572
41628.083100
41628.933398
41629.639466
41630.016433
41631.028791
41631.998643
41632.081146
41633.089918
41633.570824
41634.544768
41635.371455
41636.066861
41637.220308
41637.741850
41638.167063
41638.483232
41639.634866
41640.046884
41640.821672
41641.613328
41642.390218
41642.916833
41644.327637
41644.771386
41645.514827
41645.596033
41646.697387
41647.546757
41648.435833
41648.820815
41649.387911
