2305.508356
2306.517733
2307.355553
2308.210284
2309.370358
2309.931122
2312.047996
2313.190914
2313.689359
2314.621182
2316.049454
2316.962494
2317.851531
2318.826035
2320.088523
2320.949531
2322.812632
2323.534274
2324.512455
2325.557096
2325.903015
2327.376855
2328.634875
2329.705723
2331.013110
2331.942707
2332.987765
2333.720863
2335.531712
2335.867153
2336.621036
2337.761730
2339.615683
2340.826726
2341.324596
2342.654041
2343.259158
2344.311216
2345.570483
2346.464119
2347.934254
2348.843423
2349.730054
2351.455046
2352.195701
2352.750870
2353.912135
2354.951081
2355.810813
2357.608315
2358.904705
2359.434859
2360.314285
2361.342541
2362.718317
2363.495617
2364.751176
2365.191515
2367.249219
2367.957701
2369.220577
2370.093390
2371.100747
2371.938137
2372.440347
2374.444230
2375.543967
2376.355463
2377.755407
2378.212961
2379.726502
2380.545657
2381.500123
2382.530830
2383.356013
2384.965071
2386.430937
2387.299084
2387.813568
2388.748207
2389.955988
2391.260549
2391.754982
2393.630593
2394.485367
2395.270169
2396.603878
2397.791643
2398.558311
2399.433832
2400.152356
2401.482998
2403.418798
2403.975315
2404.921593
2406.253988
2406.732851
2407.715910
2409.441502
2409.881602
