30317.324072
30317.688482
30318.725898
30319.309710
30320.175170
30320.617691
30321.266199
30322.443130
30323.493345
30324.051526
30324.625406
30325.405601
30325.998990
30326.724096
30327.612705
30328.004453
30328.411807
30329.908081
30330.662369
30331.435083
30332.208486
30332.515018
30333.592949
30334.111879
30335.088568
30335.712248
30336.523864
30337.066742
30337.487755
30338.556433
30339.196000
30340.114974
30341.225542
30341.688157
30342.895166
30343.016562
30343.888823
30344.308786
30344.894229
30346.083854
30346.916101
30347.512775
30347.846183
30349.283643
30349.970878
30350.391370
30351.275805
30352.321022
30352.492939
30353.742719
30354.381035
30354.542824
30355.591614
30356.046136
30356.813894
30358.037117
30359.281614
30359.613493
30359.965352
30360.812464
30361.697977
30362.357608
30362.959622
30363.678539
30364.512581
30365.232946
30366.131513
30366.582293
30367.556907
30368.156443
30369.425175
30369.977549
30370.640395
30371.178189
30371.985547
30372.523518
30373.220627
30373.922848
30374.815842
30375.779652
30376.528646
30377.384739
30378.199926
30378.689609
30379.275129
30379.773366
30381.187781
30381.666118
30382.293684
30382.959516
30383.583786
30384.084427
30385.716688
30386.064950
30386.891405
30387.868287
30388.345567
30389.227632
30389.521326
30390.348240
