13797.313109
13797.733480
13798.647667
13799.282777
13799.798590
13801.287978
13802.022133
13802.381092
13803.032438
13803.930709
13804.879994
13805.696573
13807.101717
13807.666035
13808.379932
13809.280031
13809.929137
13810.419228
13811.319244
13812.259715
13813.180474
13813.963428
13814.964116
13815.402890
13816.554150
13817.624223
13818.128184
13818.882079
13819.716840
13820.554594
13821.201538
13821.955707
13822.323971
13824.131851
13824.890855
13825.871513
13826.116436
13827.043619
13827.760699
13828.626280
13829.484937
13830.369242
13831.087325
13831.514542
13832.833420
13833.808341
13834.283280
13835.358887
13836.503551
13837.044075
13837.517163
13838.201925
13839.089260
13839.727783
13841.174410
13841.595907
13842.698734
13843.872596
13844.246504
13844.710240
13846.076126
13846.438799
13847.649880
13848.162346
13849.008597
13849.830915
13850.134864
13851.728780
13852.867651
13853.357445
13854.276557
13854.471820
13855.722951
13856.342645
13857.107493
13857.641441
13858.936709
13859.806515
13860.775173
13861.240803
13862.148449
13863.062929
13863.989908
13864.674095
13865.566557
13865.975915
13866.734320
13867.674121
13868.414090
13869.799934
13870.532680
13871.322612
13872.276828
13872.749950
13873.418006
13873.881056
13875.641801
13875.913238
13876.574495
13877.491214
