28084.926313
28085.852235
28086.070975
28087.187931
28087.682062
28088.580337
28089.184094
28090.122871
28090.531211
28091.146434
28092.387196
28093.515033
28093.978159
28094.600295
28095.521147
28096.081919
28096.321904
28097.385004
28098.163386
28099.208649
28099.314020
28100.592816
28101.496823
28102.159930
28102.871400
28103.395314
28104.080753
28105.473802
28105.958169
28106.241078
28107.117025
28107.552126
28108.595219
28109.292889
28110.497396
28111.302474
28111.811880
28112.782184
28113.144044
28113.909285
28114.633990
28115.237223
28116.085143
28117.053945
28117.636419
28118.336468
28119.412444
28119.618284
28120.909405
28121.822009
28122.332801
28122.898674
28123.596957
28124.403121
28125.281744
28125.663707
28126.051018
28127.459553
28128.450720
28129.199716
28130.008901
28130.340698
28130.933633
28132.006054
28132.573145
28133.379059
28134.311942
28134.812068
28135.329500
28136.070777
28137.423695
28137.822307
28138.761181
28139.524900
28140.500553
28141.058173
28141.541082
28142.099943
28142.916004
28143.457160
28144.811920
28145.329783
28145.992678
28147.116016
28147.858070
28148.274691
28149.094002
28149.840702
28150.692634
28151.388280
28152.050303
28152.721914
28153.429748
28154.059022
28154.680654
28156.314831
28156.873177
28157.634534
28158.028060
28158.667921
