41364.812820
41365.257073
41365.532067
41366.951128
41367.476618
41368.104177
41368.730176
41369.347189
41370.258301
41370.665921
41371.576530
41372.738911
41373.247010
41373.973451
41374.729560
41375.541652
41375.956415
41376.408026
41377.245663
41377.751019
41378.786023
41379.765358
41380.196162
41381.079865
41381.582918
41382.928302
41383.048073
41383.723023
41384.540335
41385.456959
41385.998076
41386.667553
41387.363771
41387.791497
41388.451442
41389.469711
41390.670628
41391.235293
41391.986905
41392.487533
41393.090358
41393.654613
41394.630604
41395.002631
41396.086674
41396.678696
41397.012018
41398.182732
41399.152730
41399.581462
41400.060462
41401.019842
41402.033288
41402.745432
41403.137241
41403.687454
41404.443592
41405.170547
41405.565267
41406.616612
41407.377837
41408.254392
41409.323587
41409.790425
41410.079489
41411.126466
41411.769916
41412.157362
41412.957407
41414.083728
41414.618644
41415.125746
41415.770202
41416.368205
41417.622261
41418.276953
41419.337206
41419.519654
41420.290525
41421.078573
41421.788550
41422.380436
41422.930332
41423.286860
41424.596277
41425.314470
41426.141172
41427.056037
41427.401068
41428.163833
41428.805928
41429.531540
41430.474459
41431.145702
41431.721863
41432.059371
41433.095044
41433.631656
41434.450214
41435.197385
