58377.775645
58378.419540
58378.740418
58379.614543
58380.273044
58381.100167
58381.292092
58382.415230
58382.990636
58383.605193
58384.273854
58384.752436
58385.732527
58386.480088
58386.952183
58388.343931
58388.592268
58389.446441
58389.981648
58390.369496
58390.950185
58391.788476
58392.531830
58393.254135
58393.846701
58394.549565
58395.682530
58396.189491
58396.998588
58397.441259
58397.785449
58398.906277
58399.781457
58400.298962
58400.616604
58401.692912
58401.941836
58402.641626
58403.254456
58404.489161
58405.425174
58405.819130
58406.504399
58407.033794
58407.982290
58408.340287
58408.970709
58409.634790
58410.432522
58410.829972
58412.299259
58412.646356
58412.825807
58414.025858
58414.626069
58415.548995
58416.017941
58416.944943
58417.443879
58417.984297
58418.677281
58419.395790
58419.934370
58420.465699
58421.254009
58422.281357
58423.229387
58423.767489
58424.397676
58425.184972
58425.566668
58425.930681
58426.894059
58427.940549
58428.432643
58428.957648
58429.478413
58430.210135
58431.098845
58432.172676
58432.318845
58433.207099
58434.290586
58434.598401
58435.495304
58435.900181
58436.556026
58437.004030
58437.668586
58438.609141
58439.271811
58440.164224
58440.960605
58441.681658
58442.152946
58442.644177
58443.747265
58444.250158
58444.742579
58445.530856
