45345.496969
45345.836516
45346.593833
45347.142302
45348.396078
45348.714808
45349.333988
45350.454062
45350.837458
45351.594238
45352.425749
45353.428516
45353.881199
45354.822263
45355.283299
45355.624975
45356.612425
45357.259897
45357.832286
45358.534191
45359.085546
45360.671614
45361.295856
45361.647093
45362.183502
45362.998642
45363.762272
45364.160374
45365.416527
45365.795725
45366.422719
45367.032079
45367.807085
45368.562046
45369.203018
45370.435317
45370.853890
45371.618288
45372.406017
45373.020327
45373.785454
45374.030008
45374.830473
45375.198126
45376.586782
45377.207582
45377.743138
45378.739623
45379.263947
45380.163381
45380.914799
45381.156204
45382.104388
45382.933954
45383.479405
45384.299962
45384.861580
45385.276998
45386.007523
45386.891537
45388.017758
45388.709812
45389.603746
45389.958842
45390.591542
45390.960906
45392.061548
45392.608195
45393.350739
45393.873977
45394.790465
45395.419423
45396.335511
45397.340555
45397.537306
45398.027641
45399.414767
45400.013270
45400.742303
45400.971929
45401.728319
45402.641136
45402.936531
45403.728389
45404.558708
45405.853939
45406.111353
45407.215314
45407.552962
45408.506080
45408.850393
45409.431391
45410.432282
45410.824351
45412.020022
45412.620854
45412.964362
45413.508228
45414.587600
45415.519387
