28308.968716
28309.724661
28310.566981
28311.723175
28311.998691
28312.975187
28313.389632
28314.017011
28314.481683
28315.789036
28316.468260
28316.884192
28318.091826
28318.745297
28319.433294
28320.272064
28321.044459
28321.784638
28322.405021
28323.212015
28324.049622
28324.459932
28325.232374
28325.924228
28326.333759
28328.168793
28328.769829
28329.359306
28329.717773
28330.621658
28331.564908
28331.952169
28332.665733
28333.651173
28334.257949
28334.987179
28335.875760
28336.502103
28337.521653
28337.962366
28339.239379
28339.612121
28340.679586
28341.168754
28341.513594
28342.421870
28342.951608
28343.956838
28344.813405
28345.655522
28346.359132
28347.642670
28347.953860
28348.288407
28349.127578
28350.034650
28350.835236
28351.802937
28352.130633
28352.744083
28353.516848
28354.365241
28355.525946
28356.175660
28356.994813
28357.876313
28358.167978
28358.867036
28359.768358
28360.509510
28360.819344
28361.624629
28363.074837
28363.442258
28364.474556
28365.114344
28365.483446
28366.532340
28367.544698
28368.012970
28368.646045
28369.308148
28370.243367
28370.773697
28371.416331
28372.102466
28373.522927
28374.251857
28374.841943
28375.709479
28376.305705
28376.586386
28377.608925
28378.119209
28379.282800
28380.099182
28380.278521
28381.252991
28382.262591
28383.176791
