70286.814374
70288.000536
70288.437360
70289.219958
70290.038096
70290.707190
70291.427792
70291.737160
70292.674705
70293.036660
70293.347473
70294.395125
70295.243365
70295.941458
70296.363708
70297.390142
70298.162869
70298.454758
70299.246600
70299.972366
70300.953330
70301.225467
70301.825530
70302.594479
70303.358945
70303.908550
70304.278264
70305.054417
70305.715382
70307.078483
70307.850422
70308.084231
70308.865997
70309.136067
70309.923454
70310.783392
70311.396339
70311.732668
70312.833129
70313.301617
70313.840148
70314.957195
70315.250576
70316.280040
70316.724445
70317.627153
70318.077869
70319.135035
70319.677209
70320.051566
70320.676235
70321.272617
70321.861086
70322.516897
70323.650464
70324.280677
70325.084259
70325.466195
70326.693158
70326.852676
70327.630044
70328.041166
70328.586062
70329.837325
70330.292894
70330.879599
70331.389333
70332.228851
70332.655285
70333.483250
70334.565663
70335.418337
70335.507425
70336.632755
70337.172966
70337.447318
70338.187941
70338.983716
70339.629756
70340.051934
70340.742986
70341.734573
70342.687067
70343.428409
70343.690805
70344.205045
70345.155846
70345.691055
70346.654573
70347.296811
70347.670342
70348.282762
70348.948986
70349.783711
70350.215351
70350.873097
70351.892068
70352.885791
70353.299201
70354.078081
