9020.072493
9020.646017
9021.257036
9022.745934
9022.965488
9023.565193
9024.667245
9025.628559
9026.521713
9027.231504
9028.106836
9028.987081
9030.147631
9031.032976
9032.149738
9032.444258
9033.515720
9033.854034
9035.168949
9035.749059
9036.429306
9038.302210
9038.744798
9039.773178
9040.140208
9040.975491
9042.313865
9043.019421
9043.610772
9044.618071
9045.108590
9046.315029
9047.178898
9048.588554
9049.087937
9049.992714
9050.882205
9051.428508
9052.224339
9052.755417
9054.400106
9054.931264
9055.905240
9056.785351
9057.930288
9058.352731
9059.695201
9059.901550
9061.261010
9062.010375
9062.556640
9063.065987
9064.398647
9065.676445
9066.715937
9067.344319
9067.890693
9068.707565
9069.651864
9070.419820
9071.485275
9072.068890
9072.950481
9074.381551
9074.869755
9075.539800
9076.905342
9077.941193
9078.388813
9078.885068
9079.958594
9080.600278
9081.525029
9082.687459
9083.817684
9084.719189
9085.261991
9086.216791
9086.854064
9087.619989
9088.908988
9089.425998
9090.498988
9090.953967
9091.778385
9093.554540
9094.080653
9094.817936
9095.707283
9096.611589
9097.164150
9098.092115
9098.532042
9099.836635
9101.042374
9101.885250
9102.497480
9103.493787
9104.193256
9105.074920
