40290.915546
40291.313970
40292.436988
40293.545362
40294.092216
40294.927115
40295.240884
40295.895243
40296.492867
40297.736341
40298.279702
40298.857515
40299.359418
40300.122783
40300.970609
40301.749024
40302.391895
40303.345707
40304.171793
40304.945099
40305.503079
40305.931295
40306.917101
40307.198502
40307.813332
40308.865074
40309.606435
40310.363259
40311.358743
40311.710602
40312.717970
40313.138170
40314.326211
40314.572550
40315.145498
40316.255044
40316.990562
40317.502652
40317.858230
40318.738038
40319.269313
40320.713514
40321.585728
40321.980170
40322.585274
40323.317374
40323.936371
40324.759363
40325.184305
40325.852405
40327.123057
40327.346582
40327.986646
40329.255350
40329.979874
40330.217793
40331.123353
40331.963841
40332.894068
40333.563781
40333.931457
40334.648433
40335.043887
40335.997504
40336.817613
40337.317251
40338.627091
40339.041997
40340.294520
40340.620799
40341.017896
40341.809747
40342.460262
40343.308611
40344.109650
40344.723005
40345.517594
40345.924908
40346.768668
40347.501405
40348.617510
40349.380277
40349.824087
40350.671992
40351.253775
40351.867648
40352.639983
40353.372435
40353.720594
40354.230930
40355.807855
40356.432589
40357.218596
40357.510079
40358.576140
40359.082273
40359.701917
40360.737654
40361.254710
40361.967105
