19617.381963
19618.248264
19618.901970
19619.702998
19620.049416
19620.853796
19621.474474
19622.894306
19622.991826
19624.146835
19624.720166
19625.924704
19626.841801
19627.240882
19627.760246
19629.104591
19629.989490
19630.358487
19630.911776
19631.773316
19632.478955
19633.097467
19634.586905
19635.379672
19635.963992
19636.866434
19637.514256
19637.996712
19639.052978
19639.536798
19640.468137
19641.232210
19642.182145
19642.902068
19643.314883
19644.468950
19645.640820
19646.169698
19646.963250
19647.641456
19648.076770
19649.331948
19649.602694
19650.302530
19651.228585
19652.470065
19653.335729
19654.035016
19654.693715
19655.241265
19656.164251
19656.785084
19657.962581
19658.607116
19659.227105
19659.457164
19660.778424
19661.584431
19662.643934
19663.240232
19664.243543
19665.053005
19665.511452
19666.298121
19666.777335
19667.404273
19668.819688
19669.432046
19669.956780
19671.415711
19671.765420
19672.466598
19673.505453
19674.164518
19675.003081
19675.590865
19676.546620
19677.079397
19677.800799
19678.456333
19679.296954
19680.993166
19681.459021
19682.018530
19682.707378
19683.217901
19684.527096
19684.757098
19685.679208
19686.545173
19687.220967
19688.212773
19688.960595
19689.807688
19690.454472
19691.451074
19692.319277
19693.003532
19693.640374
19694.304314
