27860.578958
27861.084867
27861.511543
27862.492687
27863.394449
27863.885734
27865.150276
27865.794159
27866.680143
27867.432055
27867.971808
27868.462613
27869.249220
27870.466803
27870.868838
27871.471459
27872.538732
27872.939815
27873.458384
27874.724602
27875.992901
27876.205087
27877.118478
27877.584689
27878.493026
27879.060694
27879.882085
27880.341208
27881.006051
27882.157252
27883.205464
27883.778125
27884.303808
27885.285565
27885.757246
27886.933999
27887.288436
27888.292063
27888.961306
27889.297050
27890.240247
27890.889284
27891.593472
27892.885126
27893.424205
27894.553846
27895.110913
27895.626320
27896.239180
27896.995982
27897.428891
27898.822089
27899.460589
27899.885879
27900.467668
27901.959609
27902.438975
27902.990867
27904.003115
27904.669022
27905.542763
27906.127260
27906.879740
27907.359263
27908.068977
27908.634032
27909.765531
27910.854004
27911.716770
27912.201384
27912.956823
27913.210989
27914.694871
27914.940374
27915.548962
27916.574918
27917.243872
27917.987725
27918.734241
27919.409167
27920.140825
27921.375672
27922.177404
27922.663478
27923.459649
27923.769408
27924.870414
27925.240671
27926.054218
27926.810798
27927.833260
27928.560361
27929.535985
27930.177040
27930.992983
27931.421404
27931.987930
27933.159362
27934.082570
27934.429179
