39070.569809
39071.123336
39072.121878
39072.406883
39072.972171
39074.053656
39074.911232
39075.272853
39075.944583
39076.819208
39077.401474
39077.923354
39079.233236
39080.184223
39080.719132
39081.225827
39081.738446
39082.647983
39083.353110
39083.731852
39084.732457
39085.177068
39085.995407
39087.286572
39087.883006
39088.319345
39088.970828
39089.883017
39090.572607
39091.328220
39092.163816
39092.715106
39093.091208
39094.122649
39094.467453
39095.224521
39096.461023
39097.082131
39098.001421
39098.615215
39099.349814
39099.938071
39100.484842
39101.079308
39101.639781
39103.092184
39103.381440
39104.068713
39104.679560
39105.541623
39106.840431
39106.974360
39107.681556
39108.845861
39109.239354
39110.004231
39110.622971
39111.341456
39111.877737
39112.384209
39113.246238
39114.557387
39115.110050
39116.098445
39116.654300
39116.891090
39117.657031
39118.700756
39119.349284
39119.982205
39120.514708
39121.329373
39122.270793
39122.599979
39123.634274
39124.192393
39125.157864
39126.308886
39126.569320
39127.369735
39127.739126
39128.463565
39129.363659
39129.689879
39130.656133
39131.401672
39132.495923
39132.869770
39133.899233
39134.635588
39135.061623
39135.771520
39136.473455
39137.258348
39138.227420
39138.904520
39139.095397
39139.761974
39140.558414
39141.483509
