6728.191087
6729.486019
6729.895237
6730.934946
6731.961248
6733.013197
6733.352651
6734.491411
6735.744523
6736.409605
6737.651227
6738.297181
6739.552413
6740.261721
6740.457697
6741.366527
6742.674048
6743.672183
6744.725146
6745.670849
6746.593080
6747.242437
6748.029172
6749.031010
6750.213685
6750.601759
6751.786325
6752.178020
6753.436904
6754.800870
6755.929060
6756.349056
6756.987912
6757.968818
6759.040586
6759.501932
6760.462459
6761.720180
6762.871493
6763.550805
6764.315430
6765.177507
6766.626418
6767.055387
6767.826497
6768.762729
6769.585676
6770.093879
6771.955148
6772.495692
6773.740383
6774.572946
6774.993840
6776.146685
6776.359235
6778.094859
6778.684172
6779.586018
6780.217537
6781.893987
6782.353593
6783.353036
6784.369341
6785.226455
6785.783415
6786.860012
6787.190723
6788.359287
6789.795642
6791.028915
6791.376409
6792.196698
6793.061593
6794.096623
6795.007815
6795.896919
6796.295555
6797.774135
6798.366625
6799.273322
6800.772051
6801.656988
6802.224132
6802.957130
6803.905959
6804.369622
6805.731785
6806.401467
6807.689586
6808.690301
6809.403080
6810.366331
6811.157036
6811.850764
6813.242160
6813.937310
6814.462465
6815.081096
6816.335338
6817.957478
