70489.214735
70490.389171
70490.590133
70491.726664
70492.016222
70492.385923
70492.856948
70493.852418
70494.638896
70495.270161
70495.924107
70496.907690
70497.479265
70498.213351
70498.923850
70499.361789
70499.803399
70500.784102
70501.641763
70501.953022
70502.815365
70503.346211
70503.907602
70504.389708
70505.362527
70506.157687
70507.329756
70507.731548
70508.279450
70508.653287
70509.487659
70510.252337
70510.736087
70511.410910
70511.854211
70512.696510
70513.643574
70514.274977
70515.005239
70515.597565
70516.381953
70516.591588
70517.916284
70518.466394
70518.913423
70519.565752
70520.224468
70520.933922
70521.425029
70521.853459
70522.836780
70523.839048
70524.327696
70525.306468
70525.923246
70526.539680
70526.977422
70527.538824
70528.251451
70528.705206
70529.954286
70530.395835
70531.001989
70531.604163
70531.963785
70533.420641
70533.811568
70534.447103
70535.159059
70535.972731
70536.538165
70537.329305
70537.744821
70538.229502
70539.087192
70539.454674
70540.127542
70541.236335
70542.038542
70542.794109
70543.448778
70543.739981
70544.472451
70545.199046
70545.993657
70546.456935
70547.416948
70547.696648
70548.363211
70549.218981
70550.059990
70550.305730
70550.902950
70552.327305
70552.842961
70553.573816
70554.130289
70554.575566
70555.338906
70555.707329
