58789.798260
58790.723003
58790.976048
58791.777984
58792.450729
58793.012032
58794.566166
58794.950172
58795.538187
58796.403124
58796.767186
58797.309405
58798.116425
58798.870391
58799.601062
58800.277842
58800.783836
58801.251114
58802.501845
58802.939253
58803.677720
58804.213846
58805.364161
58806.007772
58806.656093
58807.278653
58807.580096
58808.219090
58809.122968
58809.646140
58810.256868
58811.431488
58811.784997
58812.921587
58813.467672
58814.108648
58814.661936
58815.259495
58816.263405
58816.486723
58817.441000
58818.272232
58818.905964
58819.221329
58819.715773
58820.586432
58821.797200
58822.544019
58823.171887
58823.664677
58824.345955
58825.039510
58825.616896
58826.485562
58826.750102
58827.242958
58828.516251
58829.147443
58829.746257
58830.510339
58831.555772
58831.721299
58832.371381
58833.391548
58834.075813
58834.839532
58835.287329
58835.683202
58836.790034
58836.878040
58837.916287
58838.545095
58839.418800
58840.261708
58841.379833
58841.518435
58842.330076
58842.708641
58843.342022
58843.924441
58845.162516
58845.555815
58846.117143
58846.870714
58847.502667
58848.334305
58849.146240
58849.766668
58850.479698
58851.426410
58851.684392
58852.654453
58853.231694
58853.681331
58854.513248
58854.822903
58855.526108
58856.428228
58857.665603
58858.373563
