36108.374255
36108.893222
36109.322248
36110.075116
36110.886969
36111.488595
36112.487766
36113.283842
36114.059468
36114.228641
36115.522416
36116.179156
36117.160401
36117.434218
36118.365074
36118.930992
36119.684019
36120.311873
36121.042727
36121.333730
36122.489948
36123.718144
36124.326570
36124.958049
36125.702489
36126.086299
36126.932610
36127.431525
36128.501008
36129.355407
36129.683314
36130.392175
36130.982039
36132.202167
36132.955346
36133.343027
36134.333799
36135.276355
36135.904571
36136.457622
36137.032525
36137.604817
36138.266324
36139.016009
36140.159576
36140.684838
36141.534800
36142.613854
36143.096784
36143.385381
36144.497620
36145.195384
36145.736797
36146.491135
36147.415176
36147.943192
36148.549879
36149.233365
36149.789366
36151.178711
36152.084415
36152.608908
36153.248849
36153.637273
36154.410829
36155.607594
36155.702573
36156.276479
36157.436740
36158.061701
36158.992993
36159.714163
36160.550236
36161.017554
36161.694862
36162.782345
36163.232151
36164.262130
36164.856711
36165.005861
36165.920396
36166.659749
36167.320804
36168.480194
36169.406597
36169.677951
36171.081811
36171.232002
36171.995494
36172.544203
36172.947356
36174.277340
36174.915998
36175.588578
36176.020960
36176.976554
36177.716884
36178.564268
36179.530380
36179.899144
