10133.742002
10135.406036
10136.302986
10136.961956
10137.347719
10138.258081
10139.178510
10140.171775
10140.749996
10141.625182
10142.557323
10143.553834
10144.559162
10144.921824
10146.375533
10147.360931
10147.607043
10148.559061
10149.452104
10149.834139
10150.760194
10152.179469
10152.941922
10153.965755
10154.680656
10155.644540
10156.061274
10156.998088
10157.821423
10159.101764
10159.551301
10160.345678
10160.744166
10162.728496
10162.952665
10164.497045
10164.682737
10165.590623
10166.615246
10167.012970
10167.842665
10168.838773
10169.739276
10170.992897
10171.753541
10172.602229
10172.990301
10174.129238
10175.367487
10175.913166
10176.327065
10177.302928
10178.268723
10178.934978
10179.947333
10181.403779
10182.015576
10182.935499
10183.270941
10184.370103
10184.664298
10186.111172
10186.797202
10187.504470
10188.754159
10189.180239
10190.543201
10191.222719
10192.101648
10192.732576
10194.023070
10194.433454
10195.098257
10195.856476
10196.583002
10198.406769
10199.105554
10199.582713
10200.529887
10201.515028
10201.977877
10202.853109
10203.914249
10204.723161
10205.283354
10206.362900
10207.225029
10208.060381
10209.268694
10210.109486
10210.998836
10211.383128
10212.018796
10213.043282
10213.885643
10214.781973
10215.657348
10216.931455
10217.947654
10218.283079
