15820.204507
15820.834689
15821.631154
15822.364554
15823.024029
15823.969883
15824.235306
15825.710752
15826.040052
15827.476900
15828.210479
15828.762473
15829.573303
15830.302735
15831.277019
15832.350979
15832.750860
15833.438323
15833.770891
15835.342788
15835.641513
15837.069460
15837.770778
15838.879248
15839.164549
15840.174411
15840.528941
15841.251202
15842.427313
15843.340540
15843.773816
15844.726556
15845.820294
15846.266448
15847.425131
15848.240330
15849.021938
15849.513783
15850.466357
15851.244073
15851.923274
15852.306612
15853.291937
15854.926745
15855.724992
15855.992224
15856.828266
15857.692264
15858.306649
15859.519794
15859.762374
15860.798125
15861.673294
15862.269165
15863.028114
15864.410757
15864.703607
15865.988573
15866.771733
15867.466263
15867.961545
15868.675213
15869.324988
15870.286627
15871.311622
15872.122653
15872.881110
15873.991446
15874.938030
15875.111460
15875.738891
15877.170629
15877.818336
15878.368938
15879.388698
15879.721719
15880.465232
15881.832862
15882.778069
15883.725249
15884.267986
15884.818115
15885.890268
15886.217736
15887.370755
15887.790474
15888.699565
15889.866203
15890.701660
15891.428409
15891.957649
15892.991548
15894.120160
15894.604960
15895.382671
15895.997106
15896.844839
15897.566011
15898.205823
15899.159718
