42434.852704
42435.581848
42436.389867
42437.072660
42437.845569
42438.575351
42439.010007
42439.478097
42440.462357
42441.395746
42442.269573
42442.885111
42443.581331
42444.430460
42445.201681
42445.512873
42446.042627
42446.744304
42447.483467
42448.578455
42449.177468
42449.803364
42450.652634
42451.446489
42452.119701
42452.893578
42453.278184
42454.307520
42455.055549
42455.555415
42456.094765
42457.001109
42457.527525
42458.097574
42458.827853
42460.389582
42460.944964
42461.364995
42462.155632
42462.540571
42463.435056
42463.866185
42465.030674
42465.570524
42465.862876
42466.868098
42467.901840
42468.366776
42469.043863
42469.976916
42470.473809
42471.629089
42472.087612
42472.744395
42473.510501
42473.882876
42474.501598
42475.378889
42475.892881
42477.121285
42477.794830
42478.768704
42478.968372
42480.061970
42480.698669
42481.182166
42481.502486
42482.743161
42483.438159
42484.221955
42484.678113
42485.191712
42485.845698
42487.306972
42487.578844
42488.687107
42489.250727
42489.937668
42490.366440
42491.357597
42491.859170
42492.257425
42493.089495
42494.016445
42494.595757
42495.734208
42496.420130
42497.147926
42497.621586
42497.937207
42499.300820
42500.034701
42500.375202
42501.219812
42501.612702
42502.550043
42503.120438
42503.798370
42504.738333
42505.473587
