55412.047299
55412.446937
55413.883734
55414.464463
55415.021054
55415.649484
55416.244766
55416.977620
55417.328290
55418.339234
55418.882743
55419.476406
55420.293921
55421.034822
55421.899689
55422.763834
55423.134873
55423.516368
55424.706314
55425.616932
55426.042114
55426.590633
55427.113324
55427.886588
55428.539060
55429.197648
55429.708637
55430.802645
55431.767254
55432.331341
55433.017723
55433.869334
55434.050408
55434.708050
55435.581821
55436.132080
55436.949527
55437.779348
55438.462492
55438.893166
55439.225971
55440.738681
55441.198818
55442.077175
55442.520830
55443.363417
55443.994297
55444.674196
55445.224270
55446.021043
55446.199402
55446.909941
55448.055652
55449.132813
55449.349728
55450.428110
55450.900454
55451.440821
55452.290281
55452.680294
55453.810308
55454.299353
55455.013162
55455.295462
55456.400545
55456.820384
55457.570013
55458.390920
55459.106056
55460.187582
55460.971030
55461.258738
55461.788176
55462.574463
55462.913680
55463.834013
55464.611689
55465.349944
55465.753102
55466.649509
55467.849624
55468.117176
55468.731042
55469.576192
55470.344981
55470.648858
55471.940031
55472.187468
55472.988316
55473.539763
55474.040383
55474.669839
55475.408470
55476.715955
55477.505038
55477.901128
55478.613623
55478.969164
55480.336398
55480.463654
