11232.429901
11233.595957
11234.117627
11234.954607
11235.415468
11236.465395
11237.177696
11237.910204
11238.671272
11240.045184
11240.860306
11241.743619
11242.318249
11242.907226
11244.604060
11244.980377
11245.358573
11246.629561
11247.115942
11247.973583
11248.753620
11250.192733
11251.003487
11251.858166
11252.631641
11253.196161
11253.888090
11254.695386
11255.668424
11256.759071
11257.473572
11257.881582
11259.252539
11260.393706
11260.658196
11261.802034
11262.542891
11263.551364
11264.121413
11264.736289
11265.357240
11266.406482
11267.815984
11268.697766
11269.381806
11269.997193
11271.000310
11271.469973
11272.590708
11273.476647
11274.057397
11274.793612
11275.955657
11276.725328
11277.317921
11278.848028
11279.583912
11280.289180
11280.928505
11281.469500
11282.456193
11283.226786
11284.240131
11284.860401
11286.414114
11287.041105
11287.505062
11288.695298
11289.158765
11290.099930
11291.305519
11291.810830
11292.412990
11293.269968
11293.870625
11295.584661
11296.314376
11297.080186
11297.635857
11298.895898
11299.203529
11300.123294
11300.517877
11301.978809
11302.804983
11303.418945
11304.719476
11305.048147
11306.319304
11306.903574
11308.164373
11308.586088
11309.199090
11310.180919
11310.969568
11311.495750
11312.822370
11313.859943
11315.093210
11315.409321
