47179.790053
47180.555122
47181.257383
47182.124488
47182.631156
47183.799111
47184.723419
47185.031324
47185.692233
47186.349791
47186.689357
47187.713558
47188.384756
47188.918037
47189.661071
47190.556479
47191.413943
47192.468993
47192.791615
47193.055581
47194.033652
47194.857291
47195.776414
47196.211804
47196.718111
47197.689592
47198.214477
47198.400241
47199.583961
47200.640070
47201.381064
47201.950094
47202.785400
47203.285530
47203.947039
47204.726404
47205.222605
47205.590855
47206.619008
47207.771776
47208.065805
47208.772170
47209.418931
47210.436984
47211.236258
47211.559297
47212.683140
47213.134158
47213.791063
47214.510088
47215.145824
47215.802606
47216.257412
47216.944485
47218.108596
47218.903406
47219.860775
47220.430923
47220.743665
47221.469563
47222.148944
47222.731847
47223.927272
47224.447751
47224.798107
47225.449931
47226.468641
47227.213106
47227.843531
47228.627439
47229.317225
47230.349038
47230.902909
47231.567538
47231.914916
47232.764371
47233.143556
47233.952125
47235.002513
47235.285972
47236.810062
47237.000561
47237.930123
47238.302235
47239.473099
47239.813230
47240.345358
47241.200241
47242.165954
47242.596744
47243.339239
47243.844957
47244.536813
47245.060991
47246.758772
47247.062266
47247.844142
47248.289887
47248.934732
47249.919948
