12150.469534
12151.343216
12151.751132
12152.226255
12153.947270
12154.262523
12155.347163
12156.064212
12157.075092
12158.070272
12158.696889
12159.391280
12160.463597
12161.229341
12161.966418
12162.509524
12163.123045
12164.243201
12165.584515
12166.548406
12167.113786
12167.750932
12168.606482
12169.183917
12170.432753
12170.887840
12171.861294
12172.515021
12173.612628
12174.555543
12175.083360
12176.104688
12177.565102
12177.787426
12178.542237
12179.062825
12180.160690
12180.807876
12181.505827
12182.932736
12183.583453
12184.806875
12185.268916
12186.023561
12186.702075
12187.728566
12188.456457
12189.498065
12190.158281
12190.737825
12191.305176
12192.955034
12193.907355
12194.405811
12195.227820
12196.279598
12196.637570
12197.632404
12198.119138
12198.915769
12200.475804
12200.809783
12202.024671
12202.778765
12203.321034
12204.385336
12205.246429
12206.103442
12206.948809
12207.124748
12208.272926
12209.173177
12209.757974
12211.120968
12212.297563
12212.761860
12213.608683
12214.045323
12214.756748
12215.843283
12216.882922
12217.439530
12218.057711
12219.345157
12220.246011
12220.738266
12221.994150
12222.672425
12223.353641
12224.654704
12224.743294
12225.577788
12226.340773
12227.137593
12228.772700
12229.476722
12230.196574
12230.617373
12232.124030
12232.289643
