59270.690319
59271.356480
59272.020804
59272.402830
59272.895917
59274.665788
59274.990979
59275.786209
59276.175060
59277.152669
59277.608347
59278.055475
59278.895870
59279.795642
59280.212162
59280.895670
59281.727334
59282.203812
59282.987454
59283.858969
59284.466673
59285.130511
59286.086103
59286.860174
59287.451285
59287.862649
59288.230016
59289.043278
59289.825084
59290.524109
59291.191545
59291.909112
59292.852511
59293.705596
59294.273669
59294.725114
59295.448393
59295.960152
59296.807797
59297.678382
59298.303144
59298.693867
59299.472140
59300.224590
59300.359325
59301.634876
59302.473267
59303.446570
59303.972058
59304.240894
59304.972140
59305.939663
59306.573675
59306.826933
59307.335228
59308.434444
59309.116476
59309.928474
59310.662510
59311.418673
59311.721017
59312.625126
59313.479499
59314.174660
59314.596181
59315.487908
59316.013228
59316.589558
59317.451526
59317.583783
59318.603941
59319.482666
59320.141032
59321.381902
59321.681116
59322.540952
59322.660319
59323.733904
59323.907031
59324.707150
59326.044166
59326.235634
59326.883587
59327.382573
59328.313442
59329.312379
59329.847277
59330.458253
59331.113391
59332.121508
59332.750198
59333.178480
59333.851897
59334.554156
59334.842745
59335.818469
59336.207214
59337.471981
59338.392112
59338.715703
