26434.583149
26435.557282
26435.879039
26436.644808
26437.240061
26438.010884
26438.540197
26439.781926
26440.013813
26440.770104
26442.472730
26442.697888
26443.303825
26444.219475
26444.679215
26445.742122
26446.776541
26447.050542
26447.769549
26448.401787
26449.213386
26449.903358
26450.734032
26451.972801
26452.812510
26453.146340
26454.069489
26454.856419
26455.231663
26456.100842
26456.416286
26457.892384
26458.375506
26459.133621
26459.826781
26460.575522
26461.790988
26462.208835
26463.062756
26463.865018
26464.349312
26465.428591
26465.832225
26466.614609
26466.933167
26467.895506
26469.239609
26469.903803
26470.855998
26471.335254
26472.091115
26472.358994
26473.548207
26474.279222
26474.991776
26475.589329
26476.500139
26476.860222
26478.189179
26478.763461
26479.357668
26480.488518
26481.449222
26482.082149
26482.385545
26482.930429
26483.988758
26484.536409
26485.236172
26486.342311
26487.037509
26487.962163
26488.777307
26489.543625
26489.793732
26490.857486
26491.594991
26492.187139
26493.293248
26493.725489
26494.412188
26495.009149
26495.616259
26497.181808
26498.024118
26498.517956
26498.911639
26500.158891
26500.453167
26501.285423
26501.924291
26502.477915
26503.567707
26504.385320
26505.117316
26506.004797
26506.682113
26507.208011
26508.493975
26508.693400
