58652.564653
58653.047632
58654.170719
58654.320146
58654.969467
58655.585989
58656.407270
58657.452651
58658.219487
58658.970685
58659.233376
58660.065190
58660.768707
58661.405788
58662.326899
58662.750714
58663.510344
58664.151925
58664.799700
58665.108833
58666.103160
58666.903273
58667.662420
58668.477308
58669.311868
58670.015014
58670.408652
58670.890490
58671.688792
58672.073506
58672.924514
58673.989925
58674.577489
58674.875808
58675.601162
58677.104722
58677.227942
58677.781381
58678.652153
58679.446447
58680.059428
58680.804098
58681.454491
58681.810138
58682.750585
58683.049607
58683.638401
58684.827435
58685.788788
58686.545943
58686.971728
58687.632900
58688.065128
58688.916972
58689.768288
58690.130744
58690.836050
58691.509585
58692.473290
58692.911481
58693.659661
58694.578380
58694.676656
58696.160493
58696.646299
58697.368932
58698.008574
58698.535775
58699.163548
58699.664081
58700.472311
58701.257995
58701.482023
58702.879016
58703.370698
58704.185041
58705.096590
58705.390362
58706.214801
58706.738906
58707.056746
58708.486192
58708.999157
58709.677983
58709.764018
58710.741212
58711.284873
58712.218265
58713.246588
58713.833131
58714.534294
58715.011516
58716.172941
58716.436691
58716.851575
58717.525923
58718.327381
58718.985095
58719.756872
58720.505861
