47250.311569
47250.809193
47251.594056
47252.491639
47253.081819
47253.902755
47254.844659
47255.420343
47256.133063
47256.675710
47257.334558
47258.541552
47258.867128
47259.738930
47260.194784
47260.575300
47261.437014
47262.256955
47262.894499
47263.868719
47264.640665
47265.480007
47266.325387
47266.608600
47267.196538
47267.651803
47268.784746
47269.221508
47270.176434
47270.850013
47271.429344
47271.898544
47273.098706
47273.638987
47274.451917
47275.155791
47276.172664
47276.367173
47277.031140
47278.037932
47278.421043
47279.306893
47279.378934
47280.242047
47281.809113
47282.386467
47282.777072
47283.671631
47284.240217
47284.706365
47285.741872
47286.359819
47286.926414
47287.549003
47288.549392
47289.023419
47289.525217
47290.389429
47291.255098
47291.991181
47293.081977
47293.388303
47294.323028
47294.910213
47295.316200
47295.764750
47296.745080
47297.381600
47298.354729
47298.860492
47299.536186
47300.700998
47301.239076
47301.934029
47302.582811
47302.847492
47304.056932
47304.774001
47305.510067
47305.944124
47306.333435
47307.172200
47307.942286
47308.650376
47309.883170
47310.611937
47311.122328
47311.563469
47312.429075
47313.237985
47313.482566
47314.289300
47315.048828
47315.780830
47316.438664
47317.414888
47318.085035
47318.675935
47319.103427
47320.411712
