8933.161556
8934.023589
8934.749925
8935.684604
8936.253765
8937.198156
8938.346035
8939.308181
8940.290249
8941.181572
8942.047712
8942.474071
8942.901797
8944.315501
8945.056384
8946.156952
8946.789546
8948.094866
8948.871203
8949.659174
8950.085438
8951.679585
8952.132146
8952.910570
8953.663140
8954.570266
8955.021105
8956.904086
8957.719764
8958.329612
8959.083915
8959.872529
8960.757465
8961.514277
8962.376098
8963.122595
8964.501768
8965.042322
8965.909132
8966.831852
8968.083142
8968.730830
8969.576813
8970.156460
8971.008144
8971.900341
8972.398475
8973.827888
8974.779544
8976.046813
8976.339748
8977.267754
8978.139157
8978.484856
8980.105035
8980.789975
8981.364598
8981.893809
8983.298016
8984.458470
8984.976927
8986.278143
8986.765638
8987.708763
8988.513243
8988.936179
8989.737246
8991.143647
8991.847222
8993.206522
8993.843872
8994.285296
8995.438088
8996.520060
8997.025737
8997.967571
8998.648899
8999.718728
9000.243406
9001.129405
9002.623776
9003.873677
9004.052178
9004.805111
9005.606797
9006.565630
9007.260756
9008.304703
9009.070075
9010.088962
9011.033504
9012.042284
9012.644453
9013.551021
9014.565229
9015.596687
9015.977933
9016.814019
9017.345160
9018.424475
