74787.566593
74788.430092
74788.765930
74789.817886
74790.229868
74790.683689
74791.731627
74792.283999
74793.153057
74793.669963
74794.389223
74795.067454
74795.708451
74796.719004
74797.293926
74797.539572
74798.514096
74798.889772
74799.344973
74800.321537
74800.636443
74801.838717
74802.619056
74803.323272
74803.622754
74804.757727
74805.250991
74805.793124
74806.025935
74806.858118
74808.064116
74808.402127
74808.963724
74809.806683
74810.209161
74810.669931
74812.029673
74812.584704
74813.250279
74814.035447
74814.432053
74815.337402
74815.961928
74816.061374
74817.074171
74817.586997
74818.301165
74818.814632
74819.921548
74820.758668
74821.381602
74821.881775
74822.400391
74823.066856
74823.805313
74824.758117
74825.292604
74825.713751
74826.425144
74826.867184
74827.858668
74828.488050
74828.744632
74829.893621
74830.770856
74831.524593
74832.189646
74832.538222
74833.071379
74833.865053
74834.425428
74834.884243
74835.773557
74836.610163
74837.340201
74837.558014
74838.563553
74839.436947
74839.941262
74840.573458
74841.386980
74842.005837
74842.394269
74843.460296
74844.145337
74844.431385
74844.953118
74845.576583
74846.125084
74847.564514
74848.079677
74848.802909
74849.439474
74850.113414
74850.491200
74851.239679
74852.156664
74852.297259
74853.064940
74854.180818
