52081.168952
52081.480793
52082.317991
52082.950295
52083.841291
52084.108668
52085.162933
52085.830257
52087.156209
52087.545001
52087.977256
52088.574579
52089.453592
52090.081690
52090.608250
52091.660883
52092.458647
52092.624871
52093.212300
52094.145262
52094.687249
52095.973860
52096.497473
52097.344555
52097.829839
52098.415376
52099.385956
52099.964533
52100.285422
52100.797352
52101.632221
52102.870524
52103.265129
52103.997184
52104.903018
52105.427260
52106.163592
52106.832191
52107.634486
52108.194399
52109.066139
52109.530816
52110.176949
52110.890214
52111.420073
52112.186346
52112.819749
52113.999370
52114.850423
52115.386991
52116.192691
52116.513181
52116.890229
52117.794078
52118.689581
52119.387231
52119.942933
52120.451208
52121.407185
52122.136778
52122.907207
52123.762324
52124.028026
52124.915827
52126.185441
52126.224397
52126.990584
52127.738718
52128.102332
52128.928850
52129.457460
52130.150833
52131.644801
52132.045806
52132.644147
52133.208508
52134.338875
52134.790240
52134.948762
52136.174216
52136.530778
52137.388975
52138.326969
52138.738980
52139.506277
52139.681880
52141.001199
52141.852135
52142.628644
52143.164949
52143.764754
52144.503825
52145.034086
52145.754943
52146.212436
52146.979469
52147.833077
52148.334304
52149.429696
52150.319037
