43573.299946
43573.569070
43575.003709
43575.586388
43576.531708
43576.859647
43577.792316
43578.117913
43578.873133
43579.387233
43580.191638
43581.303393
43581.863904
43582.328289
43582.972648
43584.178658
43584.837184
43585.490809
43585.931003
43587.045599
43587.549023
43588.257906
43588.975051
43589.561803
43589.958018
43590.528440
43591.793626
43592.737230
43593.319235
43594.225662
43594.801970
43595.112848
43595.939884
43596.733037
43597.517481
43598.020848
43598.833674
43599.379215
43600.269945
43600.938907
43601.619452
43602.392120
43603.155745
43604.313210
43604.896967
43605.215445
43605.876924
43606.361446
43607.581866
43607.723015
43608.517063
43609.544510
43610.116354
43611.335661
43611.877840
43612.263433
43613.197432
43613.879323
43614.154908
43615.364424
43616.074943
43616.573177
43617.308067
43617.729620
43618.410618
43619.247765
43620.676577
43621.060863
43621.712734
43622.281070
43623.268034
43623.797394
43624.504224
43624.683843
43625.534109
43626.658160
43627.189703
43627.967059
43628.854149
43629.459285
43630.028229
43630.965295
43631.691073
43632.223677
43633.203032
43633.796082
43634.142817
43634.830883
43635.754005
43636.326721
43636.894102
43637.935166
43639.165435
43639.842700
43639.914924
43640.887376
43641.395446
43641.813782
43643.039307
43643.618712
