74118.183050
74118.354733
74118.805070
74119.481252
74120.279808
74121.131517
74122.069243
74122.450001
74123.470627
74123.900874
74124.732071
74125.071184
74125.723633
74126.945200
74127.044411
74127.674055
74128.679600
74129.143612
74129.721322
74130.276528
74131.167155
74131.694556
74132.868245
74133.756808
74134.081667
74134.739670
74134.978132
74135.717132
74136.740178
74137.162586
74137.571733
74138.662403
74138.996542
74140.005099
74140.723695
74141.471085
74142.037968
74142.543594
74143.170158
74144.272261
74144.670166
74145.354395
74146.084798
74146.452591
74147.249939
74147.507955
74148.324370
74149.470527
74150.267029
74150.802303
74151.413075
74152.146884
74152.930268
74153.323879
74153.903206
74154.335273
74155.191410
74156.236012
74156.674820
74157.286081
74157.768639
74158.940219
74159.012774
74160.512524
74160.708740
74161.386816
74162.351119
74162.769101
74163.431403
74163.855068
74164.634875
74165.253419
74165.839603
74166.445518
74167.368848
74168.664227
74168.989799
74169.401881
74170.180764
74170.580893
74171.395502
74172.048517
74172.995854
74173.626530
74173.880419
74174.362495
74175.575305
74176.017035
74176.620538
74177.412218
74178.413120
74179.043368
74179.616045
74180.389166
74180.844624
74181.339503
74182.018529
74182.631047
74183.133650
74184.261500
