29277.929010
29278.396634
29279.411498
29280.425445
29281.085987
29281.543519
29282.301567
29283.329017
29283.964840
29284.730464
29285.268839
29285.762748
29286.438322
29287.335128
29288.653151
29289.240795
29290.140028
29290.712838
29291.243250
29291.984293
29292.689113
29293.646853
29294.049589
29294.849334
29295.804156
29296.498855
29297.117705
29298.171031
29298.484240
29299.801101
29300.560260
29301.230282
29301.755572
29301.944109
29303.457208
29303.742604
29304.173567
29305.327295
29306.262757
29307.210969
29307.907136
29308.571782
29309.090172
29309.878654
29310.414909
29311.523672
29312.265356
29312.775367
29313.614177
29313.949276
29314.765806
29316.117910
29316.906879
29317.317288
29318.275614
29318.978270
29319.692129
29320.396829
29320.667816
29321.407369
29322.408218
29323.520761
29323.811727
29325.027434
29325.677671
29326.078971
29327.262971
29327.695157
29328.504259
29329.597668
29329.797097
29330.517610
29331.340299
29332.116263
29332.643645
29333.469385
29334.916808
29335.645403
29336.122844
29336.525036
29337.356165
29338.042427
29338.713519
29339.742611
29340.388062
29340.811727
29341.755777
29342.930643
29343.316198
29344.046787
29344.971907
29345.815013
29346.386471
29347.238855
29347.986204
29348.325759
29349.023198
29349.658767
29350.604278
29351.850146
