38061.483817
38062.714273
38063.649153
38064.140968
38064.798207
38065.653266
38066.065184
38066.725472
38068.018113
38068.198294
38069.230341
38069.573185
38070.389453
38070.781511
38071.849940
38073.105435
38073.816725
38074.097929
38074.858667
38075.684423
38076.604125
38076.854305
38077.220397
38078.367825
38079.013967
38080.050200
38080.677509
38081.289251
38082.128992
38082.975739
38083.366382
38084.459551
38085.233322
38085.504661
38086.529464
38086.909237
38087.676817
38088.272031
38089.088088
38089.941016
38090.869239
38091.962807
38092.462523
38092.860214
38093.613848
38093.929239
38095.078413
38095.785506
38096.510248
38097.237242
38097.590328
38098.512142
38099.552333
38100.405859
38100.521067
38101.725650
38102.602948
38103.206909
38103.479158
38104.586783
38104.947662
38105.659246
38106.042212
38107.318144
38108.348799
38108.879084
38109.650701
38110.234554
38110.925617
38111.735380
38112.391541
38112.997943
38113.623520
38114.701331
38115.259091
38115.733036
38116.526395
38117.037922
38118.474187
38119.182020
38119.701409
38120.545645
38121.048613
38121.604760
38122.389416
38123.000449
38123.673013
38124.593213
38125.233770
38125.984938
38127.298779
38127.484834
38128.278838
38129.023012
38129.407899
38130.592897
38131.483109
38131.987819
38132.207418
38132.837905
