67382.361143
67383.168055
67383.658481
67384.545682
67385.156503
67385.818664
67386.081838
67387.457883
67387.899120
67388.471496
67389.417481
67390.015601
67390.694481
67391.661864
67391.907878
67392.578363
67392.950902
67393.494945
67394.735155
67395.128098
67396.192153
67396.604303
67397.688436
67398.274575
67398.625965
67399.517730
67399.903788
67400.694989
67401.362763
67402.243027
67402.849511
67403.325048
67403.729635
67404.834452
67405.206655
67406.150806
67407.352096
67407.907986
67408.158566
67408.784762
67409.556435
67410.160045
67410.877536
67411.419161
67411.976694
67412.709788
67413.620315
67414.480223
67415.168629
67415.826641
67416.066738
67416.954080
67417.839062
67418.477901
67419.143206
67419.672524
67420.303661
67420.879664
67421.671734
67421.980159
67422.906626
67424.011733
67424.588089
67425.291196
67426.005933
67426.683442
67427.252059
67427.625773
67428.212971
67428.943273
67430.097090
67430.405967
67431.213971
67431.837218
67432.207220
67433.425829
67434.183779
67434.795448
67434.968767
67436.332131
67436.635192
67437.455428
67437.829868
67438.574304
67439.089810
67439.862117
67440.151554
67441.660062
67442.202545
67443.031352
67443.658453
67443.894716
67444.741920
67445.412732
67445.942376
67447.179871
67447.331548
67447.770917
67448.706291
67449.628196
