53402.708542
53402.932950
53403.866655
53404.363045
53404.902538
53405.479288
53406.460002
53407.543344
53407.718733
53408.380192
53408.860329
53410.229320
53410.724981
53411.393298
53412.247689
53412.867730
53413.547386
53414.036332
53414.884608
53415.452921
53415.774417
53416.662663
53417.341481
53418.533194
53419.149691
53419.963133
53420.689969
53420.888549
53421.444832
53422.666978
53423.140343
53424.040149
53424.350656
53425.029613
53425.817313
53426.525270
53427.281148
53427.805107
53428.786173
53429.784079
53430.427648
53430.817824
53431.567102
53432.185710
53432.481001
53433.395234
53434.349939
53434.554219
53435.764802
53436.325147
53437.145538
53437.782232
53438.586811
53439.246635
53439.741706
53440.499209
53441.157981
53442.185621
53442.650411
53443.172491
53443.492042
53444.667684
53444.790237
53446.663294
53446.984006
53447.552285
53448.068966
53449.091566
53449.632919
53450.095381
53450.645903
53451.512539
53452.314545
53452.906702
53453.586918
53454.490035
53455.052373
53456.013202
53456.218502
53457.343656
53458.100254
53458.827489
53459.249400
53460.012166
53460.259853
53461.147945
53461.977405
53462.545076
53463.139263
53464.332002
53465.163073
53465.813608
53466.337630
53466.754288
53467.418942
53468.158283
53469.120701
53469.645592
53470.371352
53471.007804
