19694.866727
19695.618165
19696.552013
19697.778012
19698.448647
19699.152821
19700.210636
19700.859498
19701.375431
19701.691351
19703.357026
19703.551720
19704.678926
19705.295775
19705.594624
19706.792192
19707.936983
19708.609659
19709.484432
19710.153225
19710.975714
19711.380581
19712.237441
19712.959001
19713.798470
19714.233576
19715.764064
19716.648359
19716.974463
19718.067046
19718.277387
19719.436925
19720.509852
19721.064250
19721.346351
19722.433965
19723.183573
19723.823694
19724.593516
19725.754701
19726.911175
19727.416465
19727.950384
19728.900305
19729.434936
19729.907573
19730.964097
19731.851060
19732.774206
19733.171416
19734.165143
19735.258203
19735.803943
19736.654871
19737.399828
19738.053916
19739.181194
19739.736059
19740.311715
19740.672021
19741.623263
19742.959856
19743.786502
19744.744823
19745.229597
19745.838006
19746.766265
19747.454015
19748.004427
19749.067935
19749.813578
19750.406004
19751.195556
19752.462601
19752.651595
19753.665383
19754.942326
19755.759282
19755.893290
19756.791614
19757.347866
19758.299374
19758.994300
19759.681163
19760.681708
19761.716289
19762.795106
19763.203572
19763.588871
19764.729643
19765.247002
19766.347957
19767.087251
19767.648282
19768.337186
19769.124738
19769.671809
19771.336886
19771.857772
19772.532896
