3335.045996
3336.575968
3337.044211
3338.150407
3339.256673
3340.117152
3340.972263
3342.211554
3343.051722
3343.604908
3344.852255
3346.848430
3347.397830
3347.936001
3349.301027
3349.856252
3350.803704
3352.153804
3352.845364
3354.278231
3355.483680
3355.880578
3357.198154
3358.402699
3359.359283
3359.852404
3360.584153
3361.887588
3363.233878
3364.355763
3365.600957
3366.120883
3367.055542
3367.769443
3369.183728
3370.061651
3370.997536
3371.922445
3373.160140
3374.427471
3375.379955
3376.298386
3376.820970
3378.258956
3378.780608
3379.460192
3381.634647
3382.296714
3383.348489
3383.871212
3385.177310
3386.166295
3387.149564
3387.808777
3389.091880
3389.648879
3391.481233
3392.147572
3393.651785
3394.137666
3394.991106
3395.614850
3396.890066
3398.271677
3398.841197
3400.322476
3401.387450
3402.000441
3403.008864
3404.362761
3405.132918
3405.809942
3406.679482
3407.728314
3409.578736
3410.424565
3411.223633
3411.855830
3413.219036
3413.710819
3415.006415
3415.806623
3417.201725
3418.194842
3418.744246
3420.540582
3421.307537
3421.882420
3423.128594
3423.611394
3424.728989
3425.830917
3427.431811
3428.345014
3429.077161
3430.158809
3430.611618
3432.026366
3433.306331
3433.769710
