20551.695401
20552.481358
20552.866301
20553.582012
20554.481232
20555.371798
20556.395486
20556.692333
20557.286170
20558.190535
20559.538523
20559.916160
20561.120333
20561.411664
20562.922661
20563.155605
20563.571540
20564.450586
20565.174778
20565.894182
20567.037558
20567.933594
20568.598562
20569.444479
20570.347510
20570.630830
20571.681791
20572.636527
20573.148404
20573.739964
20574.865287
20575.293669
20576.165055
20576.542462
20578.425076
20578.890902
20579.583662
20580.381505
20580.723278
20581.559365
20582.551116
20583.149897
20583.763525
20584.824420
20585.589232
20586.580159
20587.172564
20588.059515
20588.646475
20589.607475
20590.513736
20591.155535
20591.743240
20592.440641
20592.868412
20593.892924
20595.084914
20595.886999
20596.697909
20597.378903
20598.260631
20598.868008
20599.437786
20599.918626
20601.313056
20601.951755
20602.701887
20603.052571
20604.221687
20605.120337
20605.772618
20607.129446
20607.290629
20608.369299
20608.616816
20609.833314
20610.214880
20610.813157
20611.918583
20612.491397
20614.046318
20614.820569
20615.037475
20615.603432
20616.697142
20617.477225
20618.381230
20618.937380
20619.585313
20620.394367
20621.181477
20621.862000
20622.930477
20623.742117
20624.920492
20625.391366
20625.849146
20626.994373
20627.279398
20627.876440
