7265.962856
7266.825071
7267.022572
7267.851161
7269.281796
7270.665196
7271.162578
7272.293916
7272.756819
7273.701234
7274.639386
7275.692946
7276.188510
7277.313417
7277.911194
7279.226323
7279.768521
7281.316094
7282.176167
7282.817681
7283.495775
7284.023697
7285.277302
7286.139694
7286.779238
7288.267170
7289.103758
7289.940276
7290.821429
7291.290043
7292.741249
7293.403109
7294.204147
7295.048894
7295.564849
7296.571619
7298.368684
7299.138848
7299.336571
7300.763476
7301.581317
7301.848557
7302.917875
7303.843900
7305.060287
7305.818161
7306.637205
7307.660752
7308.671664
7309.497903
7310.501357
7311.190951
7311.881145
7312.724372
7313.555046
7314.449131
7315.755628
7317.100250
7317.553738
7318.351002
7318.871998
7319.896757
7321.233781
7321.717373
7322.568751
7323.243983
7324.849333
7325.226115
7326.444102
7327.534497
7328.283514
7328.861171
7329.815578
7330.586839
7330.970858
7332.652130
7333.517033
7334.639105
7335.193963
7336.016820
7337.312223
7337.649201
7338.621251
7339.763136
7340.495964
7341.172411
7341.781448
7343.507522
7344.429407
7345.413384
7345.737188
7346.698927
7347.601440
7348.226470
7349.249777
7350.347618
7350.973256
7352.631847
7352.880430
7353.913947
