35163.488323
35163.973576
35164.733020
35165.310074
35165.616630
35166.499419
35167.661013
35168.173502
35168.696928
35169.463796
35170.202048
35170.979359
35171.752255
35172.688282
35173.575257
35173.916839
35174.894829
35175.630508
35176.100931
35176.726398
35177.451057
35177.858188
35178.885408
35180.125639
35180.738877
35181.241122
35181.959672
35183.044541
35183.320031
35184.174937
35184.907719
35185.472471
35186.530784
35187.134017
35187.432972
35188.291541
35189.088269
35190.003372
35191.255480
35191.595511
35192.326061
35193.028968
35193.552119
35194.044861
35195.127825
35195.505027
35196.715167
35197.002861
35197.806677
35199.043647
35199.863092
35200.137051
35200.504760
35201.856037
35202.640498
35203.118068
35203.920508
35204.379192
35205.009364
35205.629092
35206.664107
35207.400576
35208.476015
35209.273204
35209.741162
35210.452264
35211.110878
35211.748495
35212.520817
35212.966544
35213.959270
35214.956490
35215.418226
35215.878544
35216.997142
35217.530152
35218.728602
35219.313926
35219.977665
35220.536959
35221.220058
35222.218455
35222.522458
35223.280308
35223.694981
35224.838457
35226.026562
35226.628865
35227.221818
35228.023731
35228.456956
35229.280188
35229.810469
35231.091714
35231.497244
35232.054120
35232.604774
35233.723624
35234.053616
35235.406980
