39142.855954
39143.176019
39143.740635
39144.536786
39145.588861
39145.707399
39146.439073
39147.028714
39147.984721
39148.703106
39149.419345
39150.200732
39151.225235
39151.552384
39152.325518
39153.084489
39154.269261
39154.435646
39155.412030
39156.024026
39156.290976
39157.218159
39158.128366
39158.614060
39159.163986
39160.852539
39161.240612
39161.903601
39162.531119
39163.053874
39163.682767
39164.475539
39165.436219
39165.962719
39166.734884
39167.297878
39167.938503
39169.088705
39169.502449
39170.559029
39171.323980
39171.729899
39172.838591
39173.101157
39174.133915
39174.501537
39175.003463
39175.595214
39176.848372
39177.814267
39178.418092
39178.952609
39179.883775
39180.445193
39181.246777
39181.691806
39182.595236
39183.288375
39183.917002
39184.928599
39185.207227
39185.756862
39186.747992
39187.848416
39188.339986
39189.658124
39189.819094
39190.610527
39190.981602
39191.654971
39192.799330
39192.995521
39193.988887
39194.776022
39195.251573
39196.632121
39197.150270
39197.639436
39198.450058
39198.776994
39200.324673
39200.667609
39201.229364
39201.704197
39202.799927
39203.014554
39203.780022
39204.861197
39205.882071
39206.491895
39207.256320
39207.852854
39208.392333
39209.350493
39209.746730
39210.192225
39211.375849
39211.953954
39212.969638
39213.277761
