40505.865486
40506.398650
40507.328939
40507.918286
40508.757098
40509.208518
40510.568336
40511.218686
40511.801824
40512.577200
40513.293537
40513.721328
40514.331891
40515.449453
40516.226816
40516.423956
40517.687357
40517.916698
40518.261045
40519.593271
40520.649578
40521.375012
40521.775098
40522.417829
40523.457000
40523.823945
40524.617820
40525.031957
40525.614842
40526.723055
40527.502606
40528.263973
40528.988957
40529.847678
40530.156907
40531.183377
40531.730995
40532.735576
40533.226366
40533.895022
40534.615963
40534.988739
40535.954935
40536.545089
40537.415286
40538.244321
40539.455698
40539.999169
40540.400713
40540.989982
40541.589799
40542.376714
40543.123656
40544.034906
40544.637775
40545.215378
40545.765788
40547.208012
40547.625979
40547.959752
40549.211367
40549.867447
40550.392191
40551.271551
40551.828859
40552.410665
40553.225110
40553.368261
40554.379411
40555.744540
40556.339128
40556.962079
40557.819156
40558.041395
40559.152798
40559.750559
40560.301179
40560.909048
40561.880568
40562.695930
40563.140556
40563.777507
40564.517881
40565.378879
40566.476952
40567.148644
40567.637078
40568.566645
40569.006425
40569.496408
40570.261496
40571.044349
40571.692424
40572.399975
40573.346010
40574.105927
40575.035100
40575.755726
40576.107147
40576.665866
