6908.442281
6908.903089
6910.472255
6911.048924
6911.819906
6912.192144
6913.303555
6914.187543
6915.329117
6916.245063
6917.216468
6918.357587
6918.817356
6919.750351
6920.967473
6921.483827
6922.480973
6923.354034
6924.145884
6924.460427
6926.654831
6927.286797
6928.071663
6928.719431
6929.627051
6930.528890
6931.345058
6932.023250
6933.304572
6934.184535
6935.045370
6936.108134
6936.738749
6938.142460
6938.676824
6939.728174
6940.311344
6940.802649
6942.049400
6942.947798
6944.312163
6945.071500
6946.311464
6946.661391
6947.472631
6948.143968
6949.584246
6950.558031
6950.778718
6951.731756
6953.170717
6953.807636
6955.261558
6955.788441
6956.546043
6957.755993
6958.032891
6958.980843
6959.816566
6960.901479
6962.607412
6962.870225
6963.680284
6964.533684
6965.796786
6966.478635
6967.140998
6968.316501
6968.801828
6969.932237
6970.535368
6972.095936
6973.262414
6973.654656
6974.591510
6975.295197
6976.008257
6976.919054
6978.181615
6978.842393
6979.762843
6981.004332
6981.976866
6982.397415
6983.385289
6984.843874
6985.151721
6986.003674
6986.850633
6987.254126
6989.031870
6990.113171
6990.678711
6991.939520
6992.275498
6993.159083
6994.109978
6995.039339
6995.819351
6996.886975
