17176.544016
17177.294822
17178.691066
17179.036572
17179.919791
17180.518979
17181.900487
17182.411943
17183.026112
17183.517999
17184.268341
17185.274890
17185.935283
17187.452334
17187.989782
17188.643077
17189.613493
17190.340670
17190.611533
17191.786333
17192.587940
17193.148836
17194.274646
17194.798230
17195.590822
17196.273348
17197.756448
17198.463039
17199.019591
17199.743489
17200.402709
17201.286495
17201.964473
17202.584542
17203.324938
17204.595763
17205.587952
17206.337955
17206.748932
17207.765228
17208.267890
17209.305523
17210.190242
17210.989704
17211.302420
17212.214059
17212.786061
17214.165785
17214.876517
17215.725438
17216.778247
17217.328271
17218.006937
17218.701332
17219.174524
17220.019740
17221.487546
17221.807150
17222.425736
17223.891095
17224.282671
17225.192214
17225.901641
17227.009812
17227.447732
17228.266922
17229.072284
17229.778849
17230.351074
17230.964698
17232.456738
17233.452259
17234.365939
17234.694186
17234.980875
17236.400393
17236.961753
17237.654917
17238.600661
17239.148037
17240.255937
17240.877203
17241.847699
17242.491284
17243.587168
17244.430400
17245.126442
17245.847412
17246.352806
17247.136937
17247.799377
17248.648500
17249.867865
17250.618701
17251.441211
17252.314982
17253.124760
17253.716375
17254.030381
17255.317628
