52637.542490
52638.413012
52639.228275
52640.063983
52640.793740
52641.510589
52642.368088
52642.749440
52643.090970
52643.784461
52644.574780
52645.515743
52646.219082
52646.704934
52647.357007
52648.457913
52649.087941
52649.472076
52650.652221
52651.015881
52651.740615
52652.541280
52653.281364
52653.666174
52654.280790
52655.180910
52655.527951
52656.122337
52657.915698
52658.234561
52658.798239
52659.508728
52659.809466
52660.955199
52661.468217
52661.942872
52662.810140
52663.595028
52663.975978
52665.060072
52665.436972
52666.400153
52666.850645
52667.828734
52668.820228
52669.187650
52669.889109
52670.723902
52671.261998
52671.368626
52672.554174
52672.878450
52674.014170
52674.636524
52675.425309
52676.221361
52677.129603
52677.557357
52678.173229
52678.573753
52679.452986
52680.399523
52681.175603
52681.472251
52682.318568
52682.589552
52683.387019
52684.565348
52685.282497
52685.897520
52686.830748
52687.460109
52687.761682
52688.543311
52689.402280
52689.647697
52690.526338
52691.094240
52691.970380
52693.092667
52693.362874
52694.304702
52694.961620
52695.322866
52696.288236
52697.326685
52697.867018
52698.035062
52698.802199
52699.849270
52700.334175
52700.753200
52701.429976
52702.530933
52703.521735
52704.244888
52704.759589
52705.358542
52705.874144
52706.666962
