23171.736354
23172.244670
23172.557251
23173.446028
23174.696548
23175.339754
23175.947770
23176.284378
23177.474272
23177.936050
23179.212459
23179.878360
23180.697003
23181.650316
23182.295196
23182.730911
23183.621664
23184.084596
23184.903093
23185.635033
23186.779440
23187.533837
23188.505468
23188.796265
23189.776555
23190.691464
23191.291991
23192.181332
23192.541040
23193.721145
23194.362852
23194.681373
23195.700446
23196.158258
23197.912635
23198.484200
23199.116878
23199.595859
23200.534654
23201.091775
23201.821759
23202.502991
23203.695890
23204.109528
23204.727868
23205.943848
23206.852656
23207.254018
23207.974657
23209.131858
23209.723977
23210.612136
23211.270848
23211.645149
23212.073218
23213.405874
23214.087401
23215.031407
23216.180742
23216.513394
23217.612128
23218.029942
23218.547822
23219.535613
23220.216521
23221.141447
23221.915815
23222.434416
23223.161128
23224.116108
23224.847963
23226.122857
23226.758467
23227.234816
23227.964709
23228.624511
23229.595802
23230.064574
23230.756178
23231.354352
23232.892197
23233.587174
23234.253160
23234.810188
23235.879774
23236.005827
23237.479794
23237.955391
23238.568111
23239.427041
23240.019583
23240.755679
23241.435522
23242.788558
23243.415770
23244.163915
23245.162354
23245.827261
23246.226098
23246.736803
