74252.005007
74252.373273
74253.403363
74254.069461
74254.503778
74255.125050
74255.646701
74256.240922
74257.008434
74257.561700
74258.915355
74259.610544
74259.933865
74260.677630
74261.150208
74261.964078
74262.693835
74263.039658
74263.713947
74264.406470
74265.428817
74265.737006
74266.732423
74267.026476
74267.769288
74268.689649
74269.446019
74270.170585
74270.862860
74271.291647
74271.836572
74272.553028
74273.319957
74273.781710
74274.180000
74275.118775
74276.156617
74276.557539
74277.635532
74278.277523
74278.752371
74279.269823
74279.704419
74280.628039
74281.393742
74282.235824
74282.630732
74283.149435
74283.813911
74284.293431
74285.404886
74286.121019
74286.972623
74287.162856
74288.421625
74289.042138
74289.352939
74289.797667
74290.696139
74291.267400
74291.585227
74292.648478
74293.527700
74293.922194
74294.890875
74295.568192
74296.019712
74296.727600
74297.562807
74298.054231
74298.972752
74299.414841
74299.838487
74300.892151
74301.353440
74301.863401
74302.652179
74302.840611
74304.552816
74305.140758
74305.667565
74306.219766
74306.688297
74307.466632
74308.035510
74308.732150
74309.296880
74310.096393
74310.874753
74311.158992
74312.168978
74312.940096
74313.453832
74314.257148
74314.830258
74315.635131
74316.178970
74317.120959
74317.741492
74318.052770
