60710.852649
60711.228821
60711.920437
60712.644280
60712.979378
60713.462229
60714.600324
60715.368985
60716.359203
60716.907993
60717.559167
60718.199347
60718.756026
60719.432972
60719.998013
60720.959923
60721.376594
60722.020851
60722.941349
60723.574221
60724.048410
60724.918981
60725.430346
60726.590761
60727.341609
60727.981989
60728.353222
60728.858936
60729.756056
60730.304112
60730.898855
60731.659307
60732.198669
60732.998939
60734.322708
60734.719872
60735.148254
60735.998130
60736.735383
60737.050374
60737.809173
60738.954565
60739.398128
60739.876301
60740.680351
60740.933635
60741.793416
60742.756382
60743.546900
60744.485036
60744.886994
60745.440147
60746.560116
60746.950419
60747.461772
60747.816224
60748.565618
60749.639929
60750.337242
60750.830243
60751.613532
60752.589594
60752.880401
60753.796024
60754.573306
60754.951554
60756.156628
60756.265675
60757.210954
60757.651185
60758.374324
60759.019192
60759.695053
60760.087158
60761.445052
60762.361854
60762.908109
60763.450102
60763.885335
60764.381954
60765.376082
60765.987594
60766.727313
60767.272630
60767.898364
60768.827398
60769.172431
60770.359637
60770.826964
60771.348247
60772.427244
60772.975002
60773.912750
60774.221286
60774.901834
60775.463845
60776.203773
60776.650708
60777.199311
60778.666191
