15096.098572
15096.294189
15097.211481
15097.974009
15098.880652
15099.662712
15100.374027
15101.278166
15102.339335
15103.026613
15103.573332
15104.836819
15105.849358
15106.172452
15106.975864
15107.514791
15108.303256
15109.376266
15109.959740
15111.022437
15112.493402
15112.687534
15113.536230
15114.185450
15115.025970
15115.667491
15116.892910
15117.447894
15118.287814
15118.680392
15119.790585
15120.691853
15121.997161
15122.537334
15123.180819
15123.891957
15124.994248
15125.564673
15125.894584
15126.707271
15128.124862
15128.795115
15130.043108
15130.313218
15131.097259
15132.407522
15132.563538
15133.822794
15134.435046
15135.181152
15135.862986
15136.667129
15137.330887
15138.547439
15139.449505
15140.499422
15141.334881
15141.550120
15142.363007
15142.974361
15144.068998
15145.016011
15145.582627
15146.283961
15147.464105
15148.415830
15148.999341
15149.675654
15150.647949
15151.859172
15152.181832
15152.670593
15153.786386
15154.391380
15154.766772
15156.576983
15157.329263
15158.040224
15158.625053
15159.580318
15160.216180
15160.936437
15161.886705
15162.369685
15163.606728
15164.312907
15164.854808
15165.672289
15166.966011
15167.814573
15168.504474
15169.308520
15169.781723
15170.818912
15171.157015
15172.294041
15172.727965
15174.087164
15174.904029
15175.960857
