6818.595648
6819.200378
6820.389495
6821.029054
6821.700640
6822.503719
6823.687203
6824.619085
6825.430833
6826.694558
6827.215195
6828.196024
6829.600399
6830.083027
6830.870213
6831.545028
6832.556238
6833.389260
6834.177858
6835.801628
6836.654339
6837.608007
6837.961927
6838.573655
6840.160959
6840.629444
6841.652128
6842.568406
6843.097716
6844.542069
6845.395596
6846.437600
6847.230869
6848.211314
6848.775908
6849.879668
6850.113716
6851.115911
6852.988639
6853.366485
6854.363467
6855.292491
6856.262283
6856.760131
6858.049411
6858.558429
6859.922463
6860.187858
6861.108305
6862.251552
6863.661560
6864.468078
6865.320196
6865.947533
6866.605957
6867.507291
6868.582153
6869.569127
6870.024934
6871.789073
6872.372448
6873.072723
6873.934694
6875.153324
6876.145315
6876.698117
6877.237646
6878.258863
6879.112421
6880.377942
6881.688038
6882.445197
6882.838577
6884.181301
6884.701384
6885.263282
6886.623661
6887.549968
6888.250992
6889.289681
6889.977275
6891.537372
6892.182738
6892.950976
6893.749941
6894.725796
6895.615387
6895.840311
6897.082003
6898.502343
6899.560414
6900.318742
6900.858109
6901.834315
6902.578676
6903.937998
6904.535186
6905.140661
6906.094062
6907.140032
