11734.196293
11734.867505
11735.684371
11736.833302
11737.684911
11737.905476
11739.509472
11739.976299
11741.110505
11741.908453
11742.546865
11743.530831
11744.428773
11744.836234
11745.753334
11745.949820
11747.908671
11748.595252
11749.508200
11750.095550
11750.991623
11751.728653
11752.500544
11753.257007
11754.457707
11754.794535
11755.807215
11756.598489
11757.511229
11758.531652
11759.572250
11760.399691
11761.094313
11761.651765
11762.065772
11763.594976
11763.865059
11764.907466
11765.921749
11767.206812
11767.704549
11768.479740
11769.069758
11770.008508
11771.476412
11771.579944
11772.311186
11773.359591
11773.873277
11774.826841
11776.492110
11776.924755
11777.640988
11778.581718
11779.392457
11779.936736
11780.632880
11781.496261
11782.550347
11783.645708
11784.214861
11784.950932
11786.148016
11786.811733
11787.979802
11788.228824
11789.432453
11789.964960
11790.810151
11791.390303
11792.267895
11793.549605
11794.719514
11795.407585
11795.952598
11796.862277
11797.203196
11798.382152
11799.472280
11799.990026
11800.702336
11801.458102
11802.957343
11803.451465
11804.077344
11805.619708
11806.107989
11806.699863
11807.701408
11808.129106
11808.771900
11810.041639
11810.880108
11812.132301
11812.700297
11813.611080
11814.179896
11815.143744
11816.080529
11816.471914
