73715.704865
73716.594283
73717.171956
73717.638862
73718.153448
73718.745223
73719.698887
73720.174424
73720.995669
73721.359493
73722.133612
73723.201046
73723.698213
73724.346439
73725.014056
73725.594205
73726.381928
73727.499394
73727.857366
73728.223704
73728.728257
73729.618266
73730.332267
73730.614087
73731.473844
73732.448107
73733.294361
73733.947041
73734.534858
73735.079461
73735.934725
73736.275988
73736.846698
73737.591201
73738.419247
73739.306612
73739.641494
73740.241219
73740.844467
73741.541578
73742.673045
73743.262630
73744.015747
73744.677585
73744.864614
73746.144306
73746.344658
73747.118588
73747.614844
73747.930564
73749.050276
73749.737536
73750.614803
73751.326624
73752.149435
73752.510816
73752.931800
73753.891318
73754.570144
73755.122624
73756.118219
73756.398823
73756.993320
73757.725012
73758.198265
73759.360775
73759.664562
73760.346213
73761.803658
73762.022553
73762.778311
73763.270257
73763.799191
73764.320291
73765.051536
73765.789518
73766.564048
73767.142306
73767.849652
73768.439563
73769.516897
73770.053257
73770.585072
73771.164834
73772.195466
73772.617227
73773.207368
73774.159260
73774.652150
73775.074905
73775.755462
73776.268344
73776.872189
73778.494696
73778.856190
73779.437436
73779.997079
73780.694332
73781.477057
73781.967732
