65619.597969
65620.313813
65620.865693
65621.777277
65622.746629
65623.091963
65623.861869
65624.354718
65624.794817
65625.757891
65626.254049
65626.950896
65627.259840
65628.803291
65629.190642
65630.109656
65630.532733
65631.616803
65631.799282
65632.125411
65633.067584
65634.189625
65634.413150
65635.401841
65635.826712
65636.269656
65636.959093
65638.088455
65638.858809
65639.424002
65640.121622
65640.709389
65641.717672
65642.219343
65642.501504
65643.101219
65643.886921
65644.536096
65645.222936
65646.354404
65646.806508
65647.569137
65648.382804
65648.804513
65649.405330
65650.268375
65651.000584
65651.575359
65652.211622
65652.772445
65653.483601
65654.217345
65654.699957
65655.384040
65656.108875
65657.543742
65658.010511
65658.538510
65658.843517
65659.763837
65660.143529
65661.023183
65661.597754
65662.275778
65663.069863
65663.656908
65664.262573
65665.562429
65665.658174
65666.569137
65667.077979
65667.960194
65668.826562
65668.998202
65670.170897
65670.647100
65670.978559
65671.506934
65672.204104
65673.199315
65674.206179
65674.726440
65675.504587
65676.181709
65676.637555
65677.553472
65678.037362
65678.466776
65679.041926
65680.242736
65680.876633
65681.199081
65682.018572
65682.523991
65683.455552
65684.264131
65684.816772
65685.933152
65686.212575
65687.096268
