6185.079974
6185.460103
6186.457283
6187.126750
6188.458683
6189.118029
6190.169795
6190.926665
6192.097286
6193.133431
6193.902824
6194.965274
6195.672078
6196.664752
6197.387063
6198.065389
6198.652216
6200.674034
6201.593088
6201.832569
6203.190910
6203.867876
6204.585656
6205.731342
6206.513025
6207.353677
6208.562086
6208.813972
6210.470030
6211.207816
6212.549686
6213.187976
6213.799999
6214.501304
6215.400957
6216.668292
6217.188858
6218.517119
6219.844220
6220.276866
6221.350127
6221.641300
6223.447708
6223.854786
6224.732447
6225.470678
6226.232883
6227.450045
6228.832840
6229.761584
6230.323749
6231.186984
6232.234236
6232.811490
6233.436150
6234.905356
6235.691811
6236.871797
6237.401188
6238.507790
6239.720298
6240.518432
6240.987478
6242.263742
6242.916128
6243.536571
6244.467501
6245.846353
6247.220803
6247.765900
6248.617590
6249.223567
6250.125998
6251.160830
6252.337721
6252.960641
6253.372699
6255.212382
6255.709995
6256.737988
6257.821913
6258.863142
6259.511130
6259.969134
6260.941865
6261.776846
6263.065904
6264.199277
6265.060898
6265.972125
6266.645735
6267.560486
6268.625266
6269.267355
6270.349148
6271.148771
6271.964363
6272.586182
6274.619334
6275.133981
