1649.118535
1650.416988
1651.732693
1652.671065
1654.205896
1654.726652
1655.822775
1657.114236
1657.567101
1660.019980
1660.860056
1661.836892
1662.377202
1664.057265
1664.968004
1665.877640
1667.241125
1668.368229
1669.669728
1671.047182
1671.984259
1672.963370
1673.687445
1674.648462
1676.362486
1677.691227
1678.630368
1680.077946
1680.504770
1681.812320
1683.273289
1684.171656
1684.558863
1686.421121
1688.080142
1688.933868
1689.703154
1691.051559
1691.515192
1693.053020
1694.017564
1695.832554
1696.654997
1697.342514
1699.229547
1699.966817
1700.820303
1701.825550
1702.923249
1704.291412
1706.256032
1706.615665
1707.912312
1708.512116
1709.780842
1711.137603
1712.155397
1713.055341
1714.717145
1715.825283
1716.769983
1717.974485
1718.954152
1719.724469
1720.498070
1722.844661
1723.532822
1724.733958
1725.638628
1726.605700
1728.166506
1728.644486
1730.023872
1731.014193
1732.430169
1733.840825
1735.175466
1735.624715
1736.305662
1737.893884
1738.783237
1740.169115
1741.779167
1742.467680
1743.426436
1744.721511
1746.097498
1746.595456
1747.781695
1748.563987
1750.822818
1751.617794
1752.511511
1753.661355
1754.763369
1755.169694
1757.046518
1757.984077
1759.240085
1760.215166
