32088.871549
32089.726426
32091.030420
32091.508942
32092.176280
32093.075241
32093.360842
32094.018294
32094.828644
32095.506420
32096.447732
32097.232038
32097.568290
32099.075692
32099.717135
32100.017838
32100.904113
32101.358965
32102.634219
32103.320767
32103.762418
32104.448497
32104.949855
32105.809951
32106.470029
32107.614589
32108.590228
32109.057708
32110.008809
32110.529707
32111.048382
32111.921983
32112.441711
32113.295116
32113.810775
32115.076159
32115.634356
32116.096212
32117.065976
32117.804731
32118.740414
32119.460352
32120.237343
32120.694395
32121.309958
32122.252800
32122.992222
32123.343084
32123.846639
32125.249492
32126.299094
32126.822469
32127.470157
32128.247702
32128.902734
32129.135842
32130.395815
32131.201237
32131.644438
32132.494112
32132.994590
32133.707285
32134.844547
32135.729517
32136.004762
32137.151395
32138.080105
32138.382791
32139.327007
32139.770672
32139.967102
32141.229119
32142.025138
32142.728419
32143.643486
32144.494129
32145.160317
32145.768101
32146.646993
32147.038442
32148.115756
32148.636242
32149.524952
32150.053447
32150.830077
32151.352947
32152.063173
32153.047936
32154.550680
32154.889474
32155.327460
32155.824450
32156.934281
32157.497682
32158.072741
32158.755612
32159.811549
32160.106463
32161.410970
32162.032249
