44991.409532
44991.993653
44993.049487
44993.753463
44994.527057
44994.803815
44995.813160
44996.252049
44996.840354
44998.110003
44998.877695
44999.592045
45000.209669
45000.641187
45001.640647
45002.332731
45002.600273
45003.363313
45003.827082
45005.029414
45005.780608
45006.619457
45007.122713
45007.916877
45008.458950
45009.518735
45009.849105
45010.784353
45011.387145
45012.040685
45012.802203
45013.303488
45013.844047
45014.748221
45015.579723
45016.405093
45017.532556
45018.091851
45018.448026
45019.001142
45019.865986
45020.304153
45021.068319
45022.343655
45022.610104
45022.955620
45024.010216
45025.118841
45025.581190
45026.415771
45026.598001
45028.086821
45028.402134
45029.162304
45029.783746
45030.367904
45031.036958
45031.432955
45032.349533
45033.410304
45034.228134
45035.212028
45035.391722
45036.042151
45037.087978
45037.439444
45038.267355
45038.778006
45039.570738
45040.497501
45041.018775
45041.898206
45042.087103
45043.047171
45044.236795
45044.897472
45045.510673
45046.211213
45046.789105
45047.295849
45048.259586
45048.594937
45049.362579
45050.075657
45050.885614
45052.031157
45052.479299
45053.302002
45054.145030
45054.432046
45054.920159
45056.029215
45057.004800
45057.502223
45057.845096
45058.490822
45059.269857
45060.078932
45060.821072
45061.921909
