58858.764210
58858.991228
58860.282265
58860.901704
58861.172717
58861.980525
58862.860967
58863.415540
58863.978273
58864.996075
58865.259321
58865.902152
58866.857320
58867.768806
58868.641612
58869.123557
58869.752304
58870.389837
58871.007256
58871.610401
58871.893061
58873.179375
58873.661973
58874.240297
58875.094844
58876.027707
58876.779648
58877.420164
58877.721701
58878.493584
58879.131073
58880.412349
58880.688271
58881.221083
58881.821325
58882.522652
58882.957306
58884.028680
58884.793013
58885.690514
58886.363428
58887.043901
58887.663447
58888.048380
58888.935113
58889.441251
58890.092071
58890.644819
58891.689873
58892.335101
58892.990233
58893.648087
58894.362834
58895.093700
58895.761461
58896.810003
58897.425619
58897.608199
58898.351460
58899.275071
58899.842803
58900.453883
58900.790106
58901.538305
58903.065942
58903.348615
58904.320145
58904.917624
58905.423269
58905.778135
58906.736018
58907.384205
58908.064584
58908.880894
58909.484068
58910.162522
58910.339302
58911.610522
58912.357653
58912.983083
58913.705093
58914.325104
58915.415886
58915.805912
58916.392423
58916.824906
58917.434782
58918.125541
58918.994132
58919.805352
58920.550874
58921.216379
58922.078431
58922.643665
58923.498473
58923.607670
58924.749098
58925.158273
58926.085397
58926.722938
