24315.528069
24316.195072
24316.637210
24317.861070
24318.498661
24319.453312
24319.889688
24320.977297
24321.702904
24322.590332
24323.132123
24324.041796
24324.888522
24325.453492
24326.137248
24326.948640
24327.584727
24328.215897
24328.659593
24330.636563
24331.008935
24331.721912
24332.217688
24333.060303
24333.912423
24334.336505
24335.432136
24336.008420
24336.539229
24337.874293
24338.186238
24338.913842
24340.107632
24340.666803
24341.651419
24342.508394
24342.951203
24343.867313
24344.137642
24344.871310
24345.801299
24346.645607
24347.478548
24348.428044
24349.186674
24350.074206
24350.678674
24351.247159
24351.672627
24353.021305
24353.806115
24354.262094
24354.946316
24355.509925
24356.362521
24357.596689
24358.222851
24359.295859
24359.974818
24360.276345
24361.234091
24361.999364
24362.495044
24363.126507
24364.127786
24364.881604
24365.892436
24366.957858
24367.098407
24367.921078
24368.784265
24370.101783
24370.314473
24370.798356
24371.957838
24372.391928
24373.309170
24373.697166
24374.665480
24375.829166
24376.850474
24377.426209
24378.016392
24378.549523
24379.412404
24380.043345
24380.698894
24381.918336
24382.508243
24382.962883
24383.751640
24385.215382
24385.394183
24386.468837
24387.002400
24387.938343
24388.923886
24389.272583
24389.936370
24390.553651
