12812.394719
12813.183911
12813.965108
12814.707723
12814.913421
12815.995413
12817.441290
12818.102325
12819.331515
12819.746680
12820.269784
12821.427985
12822.026578
12823.071538
12823.681856
12824.412695
12825.493267
12825.944002
12827.195782
12827.740009
12829.285697
12829.947853
12830.535798
12830.724772
12832.108771
12832.586931
12833.434098
12834.424622
12835.246199
12836.468697
12837.198750
12837.818013
12838.578207
12839.409520
12840.417490
12841.162280
12842.002408
12842.543847
12843.166484
12843.996657
12845.782811
12846.143681
12847.044091
12847.750849
12848.754381
12849.380200
12849.759912
12850.705571
12851.857649
12852.611431
12853.476514
12854.270651
12855.130072
12856.099341
12856.841442
12857.795894
12858.517298
12859.274480
12859.676224
12860.712430
12861.751997
12861.919312
12863.801539
12864.545208
12865.160476
12866.039019
12866.316323
12867.225239
12868.680127
12868.911503
12869.967167
12870.309497
12871.703467
12872.380696
12873.223597
12874.423461
12874.977517
12875.918171
12876.649320
12877.242289
12877.905696
12878.622168
12879.614933
12880.920233
12881.828634
12882.127332
12883.412280
12883.920480
12884.824828
12885.626689
12886.176463
12887.606958
12887.918963
12888.581407
12889.311300
12890.597932
12891.799207
12892.463361
12893.185124
12893.859495
