44424.782399
44425.355786
44425.748135
44427.458166
44428.158661
44428.501136
44429.166107
44429.812607
44430.443267
44431.218883
44431.669246
44432.666861
44433.325501
44433.846956
44434.858762
44435.405523
44436.472289
44436.940905
44437.561345
44438.376436
44439.201972
44440.025306
44440.415145
44441.173143
44441.742304
44441.906845
44443.174404
44444.052305
44444.908737
44445.504882
44446.340988
44447.095847
44447.550421
44448.264472
44448.630556
44449.699213
44450.254210
44451.232654
44451.776599
44452.244402
44453.013844
44453.931623
44454.804332
44455.295730
44456.664103
44457.011597
44457.177243
44457.985321
44459.097966
44459.405837
44459.980266
44460.812966
44461.418533
44462.758977
44463.384179
44464.138936
44464.477630
44465.160189
44465.825100
44466.926431
44467.576918
44467.904579
44468.727089
44469.472014
44470.087557
44470.524401
44471.684024
44472.392114
44473.472177
44473.787860
44474.773823
44475.262799
44475.933906
44476.490053
44476.944328
44477.712405
44478.998291
44479.283510
44480.114856
44480.839528
44481.570623
44482.520117
44483.200528
44483.541229
44484.361265
44485.287740
44485.935374
44486.567329
44487.046873
44487.549850
44488.613322
44488.860206
44490.520372
44491.007219
44491.805974
44492.202076
44492.862874
44493.788878
44493.953308
44495.045291
