64804.248520
64805.309856
64806.156103
64806.329131
64807.043193
64807.649630
64808.528933
64808.799127
64809.258239
64810.640498
64811.058611
64811.646828
64812.526778
64812.868529
64814.138312
64814.486370
64815.266783
64816.013216
64816.552659
64817.136567
64818.219154
64818.519882
64819.120045
64819.654621
64820.093629
64821.165125
64822.319189
64822.879762
64823.493620
64824.148811
64824.767936
64825.279408
64826.044762
64826.550458
64827.626737
64827.866678
64828.836369
64829.160693
64830.077869
64830.887920
64831.366134
64832.189137
64832.939723
64833.742077
64834.664400
64835.165569
64835.267207
64835.970214
64836.736729
64837.645497
64838.071207
64838.686070
64839.702077
64840.585857
64841.077924
64842.110708
64842.315611
64842.908852
64843.673172
64844.349785
64845.289518
64845.842770
64846.288020
64847.094120
64847.612666
64848.168184
64848.884733
64850.394454
64850.889506
64851.065692
64851.993006
64852.702705
64853.373759
64853.774919
64854.539487
64855.097943
64855.492342
64856.893519
64857.240847
64858.110673
64858.703120
64859.442078
64859.977380
64860.910208
64861.448169
64862.181940
64862.855070
64863.559214
64863.900694
64864.741728
64865.163550
64866.025150
64866.630119
64867.549262
64868.533224
64869.189528
64869.871755
64870.286291
64870.741359
64871.406408
