40792.535936
40793.179797
40793.886062
40794.523133
40795.313987
40796.010025
40796.688858
40797.618041
40797.833615
40798.691417
40799.271420
40799.800422
40801.741511
40801.969577
40802.338006
40803.216877
40803.855378
40804.673642
40805.175553
40805.738407
40806.671778
40807.225051
40808.120960
40808.920092
40809.576103
40810.383191
40810.874050
40811.993512
40812.409702
40813.347318
40814.155490
40814.575083
40815.039941
40815.701884
40816.568182
40817.281448
40818.067632
40818.988224
40819.939272
40820.519663
40821.171359
40821.945052
40822.177010
40822.788052
40824.119465
40824.678477
40825.289674
40825.827699
40826.498017
40827.352887
40828.344189
40828.932854
40829.780393
40830.725365
40831.033098
40831.759631
40832.459298
40833.255206
40833.659610
40834.197633
40835.089815
40836.201170
40836.984967
40837.857759
40838.140232
40838.755499
40839.754750
40840.372875
40841.260960
40841.769796
40842.193825
40843.348315
40843.901770
40844.390257
40844.903134
40846.335372
40846.733433
40848.144356
40848.315511
40849.005636
40849.576329
40850.328320
40850.893884
40851.515411
40852.517695
40853.257054
40853.890026
40854.418413
40855.641542
40856.365685
40856.853506
40857.336138
40858.229362
40859.293247
40859.788689
40860.376999
40860.914918
40861.611445
40862.034846
40863.157294
