15578.678308
15579.650779
15580.903664
15581.095791
15582.201724
15583.187758
15583.732888
15584.798385
15585.645826
15586.592378
15587.156697
15587.447149
15588.508038
15589.225559
15590.029267
15591.075241
15591.958044
15593.206280
15593.705533
15594.143890
15595.101622
15595.497966
15597.077359
15597.471770
15598.195760
15598.740065
15599.887816
15600.505201
15601.740751
15602.747624
15603.104995
15604.132511
15604.775511
15605.562370
15606.026167
15606.979179
15607.511319
15608.875753
15609.901713
15610.532582
15610.936873
15612.060385
15613.110909
15613.383666
15614.430132
15615.281413
15615.754188
15616.777241
15617.322720
15617.988480
15619.442157
15620.514360
15620.937867
15621.706875
15622.600672
15622.931566
15623.697316
15624.860384
15625.625119
15626.343873
15626.950228
15628.297913
15629.097060
15629.626438
15630.257526
15631.693384
15632.079913
15633.026364
15633.547350
15634.017729
15634.929655
15635.960781
15637.104225
15637.940738
15638.693955
15639.558343
15639.876698
15640.909539
15641.606744
15642.439370
15643.103886
15644.412769
15644.648436
15645.452213
15646.599775
15647.312486
15648.776294
15649.119978
15649.542699
15650.412406
15651.454010
15651.986351
15652.540173
15653.458971
15654.718319
15655.782966
15656.164139
15657.291425
15657.560327
15658.378356
