65687.375796
65688.014019
65688.952629
65689.349586
65689.933635
65690.841016
65691.316584
65692.711066
65693.175978
65693.876343
65694.291760
65694.830713
65695.537871
65696.445393
65697.377307
65697.656576
65698.166222
65698.837475
65699.766150
65700.297736
65700.722651
65702.048965
65702.645652
65703.200388
65704.236011
65704.586408
65705.124187
65705.868153
65706.335169
65706.932254
65707.664834
65708.617671
65709.259269
65710.038829
65710.592377
65711.129113
65712.430484
65712.670387
65713.228786
65713.999042
65714.756979
65715.522193
65715.964461
65716.728143
65717.170472
65717.771221
65718.286190
65719.704083
65720.491541
65720.945061
65721.576522
65722.476092
65722.583042
65723.441903
65724.071255
65724.766968
65725.605492
65726.152621
65726.670659
65727.454056
65728.406388
65729.119356
65729.492365
65730.163882
65731.206575
65732.068392
65732.394482
65733.094160
65733.467027
65734.218357
65734.769996
65735.541280
65736.466848
65736.743359
65738.166601
65738.531900
65739.446294
65739.919907
65740.273369
65741.183864
65741.820337
65742.344176
65743.198773
65744.071076
65744.659556
65744.802320
65745.593090
65746.560397
65747.267433
65748.293229
65749.032460
65749.352561
65749.757232
65750.891069
65751.441821
65751.835503
65752.599167
65752.840233
65753.919752
65754.970169
