23782.323382
23783.269187
23783.550697
23784.641397
23785.207323
23786.145324
23787.667370
23787.927146
23788.781521
23789.335920
23789.746006
23790.678351
23791.582252
23792.488462
23792.815357
23793.756453
23794.553984
23795.641059
23796.282209
23796.770034
23797.793635
23798.920400
23799.203448
23799.850072
23800.880222
23801.306941
23801.707829
23802.750210
23804.037916
23804.910071
23805.305862
23806.239414
23806.995507
23807.517672
23808.413377
23808.959016
23809.692856
23810.868847
23811.447186
23811.949964
23812.530275
23813.798145
23814.711072
23815.453969
23816.213321
23816.972804
23817.325689
23818.191442
23819.026124
23819.438174
23820.334176
23821.350938
23822.025969
23823.411597
23823.660688
23824.410542
23824.981386
23825.757994
23827.095870
23827.494405
23828.080801
23828.705805
23829.365338
23830.584176
23830.893999
23832.278665
23832.958727
23833.798055
23834.562392
23835.031105
23835.641789
23836.469033
23836.969753
23838.193818
23838.776178
23839.539186
23840.610060
23841.048223
23841.857864
23843.088036
23843.547697
23844.024714
23845.118196
23845.814863
23846.321777
23847.205121
23847.622751
23848.271203
23849.956685
23850.716158
23851.304173
23851.655639
23852.693402
23853.369237
23853.927865
23854.763305
23855.754274
23856.316276
23856.897803
23857.823181
