23706.480314
23707.103068
23707.809827
23708.537909
23709.095513
23709.861826
23710.682903
23711.095239
23712.000303
23713.133982
23714.288881
23714.641864
23715.449828
23715.677291
23717.165208
23717.527850
23718.617719
23718.946835
23719.697663
23720.647953
23721.218022
23721.832896
23723.091679
23723.867101
23724.937789
23725.332216
23726.264933
23726.416123
23727.597300
23727.899579
23728.772140
23730.136996
23730.506201
23730.986730
23732.290139
23733.095007
23733.736515
23734.255761
23735.295103
23735.922426
23737.030936
23737.256454
23738.021670
23738.669737
23739.163102
23740.888689
23741.333421
23742.289348
23743.062064
23743.540705
23744.111940
23745.243094
23745.506717
23746.741517
23747.084015
23748.037689
23748.875216
23749.583465
23750.633284
23750.809754
23752.343284
23752.978484
23753.612736
23754.253185
23754.629389
23755.670564
23756.321907
23757.133591
23757.663357
23759.106579
23759.925416
23760.359396
23761.242592
23761.798544
23762.468731
23763.276778
23764.349837
23764.937448
23765.530619
23766.186105
23766.868409
23767.829056
23769.101839
23769.715689
23770.364488
23770.910644
23772.192349
23772.561543
23772.938501
23773.587083
23774.764021
23775.453633
23776.516915
23777.232415
23777.793903
23778.802256
23779.411613
23780.155419
23781.056167
23781.799591
