43857.591921
43857.961715
43859.005206
43859.389561
43859.900368
43860.670863
43862.043822
43862.189877
43862.805997
43863.614463
43864.227452
43865.279248
43866.150473
43866.765958
43867.500868
43867.850251
43868.882483
43869.510387
43869.998377
43870.463983
43871.264476
43872.068326
43873.080914
43874.046038
43874.428388
43875.417407
43875.703161
43876.401096
43877.104736
43878.324748
43878.627482
43879.164053
43880.117788
43880.400287
43881.405772
43882.100374
43882.909209
43883.632042
43884.755829
43885.254871
43886.069592
43886.478786
43886.694482
43887.762282
43888.480475
43889.188651
43889.874090
43890.715617
43891.570737
43892.021126
43893.209489
43893.700266
43893.962521
43895.179362
43895.817457
43896.313905
43897.170309
43897.826027
43898.437141
43898.804328
43899.427699
43900.971340
43901.860639
43902.238975
43902.666970
43903.633560
43904.297874
43904.851687
43905.421325
43906.364319
43906.713961
43907.832991
43908.520885
43908.962959
43909.907945
43910.677089
43911.223171
43912.278088
43912.817112
43913.831688
43914.042259
43914.760317
43915.404827
43915.923893
43916.848094
43917.639154
43918.194884
43919.318755
43920.260466
43920.683234
43921.302975
43921.871927
43922.452553
43923.226917
43924.356637
43924.883920
43925.380653
43925.856635
43926.700254
43927.662485
