10218.810787
10220.126413
10220.968771
10221.751367
10222.566400
10223.109025
10223.878289
10224.989876
10226.355841
10227.055703
10227.802923
10228.701932
10229.161843
10230.459267
10230.657746
10231.386264
10233.081422
10233.537139
10234.431478
10235.437022
10236.097477
10237.241537
10238.029679
10238.668125
10239.540477
10240.327803
10241.214177
10241.491853
10242.832315
10244.173044
10244.913389
10245.834779
10246.433178
10246.933326
10247.774414
10249.065589
10249.690278
10250.657790
10250.894677
10252.528796
10253.187400
10254.042911
10254.889848
10256.076013
10256.699140
10257.386834
10257.894697
10258.747946
10259.733331
10260.663866
10262.155024
10262.585251
10263.306373
10264.317792
10265.158902
10265.592590
10266.938070
10267.361477
10268.433394
10269.341674
10269.594394
10270.853644
10272.532333
10272.896213
10273.461689
10274.395913
10275.261044
10275.882300
10276.603445
10277.680530
10278.413856
10279.792710
10280.460627
10281.194328
10282.165346
10282.614128
10284.016128
10284.776082
10285.248081
10286.139135
10286.565219
10287.838706
10289.030966
10289.704013
10290.955210
10291.550668
10292.192533
10293.102300
10293.340379
10294.800868
10295.555328
10296.492723
10297.022712
10298.265570
10299.155298
10299.786935
10301.107893
10301.659639
10302.207479
10303.217111
