10389.189774
10389.839078
10390.714653
10391.245452
10392.674281
10393.182359
10393.937182
10394.904074
10395.308109
10395.994834
10397.697015
10398.547512
10399.388272
10399.822838
10401.255666
10401.453058
10402.199898
10403.017885
10404.392729
10404.879762
10405.851033
10406.612203
10407.620876
10408.636901
10409.462682
10410.213227
10411.159007
10411.608252
10412.511073
10413.181460
10414.183391
10414.961433
10416.613280
10417.322757
10417.606737
10418.659657
10419.127940
10420.318811
10421.433766
10421.862977
10422.409433
10423.528738
10424.717761
10425.127182
10426.554212
10427.327796
10428.057894
10428.884783
10429.519615
10430.147832
10430.957643
10431.977494
10433.220662
10433.905795
10434.854208
10435.551898
10436.516468
10437.371529
10437.893928
10438.964263
10439.914653
10440.516216
10441.153435
10441.794816
10443.514483
10444.509920
10444.878475
10445.958033
10446.490523
10447.146060
10448.370034
10448.684108
10449.954535
10450.676516
10451.594522
10452.844652
10453.502854
10453.763114
10455.390737
10456.151482
10456.840850
10457.231215
10458.092797
10459.141784
10459.758372
10461.311793
10461.818817
10463.215686
10463.586843
10464.159757
10465.013991
10465.961199
10466.903863
10467.646864
10468.710219
10469.004614
10470.229130
10471.256131
10472.413597
10472.897709
