53471.480468
53472.247417
53473.136080
53474.001423
53474.658411
53475.451430
53476.133421
53476.614804
53477.268774
53478.167283
53478.589263
53479.120391
53479.449853
53481.021637
53481.510414
53482.312646
53483.095551
53483.382623
53484.546486
53484.809268
53485.706003
53486.439282
53486.954797
53487.643937
53488.545700
53488.987799
53489.549466
53490.093777
53491.281073
53492.053984
53492.776268
53493.782352
53494.186159
53494.415856
53495.333606
53495.801921
53496.641591
53497.374817
53498.229624
53498.653860
53499.229592
53500.602395
53500.964102
53501.744324
53502.223314
53502.884138
53503.885973
53504.835667
53505.137554
53505.408022
53506.424809
53506.900906
53507.509531
53508.422757
53509.339345
53510.414747
53510.829434
53511.237468
53512.187245
53512.806520
53513.306964
53513.975015
53514.587586
53515.606924
53516.077947
53516.861754
53517.602105
53518.118322
53518.696781
53519.976949
53520.687716
53521.252036
53521.635310
53522.505640
53523.299033
53523.564278
53524.434990
53524.951623
53525.606333
53526.467451
53527.614295
53528.237952
53528.876758
53529.375951
53530.115572
53530.744920
53531.208822
53532.411159
53532.984224
53533.498881
53534.080376
53534.536086
53535.485056
53536.515138
53536.866018
53537.946943
53538.548910
53539.367536
53540.030914
53540.582735
