26133.020657
26133.700422
26134.607185
26135.212744
26136.266089
26136.362630
26137.753352
26138.472203
26139.031552
26139.520455
26140.043079
26141.174907
26141.556745
26143.097337
26143.646805
26144.252030
26145.427292
26145.971803
26146.338749
26147.011545
26147.824162
26148.873722
26149.682988
26150.013278
26150.873962
26151.787088
26152.413551
26153.529228
26154.281426
26154.944713
26155.805991
26156.182115
26156.963558
26157.763058
26158.502700
26158.845759
26159.820572
26161.186804
26161.971057
26162.493197
26163.097418
26163.571388
26164.767272
26165.536602
26165.932045
26166.937810
26167.547600
26168.075688
26169.050778
26169.693917
26170.672173
26171.658741
26172.423763
26173.180081
26173.591763
26174.511686
26174.997933
26175.532369
26176.364838
26177.798582
26178.026372
26178.675298
26179.962503
26180.588900
26181.286854
26181.912754
26182.660254
26183.576533
26184.249269
26185.175907
26185.617590
26185.870078
26186.911043
26187.975276
26189.048608
26189.795647
26190.512875
26190.907192
26191.813453
26192.293312
26193.291221
26193.798573
26194.818037
26195.169021
26196.388929
26196.999308
26197.929004
26198.360787
26199.270690
26200.495330
26201.045177
26201.477812
26202.215051
26202.772406
26203.791672
26204.306395
26204.960239
26206.117249
26207.310839
26207.722458
