14.134725
21.022039
25.010857
30.424876
32.935061
37.586178
40.918719
43.327073
48.005150
49.773832
52.970321
56.446247
59.347044
60.831778
65.112544
67.079810
69.546401
72.067157
75.704690
77.144840
79.337375
82.910380
84.735492
87.425274
88.809111
92.491899
94.651344
95.870634
98.831194
101.317851
103.725538
105.446623
107.168611
111.029535
111.874659
114.320220
116.226680
118.790782
121.370125
122.946829
124.256818
127.516683
129.578704
131.087688
133.497737
134.756509
138.116042
139.736208
141.123707
143.111845
146.000982
147.422765
150.053520
150.925257
153.024693
156.112909
157.597591
158.849988
161.188964
163.030709
165.537069
167.184439
169.094515
169.911976
173.411536
174.754191
176.441434
178.377407
179.916484
182.207078
184.874467
185.598783
187.228922
189.416158
192.026656
193.079726
195.265396
196.876481
198.015309
201.264751
202.493594
204.189671
205.394697
207.906258
209.576509
211.690862
213.347919
214.547044
216.169538
219.067596
220.714918
221.430705
224.007000
224.983324
227.421444
229.337413
231.250188
231.987235
233.693404
236.524229
