53194.041555
53194.749567
53195.517195
53196.031140
53196.941540
53197.371923
53197.839773
53198.466869
53199.061498
53200.234815
53201.301622
53201.556627
53202.338530
53203.115860
53203.857448
53204.430863
53204.775085
53205.723140
53206.370487
53207.219664
53207.852258
53208.449175
53208.832766
53209.923537
53210.402802
53211.666553
53212.302774
53212.694610
53213.825869
53214.000444
53214.568694
53215.173703
53216.377826
53216.562344
53217.299156
53218.054518
53219.199475
53219.896863
53220.457462
53221.170619
53221.507707
53222.271870
53223.429439
53223.933080
53224.609799
53224.980175
53225.602575
53226.515360
53227.129887
53227.637142
53228.944218
53229.742213
53230.108189
53230.910708
53231.583467
53232.330209
53232.568871
53233.250568
53234.134484
53234.720337
53235.934723
53236.174825
53236.840336
53237.734066
53238.376752
53239.391552
53239.828812
53240.645613
53241.085722
53241.975685
53242.604000
53243.356046
53243.675588
53244.226466
53245.021519
53246.109779
53247.041480
53247.704907
53248.383093
53248.829103
53249.347649
53250.257518
53250.738536
53251.586230
53252.427547
53252.868486
53253.488271
53254.143274
53255.114802
53255.894105
53256.521355
53256.879863
53258.525419
53258.710567
53259.183999
53259.971617
53260.426324
53261.143435
53261.728552
53262.528870
