32824.107984
32825.111015
32825.575765
32826.493984
32826.689497
32827.339575
32828.468984
32829.315613
32829.852976
32830.563678
32831.019626
32831.658670
32833.067818
32833.683454
32834.258799
32835.399532
32835.845156
32836.608766
32836.984692
32837.974530
32838.527625
32838.915034
32840.051944
32840.939004
32841.788105
32842.561636
32843.124390
32843.686161
32844.544270
32845.512876
32846.142392
32846.795553
32847.097387
32848.469580
32848.631424
32849.582392
32849.914803
32851.324526
32852.307378
32853.050194
32853.271549
32854.145803
32854.883957
32855.143997
32856.342172
32856.771215
32857.839718
32858.444072
32858.937714
32860.147642
32860.758137
32861.518384
32862.281467
32862.824594
32863.697016
32864.773327
32865.192209
32865.480823
32866.145328
32867.017433
32867.847498
32868.987769
32869.937221
32870.133376
32871.137074
32871.862060
32872.419903
32873.022784
32873.662087
32874.755702
32875.377647
32875.924382
32876.694930
32877.535795
32878.306145
32878.805611
32880.325046
32880.827468
32881.102395
32882.225493
32882.486599
32883.166002
32884.231472
32884.695984
32885.266256
32886.269445
32887.520479
32888.075451
32888.757138
32889.176232
32889.892063
32890.839007
32891.660293
32892.232244
32892.992438
32893.668154
32894.086794
32894.948609
32895.742223
32897.024181
