48796.914331
48797.268355
48797.708296
48798.694158
48799.056283
48799.864542
48800.506347
48801.034942
48801.729921
48802.509576
48803.529344
48803.819097
48805.007626
48805.497484
48806.311012
48806.635565
48807.716054
48808.392877
48809.232442
48809.892421
48810.071122
48810.577444
48811.922662
48812.156854
48812.889957
48814.093027
48814.735360
48815.636642
48816.131019
48816.899658
48817.262922
48817.684579
48818.704701
48819.702944
48820.115473
48820.712246
48821.553553
48822.084227
48823.078811
48823.587850
48824.696809
48825.469493
48825.599951
48826.725045
48827.188534
48827.983630
48828.423463
48829.107413
48829.729663
48830.241883
48831.839674
48832.374036
48832.903107
48833.550797
48834.135626
48835.065810
48835.663038
48836.175549
48837.152448
48837.568866
48838.476918
48838.948247
48839.727755
48840.192140
48841.338672
48841.950390
48842.958290
48843.685355
48844.136792
48844.733649
48845.377750
48846.007353
48846.410417
48847.604361
48848.155524
48849.032516
48849.291013
48850.651849
48851.310159
48851.986847
48852.164842
48853.005968
48854.166084
48854.625321
48855.277955
48856.038904
48856.370605
48857.118736
48857.596403
48858.948731
48859.480362
48860.548954
48861.140085
48861.695959
48862.077162
48863.072038
48863.701896
48864.129201
48864.891223
48865.645590
