14934.165757
14935.008928
14935.468781
14936.380210
14937.061854
14938.059513
14939.220337
14939.881442
14941.131879
14941.592964
14942.311891
14942.588267
14943.776446
14944.653430
14945.607174
14946.062698
14946.913439
14947.803644
14948.821415
14949.589353
14950.699151
14951.183309
14951.936191
14952.862539
14953.390221
14954.271145
14954.694730
14955.627408
14957.270902
14957.900493
14958.459147
14959.053888
14960.169926
14960.777233
14961.757316
14962.238134
14963.379645
14963.875696
14964.566678
14965.728057
14966.182797
14967.705451
14968.461819
14968.894912
14970.024513
14970.484388
14970.933454
14971.792785
14973.048123
14973.685318
14974.364945
14975.494661
14976.629920
14976.933033
14977.723777
14978.555042
14979.514709
14980.576828
14980.929881
14981.509247
14982.259327
14983.208939
14984.329032
14985.506063
14986.199892
14986.596303
14987.717497
14988.099307
14988.997628
14989.939986
14990.314976
14991.621050
14992.281605
14993.232310
14993.876454
14994.694517
14995.810348
14996.827701
14997.178996
14997.853608
14998.622480
14999.780394
15000.008782
15000.728224
15002.199760
15003.167050
15003.847806
15004.757874
15005.160027
15005.905024
15006.704020
15007.901551
15008.458378
15009.183293
15010.074695
15010.362777
15012.051247
15012.713985
15013.306041
15014.368181
