23553.694530
23554.436534
23554.946132
23555.419710
23556.445344
23557.130558
23557.982831
23558.987665
23559.757905
23560.381378
23561.401122
23561.968789
23562.624391
23563.430961
23564.199823
23565.095773
23565.904474
23566.258142
23566.668920
23567.762411
23569.126904
23569.873060
23570.555648
23571.082320
23571.851229
23572.746699
23573.202770
23573.823309
23574.828389
23575.552592
23576.520584
23576.940850
23578.316631
23578.836711
23579.089467
23580.474721
23581.495924
23581.690988
23582.511688
23583.055907
23583.891249
23584.550338
23585.412875
23586.292158
23587.220826
23588.508494
23588.844555
23589.209997
23590.078132
23590.755151
23591.677120
23592.468506
23593.316796
23593.749949
23594.575239
23595.302141
23596.406510
23597.168570
23598.093906
23598.648649
23599.380273
23600.156560
23600.835218
23601.630214
23601.844870
23602.705129
23604.108863
23604.968302
23605.502961
23606.254541
23606.904722
23607.985808
23608.364115
23609.153861
23610.244729
23610.651471
23611.293961
23612.359610
23612.703049
23613.563891
23615.063157
23615.385744
23616.486777
23617.174551
23617.475650
23618.392958
23618.653459
23619.999343
23620.685701
23621.280088
23621.985402
23623.317027
23623.903888
23624.494861
23625.387754
23625.813571
23627.121700
23627.845200
23628.218680
23628.816266
