44566.929210
44567.138264
44567.641674
44568.567848
44569.376391
44570.130037
44570.474670
44572.051778
44572.443621
44573.077228
44573.805416
44574.272160
44574.861270
44576.071116
44576.805271
44577.164981
44577.718135
44578.369566
44579.154819
44580.010975
44580.712604
44581.788446
44582.437105
44583.140653
44583.639548
44584.345435
44585.092909
44585.585506
44586.007838
44587.152347
44587.721004
44588.710029
44589.350327
44589.931140
44590.678792
44591.555451
44592.184075
44593.062441
44593.635380
44594.031025
44595.002790
44595.774412
44596.160173
44596.850562
44597.191795
44598.677526
44599.592609
44600.086466
44600.834303
44601.493836
44601.864904
44602.535511
44603.620772
44603.890963
44604.977329
44605.507523
44606.160951
44606.701435
44607.840993
44608.593975
44609.182065
44609.641015
44610.877733
44611.579309
44612.126696
44612.444477
44613.100632
44613.978761
44614.373058
44615.452395
44616.262165
44617.041271
44617.723851
44618.671231
44619.272194
44619.465551
44620.384224
44621.334655
44621.644989
44622.833207
44623.083943
44624.039123
44624.395853
44625.294816
44625.805639
44627.436684
44627.721629
44628.398752
44629.074236
44629.541236
44630.377149
44631.080348
44631.660475
44632.176676
44632.970429
44633.952660
44634.803042
44635.627656
44636.040360
44636.603466
