21325.683596
21326.461178
21327.802513
21328.346131
21329.060502
21330.233847
21330.494362
21331.654577
21332.318287
21333.180994
21333.755990
21334.723159
21335.223524
21335.914144
21336.573745
21337.496418
21338.193913
21339.674206
21340.343848
21340.895878
21341.603632
21342.074308
21342.793881
21344.018524
21344.598374
21345.187576
21346.049293
21346.698474
21347.975576
21348.500867
21349.115096
21350.223203
21351.176124
21351.617720
21352.311832
21353.089935
21353.502187
21354.522856
21354.948118
21356.540171
21357.218277
21357.712808
21358.708223
21359.456823
21360.017644
21360.683914
21361.768057
21362.088760
21363.347332
21363.998530
21364.380444
21364.968753
21366.472790
21367.306160
21368.145818
21368.556520
21369.498720
21370.090274
21370.642119
21371.629852
21372.094715
21373.039164
21373.950249
21374.907386
21375.708090
21376.521513
21377.041659
21377.515507
21378.946894
21379.524281
21380.315711
21380.652863
21381.304144
21382.416850
21382.974836
21384.089656
21384.946676
21385.978437
21386.588463
21387.079587
21387.845920
21388.543596
21389.009971
21390.412024
21390.804359
21391.682737
21392.404707
21393.502307
21393.852749
21395.085186
21395.871297
21396.410324
21397.079042
21398.030108
21398.795160
21399.210626
21399.873161
21400.552917
21402.014745
21403.046572
