56448.669546
56449.567221
56449.838815
56450.456932
56451.055436
56452.036282
56452.564736
56453.080395
56453.350514
56454.693565
56455.740625
56456.352410
56456.776722
56457.562856
56458.260432
56458.481905
56459.486045
56460.423240
56460.774753
56461.537137
56462.247331
56462.716913
56463.366401
56464.381358
56465.170699
56465.884106
56466.372726
56467.447764
56468.073207
56468.539772
56468.968452
56469.627709
56470.210275
56471.102477
56471.997642
56472.696487
56473.111973
56474.384116
56474.663103
56475.604313
56475.960649
56476.806337
56477.373597
56478.296446
56478.943355
56479.414464
56480.030812
56480.753435
56481.401407
56481.871383
56483.301276
56484.067445
56484.819946
56484.900557
56485.622061
56486.416143
56487.099761
56487.786208
56488.230406
56489.089974
56489.828846
56490.354325
56491.592930
56492.019238
56492.528569
56493.139031
56494.435031
56494.808198
56495.345387
56496.458656
56496.622393
56497.239786
56497.950760
56498.604525
56499.260041
56500.327325
56501.043937
56501.896002
56502.400159
56503.299384
56503.598099
56504.412832
56504.835732
56505.420058
56506.716521
56507.285950
56507.654942
56508.224127
56508.933598
56509.947556
56510.810989
56511.335781
56512.115356
56512.852152
56513.374459
56514.157058
56514.732325
56515.086054
56516.052666
56516.403355
