28009.918367
28010.737429
28011.852293
28012.513968
28012.983079
28013.827291
28014.829108
28015.290357
28015.789470
28016.626198
28017.318073
28017.731485
28019.548013
28019.798170
28020.856033
28021.350923
28021.987695
28022.701054
28023.333752
28024.430997
28025.065838
28025.731842
28025.999930
28027.434826
28027.835096
28028.642231
28029.535745
28030.493134
28031.369655
28031.899715
28032.616499
28032.863982
28033.726295
28034.669941
28035.249951
28036.092711
28037.048546
28037.853607
28038.792839
28039.166175
28039.990392
28040.723351
28041.425001
28042.190769
28043.111638
28043.754534
28044.217899
28044.879114
28045.478026
28046.978417
28047.786134
28048.466795
28048.941233
28049.655253
28050.568733
28051.165701
28051.828854
28052.119764
28053.571185
28054.054941
28054.964974
28055.598935
28056.724601
28057.036296
28057.783555
28059.140978
28059.470812
28060.053645
28060.981040
28061.417514
28062.100302
28062.899243
28063.835432
28064.526933
28065.708975
28066.593097
28067.106858
28067.437988
28068.326794
28068.745215
28070.124350
28070.510913
28071.365501
28071.944858
28072.574303
28073.627844
28074.542099
28075.048162
28076.083321
28076.827255
28077.426423
28078.056353
28078.921064
28079.458639
28079.886670
28080.761469
28081.724310
28083.165233
28083.485807
28083.838799
