55619.366278
55620.241368
55620.885027
55622.051568
55622.286511
55623.010106
55623.472094
55624.571333
55625.266826
55625.692158
55626.507838
55627.069821
55627.623464
55628.398573
55629.121540
55629.668972
55630.323615
55631.827376
55632.404416
55632.753016
55633.307618
55634.098605
55634.545604
55635.360385
55635.920168
55636.925371
55637.308345
55638.274446
55638.612046
55639.680466
55640.525638
55640.886313
55641.679677
55642.595088
55642.971748
55643.840882
55644.718278
55645.034283
55645.514947
55646.082371
55646.848481
55647.859503
55649.104663
55649.314786
55649.831295
55651.096025
55651.292659
55651.970495
55652.673134
55653.167059
55654.235339
55654.603720
55655.602334
55656.099911
55656.567193
55657.456252
55658.322044
55658.986809
55659.860261
55660.688301
55661.132364
55661.764998
55662.099036
55662.909009
55663.800317
55664.371973
55664.736069
55665.735371
55666.752652
55667.608114
55667.973022
55668.847496
55669.186549
55669.640816
55670.967405
55671.616467
55671.958794
55672.659364
55673.310965
55673.976614
55674.640659
55675.257163
55676.536541
55677.125818
55677.700255
55678.486156
55679.302660
55679.434797
55680.512966
55680.920399
55681.170362
55682.434105
55683.174026
55683.856039
55684.535251
55685.124070
55685.941217
55686.735401
55687.527337
55687.897863
