5634.370016
5635.016250
5635.929470
5636.236694
5637.490237
5638.788714
5640.134252
5640.385710
5641.872250
5642.463399
5643.093319
5643.663127
5645.328117
5645.769016
5647.161576
5647.857206
5648.974462
5649.800756
5650.839075
5651.883418
5652.345479
5653.407356
5654.192151
5655.000372
5655.819252
5657.866738
5658.411247
5658.921215
5659.894412
5660.630422
5661.929696
5662.457451
5663.557248
5664.336708
5665.460459
5666.472615
5667.316170
5668.525315
5669.472767
5669.978563
5671.149659
5671.479959
5672.290954
5673.937158
5674.814995
5675.707528
5676.972536
5677.385026
5678.347908
5679.113903
5680.339045
5681.241565
5682.099169
5682.288150
5683.970509
5685.123793
5686.093541
5687.024519
5687.481856
5688.363844
5689.508631
5689.952695
5691.140945
5692.205217
5693.589608
5694.311966
5694.609217
5696.031917
5697.172049
5697.902079
5698.374747
5699.372993
5700.481014
5700.983872
5702.732811
5703.616227
5704.505840
5705.177927
5706.077414
5706.596075
5707.768652
5709.039424
5709.520369
5710.601740
5711.559224
5712.815871
5713.793844
5714.099754
5715.633644
5716.333560
5716.750279
5717.771496
5718.472339
5720.363389
5721.050534
5721.964323
5722.591357
5723.779045
5724.163357
5725.671140
