17335.282118
17336.470080
17337.050033
17337.486719
17338.463890
17339.199960
17339.666778
17341.007480
17342.230154
17342.760653
17343.513651
17344.077053
17344.768023
17345.404500
17346.824528
17347.207141
17347.921236
17348.473150
17349.951232
17350.347718
17351.270447
17352.171811
17353.028017
17354.062135
17354.420578
17354.957259
17355.986398
17356.349565
17357.344873
17358.428089
17359.435982
17360.142357
17360.932303
17361.495316
17362.533897
17363.084170
17363.801721
17364.714374
17365.620333
17366.517185
17366.577790
17367.496501
17368.884487
17369.848291
17370.710491
17371.025258
17371.869294
17372.614166
17373.512859
17373.912444
17374.723606
17375.901922
17376.552448
17377.500796
17378.633116
17379.096996
17379.401430
17380.751003
17381.700615
17382.238500
17382.838405
17383.670804
17384.059081
17385.228328
17386.124195
17387.055976
17388.001761
17389.001039
17389.283655
17390.144204
17390.530040
17391.528747
17392.582180
17393.099574
17394.225485
17394.528575
17395.703074
17396.531262
17397.310131
17398.328153
17399.050237
17399.383198
17400.686234
17401.021505
17401.723141
17402.685860
17402.916449
17405.014733
17405.422733
17405.970683
17406.714542
17407.632394
17408.322549
17408.989138
17410.102204
17410.525091
17411.389486
17412.208704
17412.910182
17413.839827
