68667.774232
68668.253113
68668.802404
68669.358450
68670.100315
68671.080366
68671.725560
68672.056854
68672.788512
68673.637386
68674.036467
68674.862340
68675.924030
68676.703001
68677.061687
68677.603409
68678.733572
68678.844424
68679.621913
68680.402965
68680.795224
68681.250509
68682.273042
68683.336312
68684.136469
68684.501209
68684.921327
68685.967535
68686.396189
68687.356702
68687.618478
68688.612152
68689.188405
68689.827003
68690.203001
68691.161137
68691.665342
68692.265930
68693.413634
68694.199582
68694.639056
68695.724329
68695.945098
68696.564036
68697.017889
68697.740407
68698.425330
68699.383566
68699.973578
68700.634468
68700.917350
68702.377849
68702.946143
68703.220564
68704.025821
68704.650883
68705.547389
68706.230125
68706.942121
68707.128498
68708.117356
68708.419195
68709.006878
68709.977748
68710.953795
68711.745722
68712.411632
68712.967442
68713.459607
68714.078576
68714.837810
68715.712283
68715.900364
68716.593301
68717.562994
68718.432580
68718.639949
68719.487001
68720.244102
68720.818416
68721.703126
68722.769221
68723.129343
68723.493968
68724.343251
68724.781899
68725.740250
68726.253900
68726.423917
68727.589612
68728.286319
68729.271625
68729.894293
68730.580206
68731.241816
68731.642227
68732.314292
68732.830380
68733.959688
68734.651512
