41150.329467
41150.645145
41151.280985
41152.323138
41152.842271
41153.408960
41154.465034
41154.976815
41156.259468
41156.797016
41157.619391
41157.798231
41158.401011
41159.256706
41160.119030
41160.551491
41161.413854
41162.080425
41163.181985
41163.909688
41164.531938
41165.098650
41165.885454
41166.382990
41167.420138
41168.024372
41168.837932
41169.327483
41169.812442
41170.690880
41171.012878
41172.636591
41173.101947
41174.104506
41174.372266
41175.103900
41176.086248
41176.694078
41176.999853
41177.430204
41178.820442
41179.467522
41179.947297
41180.923934
41181.524592
41182.309068
41182.992432
41183.995906
41184.431994
41185.281285
41185.993264
41186.348885
41187.353644
41187.590656
41188.492508
41189.329601
41189.890611
41191.331310
41191.923067
41192.505251
41192.937795
41193.479774
41194.422223
41194.966497
41196.134243
41196.541702
41197.081087
41197.669958
41198.805877
41199.361961
41200.241984
41200.843622
41201.819089
41202.555424
41203.163632
41203.658219
41204.424262
41205.046061
41205.487023
41206.244385
41207.263122
41208.287723
41208.881788
41209.396967
41210.315874
41210.966427
41211.644287
41212.192247
41213.126374
41213.524103
41214.585570
41215.192524
41215.761438
41216.175875
41216.951580
41218.352471
41219.217527
41219.378235
41220.452176
41220.988315
