48164.528186
48165.260756
48165.648290
48166.504179
48167.454937
48168.030893
48168.715481
48169.418299
48170.468422
48170.624199
48171.837427
48172.330473
48173.292473
48173.781202
48174.294745
48175.239913
48175.944153
48176.223278
48177.051600
48177.557225
48178.293719
48179.913738
48180.505549
48180.728850
48181.232148
48182.331942
48182.906003
48183.315126
48184.262303
48184.933156
48185.632039
48186.211930
48186.976911
48187.595868
48188.601124
48189.054741
48190.004773
48190.848026
48191.454984
48192.112711
48192.860423
48193.255299
48193.644523
48194.496617
48195.533467
48196.099121
48196.828691
48197.699812
48198.609300
48199.125900
48199.987012
48200.165417
48200.846629
48202.094323
48202.486477
48203.318198
48203.784581
48204.609525
48204.788783
48205.876030
48206.835729
48207.684276
48208.454588
48209.083788
48209.484041
48210.203185
48210.868392
48211.739117
48212.119228
48212.715483
48213.558889
48214.822840
48214.997990
48216.086096
48216.533169
48217.182798
48217.969641
48219.009621
48219.544398
48219.985353
48220.732864
48221.267802
48222.365372
48222.622841
48222.971007
48224.465932
48225.132683
48225.937036
48226.726640
48227.201968
48227.874569
48228.306060
48228.975936
48229.810176
48230.652427
48231.469297
48231.992931
48232.237994
48233.380353
48234.309810
