72507.214618
72507.847045
72509.382454
72509.984099
72510.265489
72510.868802
72511.462583
72512.379459
72512.901050
72513.512150
72514.164649
72515.061629
72515.466231
72516.022341
72516.986030
72517.606230
72517.978054
72519.120469
72519.885915
72520.454530
72521.169785
72521.791534
72522.388274
72522.923425
72523.241722
72524.121716
72524.856248
72525.840232
72526.183982
72526.939119
72528.122162
72528.378018
72529.232060
72529.669214
72530.340945
72530.788659
72532.104700
72532.387514
72533.178717
72533.517343
72534.043123
72534.922544
72535.463083
72536.725584
72537.234206
72538.102319
72538.501532
72539.395512
72539.634805
72540.254539
72541.326196
72541.661990
72541.996776
72543.193464
72543.688393
72544.568964
72545.305264
72545.818148
72546.581765
72546.934774
72548.131601
72548.767175
72549.314205
72549.847226
72550.246103
72551.171952
72552.016734
72552.238611
72552.667928
72553.944984
72554.805950
72555.427074
72556.273268
72556.663995
72557.216175
72557.932227
72558.260137
72559.296184
72559.881696
72560.592502
72561.450436
72561.834112
72562.120767
72563.305955
72564.292221
72564.622775
72565.440000
72565.959429
72566.896159
72567.486854
72568.081804
72568.566849
72569.060962
72569.646846
72570.415190
72571.422902
72572.090695
72572.980302
72573.433127
72574.103732
