68261.847599
68262.741224
68263.072702
68263.652249
68264.712110
68265.302680
68266.092705
68267.092083
68267.501470
68267.910852
68268.718772
68269.768937
68270.169768
68270.860241
68271.339133
68272.163644
68272.832402
68273.487013
68273.822453
68274.628547
68275.250641
68276.527515
68277.411565
68277.775039
68278.087470
68279.103127
68279.473112
68280.108363
68280.768532
68281.619338
68282.205487
68283.008181
68283.531481
68284.042083
68285.247740
68285.831136
68286.371312
68286.945825
68287.746066
68288.701012
68289.226430
68289.743124
68290.262091
68290.892664
68291.265303
68292.341289
68292.995670
68294.144547
68294.504098
68295.221496
68296.079694
68296.713066
68297.065786
68297.529925
68298.569700
68299.274096
68299.727397
68300.441150
68301.376035
68301.808792
68302.118664
68303.388931
68303.838435
68305.032366
68305.525130
68306.084437
68306.646953
68307.170440
68307.858254
68308.679692
68309.230793
68309.746246
68310.246498
68311.652918
68312.217954
68312.940094
68313.455626
68313.999062
68314.840553
68315.180571
68316.457946
68316.738417
68317.425783
68318.073427
68318.722882
68319.113059
68319.983425
68320.662290
68321.923527
68322.147995
68323.104792
68323.683174
68324.380281
68324.958522
68325.676917
68325.752864
68326.511302
68327.760937
68328.288747
68328.932923
