15257.189888
15257.954210
15258.806858
15259.314647
15260.576062
15261.016266
15261.894967
15262.534456
15262.806811
15264.128282
15265.197387
15266.320407
15266.948544
15267.626713
15268.019991
15269.278775
15269.766683
15270.688924
15271.537869
15272.120601
15272.991206
15274.072770
15274.646798
15275.400632
15276.968756
15277.455117
15277.901569
15278.800184
15279.292581
15280.412109
15280.769136
15281.908110
15282.776192
15283.858710
15284.796357
15285.152951
15286.188430
15286.628937
15287.659030
15288.544989
15289.348793
15290.068173
15290.542314
15291.144648
15292.609269
15293.726400
15294.308937
15294.806279
15296.071786
15296.520809
15297.145135
15297.792763
15298.756570
15299.575130
15300.919030
15301.095224
15302.265545
15303.112485
15303.679630
15304.681841
15305.634877
15306.396204
15306.654345
15307.603127
15308.500015
15309.203345
15309.819102
15311.478267
15312.092799
15312.986574
15313.399752
15314.229744
15314.554659
15316.121191
15316.642064
15317.152021
15318.249617
15318.875633
15320.037782
15320.690360
15321.573764
15322.597330
15323.130869
15324.063419
15324.824205
15325.181662
15326.073504
15326.624013
15328.055754
15329.166872
15329.578682
15330.377352
15331.293905
15332.044698
15332.739915
15333.341797
15334.410569
15335.367459
15335.817759
15336.420167
