19850.733513
19852.558004
19853.207247
19853.432082
19854.417910
19855.184819
19855.736714
19856.606583
19857.455877
19858.278808
19858.692501
19859.885066
19860.295164
19861.376702
19862.220599
19863.066200
19863.788840
19864.998972
19865.221344
19865.948623
19866.265862
19867.507734
19868.094831
19869.265545
19869.807501
19870.939984
19871.857887
19872.216086
19873.243077
19873.404664
19874.678778
19875.637475
19876.123541
19876.686160
19877.564517
19878.150971
19879.181707
19880.500386
19881.086309
19881.837258
19882.419376
19883.007107
19884.102027
19884.629899
19885.079402
19886.125534
19887.115367
19887.946431
19888.868073
19889.537777
19889.798482
19891.412985
19891.865701
19892.459565
19893.467561
19893.831618
19894.902458
19895.245884
19896.087023
19897.349801
19898.152711
19899.172131
19899.832212
19900.228657
19901.093115
19901.696942
19902.365099
19903.636295
19904.306058
19904.890604
19905.274661
19906.865768
19907.433414
19908.170325
19908.944988
19909.961573
19910.509313
19911.473914
19911.746191
19912.463395
19913.244093
19914.137974
19915.437842
19916.084260
19917.078598
19917.322490
19918.363167
19918.861091
19919.931415
19920.604248
19921.282930
19921.908507
19923.109426
19923.459092
19924.208690
19925.260618
19926.655314
19926.954594
19927.862835
19928.216206
