47531.765147
47532.500902
47533.442212
47533.799384
47534.501693
47535.568702
47536.163758
47536.915118
47537.456707
47538.387853
47539.150684
47539.723871
47540.626535
47540.907122
47541.435921
47541.953360
47543.105239
47543.893635
47544.497306
47545.544792
47546.138513
47546.938410
47547.379538
47548.022991
47548.784830
47549.142708
47550.406860
47551.015677
47551.446403
47552.010533
47553.066505
47553.334207
47554.572545
47555.236384
47556.306642
47556.611917
47557.297988
47557.729995
47558.646562
47559.387017
47559.802788
47560.361284
47561.274217
47562.159661
47563.341229
47563.697230
47564.141020
47564.963670
47565.626025
47566.415561
47567.367521
47567.781449
47568.300338
47569.092714
47569.786411
47570.541339
47570.760204
47572.144328
47573.166156
47573.267554
47574.447991
47575.157824
47575.428843
47576.000686
47576.928608
47577.132761
47578.439490
47579.054624
47579.669936
47580.345316
47580.988345
47582.130261
47582.822477
47583.158576
47583.857370
47584.834046
47585.691018
47585.966085
47586.617998
47587.376051
47587.928639
47588.372325
47589.622616
47590.670264
47591.206743
47591.922794
47592.369277
47593.227620
47593.545308
47594.514256
47595.291884
47595.799955
47596.432606
47597.284416
47597.905581
47598.852834
47599.352608
47599.914521
47601.076371
47602.148560
