61668.528823
61668.884615
61669.942949
61670.465793
61671.275729
61671.862271
61672.756720
61673.101533
61673.361826
61674.390308
61674.821830
61675.821044
61676.963579
61677.574887
61677.830403
61678.716391
61679.594071
61680.140419
61680.456078
61681.072111
61682.015268
61682.908687
61683.437624
61683.959890
61684.493948
61685.459769
61686.026751
61686.990632
61687.950233
61688.268934
61688.967915
61689.630088
61690.326022
61690.831334
61691.220321
61692.333643
61692.894910
61693.201138
61694.583020
61695.260177
61696.087193
61696.494477
61696.909128
61697.578589
61698.549745
61699.398876
61699.839116
61700.469906
61701.030836
61701.588420
61702.493820
61703.058843
61703.867992
61704.734809
61705.657577
61706.134286
61706.923372
61707.270471
61708.053026
61708.497241
61709.305422
61709.698190
61710.734108
61711.674887
61711.975937
61712.806181
61713.414080
61714.463275
61714.971990
61715.439575
61716.459577
61716.966587
61717.400309
61718.626094
61718.836441
61719.434588
61720.105070
61720.370685
61722.003514
61722.704540
61723.118968
61724.129328
61724.447985
61725.031918
61725.687027
61726.523747
61726.959982
61727.929114
61728.443364
61729.036405
61729.840038
61730.493206
61731.437716
61731.960155
61732.565095
61733.350709
61734.550149
61734.929493
61735.219044
61735.849948
