55342.917204
55343.657296
55344.355032
55344.912227
55345.769662
55346.181849
55347.060491
55347.823061
55348.287696
55348.699086
55349.852637
55350.804522
55351.595378
55352.320402
55352.520822
55353.060467
55354.017845
55354.684347
55355.173556
55355.713553
55356.823959
55357.265944
55358.252670
55358.910073
55359.763220
55360.323462
55360.818896
55361.419036
55362.529255
55363.154523
55363.711387
55364.281727
55364.947315
55365.456172
55365.917391
55367.327316
55368.062405
55368.469753
55369.434707
55370.254537
55370.651590
55371.228036
55371.832828
55372.482424
55373.090194
55374.271135
55374.624898
55375.342644
55376.017483
55376.843619
55377.471791
55378.527674
55378.700017
55380.031972
55380.442287
55380.736001
55381.645795
55382.266840
55382.943548
55383.631489
55383.930897
55384.894210
55386.322942
55386.832477
55387.255238
55388.018689
55388.316463
55389.270304
55389.940662
55390.681588
55391.341728
55392.119207
55392.329934
55393.429327
55393.907657
55394.866438
55395.302801
55396.594173
55397.037627
55397.536567
55398.578603
55399.102488
55399.415936
55400.257218
55400.451553
55401.644609
55402.476667
55402.979951
55404.076579
55404.361435
55405.348303
55406.118301
55406.516474
55407.189112
55407.805591
55408.687448
55409.663637
55409.950587
55410.419610
55411.019139
