71499.033428
71499.751570
71499.942271
71500.986689
71501.893222
71502.742906
71503.531892
71503.943571
71504.358514
71505.692016
71505.952745
71506.258923
71507.137121
71508.071925
71508.584061
71509.199188
71509.875091
71510.352434
71511.208119
71511.707634
71512.847285
71513.477303
71514.383270
71514.835812
71515.325640
71515.853783
71516.551005
71517.190867
71517.851728
71518.655543
71519.271323
71519.708650
71520.905607
71521.807992
71522.072058
71522.665206
71523.280065
71523.988939
71525.024266
71525.714684
71525.940795
71526.528156
71527.521856
71527.847581
71528.287842
71529.420897
71530.263198
71530.980278
71531.810258
71532.186533
71533.023143
71533.334423
71534.292846
71534.660652
71535.247616
71535.891434
71537.064870
71537.565247
71538.189887
71538.521911
71539.648430
71540.243999
71541.150122
71541.547219
71542.517722
71542.883487
71543.481407
71544.325454
71545.002868
71545.263011
71546.006084
71546.483560
71547.800274
71548.449363
71549.193477
71550.020329
71550.238571
71551.044667
71551.360089
71552.254311
71553.083708
71553.821807
71554.191265
71554.941781
71555.344068
71556.278756
71557.179923
71557.642559
71558.324800
71559.241694
71560.057403
71560.507331
71561.367164
71561.584360
71562.103802
71562.757101
71563.875955
71564.083361
71565.010448
71565.916505
