72977.827094
72978.427075
72978.781944
72979.164324
72980.423901
72981.118901
72981.656417
72982.349995
72983.080435
72983.716317
72984.496724
72985.082963
72985.531863
72986.156857
72986.843205
72987.454438
72987.837098
72989.272812
72989.959572
72990.577100
72991.331275
72991.464988
72992.395228
72992.913785
72993.794757
72994.486758
72994.892718
72995.562851
72996.289079
72997.200817
72997.521117
72998.340633
72998.824217
73000.168789
73000.587493
73001.247128
73001.990755
73002.600498
73002.795932
73003.556068
73004.449058
73004.878803
73005.522500
73006.526495
73007.153549
73008.018598
73008.447459
73009.473058
73009.927588
73010.360031
73010.946932
73011.872639
73012.842614
73013.216457
73013.686427
73014.293788
73014.975214
73015.392026
73016.794984
73017.334913
73018.180567
73018.609142
73019.282262
73020.129753
73020.567397
73021.157300
73021.493724
73022.603789
73022.975851
73024.036778
73024.413542
73025.342283
73026.029589
73026.720372
73027.077582
73027.992152
73028.883529
73029.576603
73029.930661
73030.443104
73031.214173
73031.970983
73032.416545
73033.032784
73033.836306
73034.480816
73035.889691
73036.353385
73036.760871
73037.322548
73037.793724
73038.835616
73039.073891
73040.039200
73040.714156
73041.377480
73041.854617
73042.689831
73043.019627
73044.378406
