21171.076798
21172.089195
21173.166035
21173.748087
21173.933818
21175.713325
21176.082294
21176.844200
21177.702408
21178.265655
21179.523369
21180.164759
21180.602358
21181.221146
21181.943429
21182.745148
21183.656580
21184.776169
21185.734302
21186.344525
21186.789532
21187.765012
21188.532120
21188.945844
21189.847355
21190.830673
21191.397679
21192.457786
21192.783298
21193.674343
21194.699079
21195.941894
21196.253848
21197.048171
21197.706919
21198.316461
21199.495379
21199.727762
21200.253770
21201.584270
21202.481259
21203.465382
21204.042160
21204.871511
21205.279331
21206.060423
21207.178896
21207.923156
21208.479236
21209.234394
21209.773590
21210.538136
21211.778644
21212.669682
21213.087249
21214.432230
21214.946503
21215.585775
21216.083868
21216.715059
21217.680970
21218.452442
21219.518263
21220.047030
21220.882041
21222.002343
21222.533162
21223.092913
21224.310034
21224.801180
21225.591440
21226.255310
21227.071497
21227.815899
21228.166620
21229.074612
21230.801147
21231.314509
21231.859927
21232.480730
21233.249850
21233.995812
21234.864172
21235.448739
21236.304087
21236.986019
21238.029330
21238.569446
21239.765380
21239.969827
21241.310787
21242.072178
21242.539914
21243.642189
21244.136785
21244.422898
21245.269907
21246.471292
21246.970957
21248.439301
