19929.115084
19929.692271
19930.614799
19931.471082
19931.852977
19933.380422
19933.904725
19934.699332
19935.615086
19936.226152
19936.677717
19937.956510
19938.729106
19939.229878
19940.043394
19940.397009
19941.252074
19942.434224
19943.737248
19943.975290
19944.824545
19945.756500
19946.600702
19946.843289
19947.451567
19948.528521
19949.523388
19950.088060
19950.955554
19951.742667
19952.587123
19953.444272
19954.083928
19955.453823
19955.590180
19956.236535
19957.383267
19957.640335
19958.666032
19959.202357
19960.125284
19961.521993
19962.418690
19962.808320
19963.286462
19964.031047
19965.016690
19965.926229
19966.426150
19967.340174
19967.991510
19968.602706
19969.810631
19970.426475
19971.313055
19972.355813
19972.962355
19973.771643
19974.220198
19975.212638
19975.762130
19975.961664
19977.617885
19978.371869
19979.051768
19979.973821
19980.708953
19981.556368
19982.044283
19982.972385
19983.538358
19984.700653
19985.412022
19985.653170
19986.586794
19987.221167
19988.679663
19989.481366
19990.141059
19990.975948
19991.483201
19992.098877
19992.907635
19993.811760
19994.377365
19995.358500
19995.939540
19997.300550
19998.026391
19998.249635
19999.275621
20000.128165
20001.194127
20001.967612
20002.113126
20002.796489
20003.871410
20004.645281
20005.082037
20006.698426
