33703.844886
33704.236585
33705.259918
33705.598891
33706.014397
33706.958415
33707.977359
33708.183469
33708.891449
33709.832895
33710.709756
33711.352537
33712.314581
33712.812833
33713.573696
33714.423062
33715.151457
33716.044050
33716.761133
33716.937739
33717.875241
33718.495507
33719.042827
33720.085973
33721.091666
33721.729937
33722.639597
33723.330869
33723.972048
33724.589841
33724.934398
33725.771955
33727.075076
33727.553690
33728.058596
33728.545310
33729.800228
33730.205581
33731.468677
33731.956168
33732.836392
33733.368504
33734.308789
33734.761775
33735.333482
33736.083094
33736.820284
33737.338634
33738.483839
33739.589277
33740.333596
33740.599359
33741.085538
33742.478315
33742.648539
33743.726776
33744.346337
33744.942777
33745.555937
33746.515791
33747.113733
33747.667683
33748.652571
33749.974222
33750.395631
33750.974028
33751.775575
33752.301180
33752.920539
33753.578224
33754.372222
33755.306885
33756.026681
33756.614656
33757.509959
33758.486111
33759.156890
33759.526223
33760.415408
33761.167926
33762.107516
33762.691956
33763.259699
33763.945082
33764.152983
33765.315563
33766.649218
33767.069981
33767.962770
33768.663683
33769.207641
33770.098018
33770.315459
33771.321204
33772.160822
33772.502699
33773.767812
33774.169782
33774.899209
33775.882204
