33556.754084
33557.410484
33558.757337
33559.280119
33559.891940
33560.783797
33561.592687
33561.979452
33563.061140
33563.530953
33563.873523
33564.803198
33565.384104
33566.552803
33567.669277
33568.144359
33568.791511
33569.529046
33569.961866
33570.759467
33571.769778
33572.439154
33572.897033
33573.569244
33574.525561
33575.179460
33576.098626
33576.443538
33577.747472
33578.580803
33579.087232
33579.812128
33580.404059
33580.762968
33581.709019
33582.475746
33583.129840
33583.933783
33584.959311
33585.846072
33586.152337
33587.152339
33587.916236
33588.266919
33589.013034
33590.213711
33590.686874
33591.304576
33591.922234
33592.575898
33593.090654
33594.607347
33595.480359
33595.906125
33596.432549
33597.439063
33598.051258
33598.663939
33599.159741
33599.844830
33600.928354
33601.576157
33602.259581
33603.283770
33603.834555
33604.573673
33605.232440
33606.228174
33606.885424
33607.791968
33608.119628
33608.575166
33609.624446
33610.291636
33610.733728
33611.902003
33612.604472
33613.930513
33614.372712
33614.820045
33615.276653
33616.155500
33616.912026
33617.733984
33618.625246
33618.921960
33619.994551
33620.208423
33621.643759
33622.030618
33623.006147
33623.735956
33624.514068
33625.300320
33625.518666
33626.787100
33627.008893
33627.584597
33628.172912
33629.696012
