7709.242640
7710.123839
7711.223648
7711.928933
7712.779308
7712.908648
7714.904975
7715.806809
7716.493161
7717.430625
7718.209439
7718.871828
7719.753486
7720.412175
7721.553996
7722.557228
7723.618282
7724.440916
7725.242870
7725.881074
7727.365067
7728.154537
7728.345321
7729.508444
7730.156710
7731.326343
7731.904604
7733.551152
7734.637209
7734.799051
7735.920191
7736.398982
7737.281516
7738.683400
7739.076079
7740.113547
7740.932128
7742.093826
7742.861768
7744.168742
7744.539185
7745.564177
7746.617972
7747.262729
7747.603843
7748.560899
7749.950340
7751.417942
7751.732240
7752.412059
7753.812564
7754.165808
7755.042744
7756.140545
7756.961660
7757.748648
7758.441967
7759.592954
7760.470136
7761.852016
7762.516669
7763.365536
7763.887943
7764.629540
7765.580549
7766.648068
7767.347361
7768.417093
7769.913327
7770.261243
7770.983886
7771.801935
7773.152164
7774.018899
7774.296269
7775.448785
7775.977608
7776.955377
7778.619618
7779.147738
7780.294143
7780.791631
7781.703703
7782.448108
7783.333189
7783.869822
7785.543212
7785.972158
7786.910885
7787.847577
7788.942037
7789.846487
7790.584748
7791.498122
7792.057000
7793.208438
7793.731179
7794.330647
7796.167939
7796.882750
