7973.804869
7974.458129
7975.017853
7976.207792
7977.291194
7977.975322
7979.419830
7980.244153
7980.592156
7981.677158
7982.329229
7982.856726
7984.194787
7985.078461
7986.116271
7986.989921
7987.776841
7988.826884
7989.527182
7990.464730
7991.154615
7992.449601
7992.775448
7993.535520
7994.268276
7996.325873
7996.702938
7997.562596
7998.503621
7998.960515
8000.086767
8000.654289
8001.827414
8002.504226
8003.544020
8004.486900
8005.558741
8006.089452
8007.166316
8008.486686
8009.024278
8009.383936
8010.212236
8011.469380
8011.929391
8013.442022
8014.276774
8015.371885
8016.201731
8016.491199
8017.361465
8018.637826
8019.356639
8020.319689
8020.837459
8021.895481
8022.717489
8024.403582
8024.670982
8025.752452
8026.391854
8027.305874
8028.124025
8028.746401
8029.407822
8031.058009
8031.951322
8032.793383
8033.269191
8034.386240
8035.393242
8035.999510
8037.034489
8037.803468
8038.428466
8039.310951
8040.363774
8041.485092
8042.752607
8043.228211
8044.222079
8044.702036
8045.412198
8046.349100
8047.858586
8048.092532
8048.939018
8050.707855
8050.928553
8051.826700
8052.854735
8053.850683
8054.632075
8055.387536
8056.043545
8056.628566
8057.849854
8059.163910
8060.410573
8060.656750
