46757.262001
46758.083259
46758.981027
46759.455621
46759.977343
46760.799485
46761.652305
46762.351336
46763.027874
46763.331037
46763.942913
46765.066696
46765.994203
46766.795223
46767.510631
46768.064062
46768.486508
46769.358386
46769.961685
46770.400860
46771.401325
46772.130488
46772.499219
46773.609935
46774.430533
46775.167722
46775.687889
46776.348064
46776.808094
46778.288754
46778.648928
46779.147357
46779.662534
46780.357689
46781.208993
46781.767564
46782.438026
46783.669470
46784.286805
46785.112860
46785.708588
46786.312121
46786.930507
46787.435648
46788.114619
46789.122489
46789.671714
46790.364012
46791.372535
46791.639891
46792.265618
46793.558311
46794.186363
46794.764386
46795.641000
46795.962285
46797.030384
46797.365047
46798.316567
46798.575974
46799.226723
46799.971860
46801.534560
46801.806269
46802.745397
46803.052584
46804.037718
46804.426282
46805.187240
46805.992024
46806.703451
46807.435722
46807.985252
46808.448351
46809.393035
46810.214154
46810.785467
46811.732734
46812.456730
46813.485993
46813.918477
46814.277453
46815.163895
46815.436363
46816.269423
46817.269704
46817.876731
46818.566723
46819.222454
46820.495762
46821.004307
46821.301643
46822.085149
46823.021562
46823.618128
46824.220164
46825.300366
46825.605241
46826.074262
46826.930711
