50825.717162
50826.971290
50827.557705
50828.207906
50828.675330
50829.274578
50830.286665
50830.643553
50831.394648
50831.764464
50832.774866
50833.497463
50834.323545
50835.112331
50835.483002
50836.386517
50837.168210
50837.762054
50838.636541
50839.306466
50839.893411
50840.489758
50840.988650
50841.799441
50842.280030
50843.361039
50843.767057
50845.083619
50845.689545
50846.365000
50846.841050
50847.707457
50848.069396
50848.357045
50849.984332
50850.404372
50850.824156
50851.487094
50852.158350
50853.181871
50853.857721
50854.488775
50855.512311
50855.913061
50856.796085
50857.425928
50858.001214
50858.550804
50859.293066
50859.622088
50860.643858
50861.309920
50862.567304
50863.131615
50863.678589
50864.083304
50865.094008
50865.726780
50866.465892
50866.946383
50867.814276
50868.291005
50869.242747
50869.845422
50870.181419
50870.992361
50872.003099
50873.102834
50873.584707
50874.250241
50874.765975
50875.389296
50876.075100
50876.608038
50877.561914
50877.856318
50879.132052
50879.543724
50880.093094
50881.559669
50881.739170
50882.485429
50882.962754
50883.759496
50884.930996
50885.233126
50886.003330
50886.481764
50887.002762
50887.657980
50888.477642
50889.627444
50890.365213
50890.766669
50891.895858
50892.394245
50892.910022
50893.324347
50894.361830
50894.762436
