41864.551775
41865.029981
41866.021569
41866.530233
41867.408034
41867.916980
41868.411694
41868.777613
41870.518260
41871.124534
41871.766826
41872.482310
41873.129191
41873.582140
41874.466807
41874.998589
41875.676459
41876.578497
41877.164509
41877.927588
41878.610746
41879.687065
41880.143219
41880.757191
41881.583869
41882.652411
41883.138383
41883.965469
41884.255218
41884.695246
41885.737923
41886.425268
41887.083841
41887.873580
41889.023847
41889.711378
41890.338159
41890.866555
41891.543276
41892.148657
41892.736631
41894.010430
41894.309626
41895.074109
41895.678416
41896.342236
41897.162562
41897.920510
41899.095945
41899.671701
41900.318126
41900.567016
41901.834796
41902.362411
41902.733457
41903.301990
41904.238874
41904.804426
41906.173018
41906.787946
41907.255079
41907.977590
41908.723507
41909.435930
41910.260315
41910.708206
41911.696993
41912.204418
41912.810875
41913.614120
41913.988941
41915.093071
41915.724091
41916.799310
41917.692284
41918.023839
41918.975073
41919.277994
41919.840366
41920.509411
41921.546167
41922.324580
41922.772167
41923.563674
41924.252994
41925.443618
41926.027800
41926.437288
41927.008262
41928.345313
41928.819246
41929.271520
41930.192981
41930.630491
41931.229626
41931.880201
41932.682539
41934.167800
41934.454427
41935.290021
