68938.027136
68938.538510
68938.938746
68939.946676
68940.785154
68941.364882
68941.892752
68942.189859
68943.094155
68943.412232
68944.312682
68945.148132
68946.026948
68946.449036
68947.324108
68948.242607
68948.701892
68949.229058
68949.637639
68950.610927
68951.490829
68951.751902
68952.720212
68953.212457
68953.766549
68954.427573
68954.984368
68956.105359
68957.028284
68957.588435
68958.276858
68958.766427
68959.064289
68960.224612
68960.631195
68961.149035
68961.956258
68962.495055
68963.247021
68964.476644
68964.919080
68965.293333
68966.310574
68966.578812
68967.659274
68968.256617
68968.958628
68969.537936
68970.105368
68970.709368
68971.392619
68971.803704
68972.832756
68973.382836
68974.542525
68975.236589
68975.617470
68976.364471
68977.228977
68977.519117
68977.996943
68978.523108
68979.867671
68980.554256
68980.688912
68981.445696
68982.169413
68983.101602
68983.768905
68984.553428
68985.040126
68985.771227
68986.643720
68986.995117
68987.951870
68988.298002
68988.702967
68989.453653
68990.307054
68990.878054
68992.103520
68992.828486
68993.263877
68993.867012
68994.278712
68995.449513
68995.522896
68996.766703
68997.111560
68997.662018
68998.458425
68999.166789
68999.814733
69000.426677
69001.089730
69001.930975
69003.023007
69003.527478
69004.105188
69004.690955
