70017.450884
70018.385659
70018.764392
70019.348576
70020.429276
70020.668746
70021.470027
70022.278617
70022.803968
70023.574844
70023.823527
70024.411870
70025.793416
70026.675297
70027.137536
70027.652707
70028.276588
70029.037095
70029.407901
70030.300780
70031.011061
70031.169101
70032.097170
70033.102005
70033.719869
70034.293639
70035.104877
70035.898581
70036.258928
70036.866218
70038.018305
70038.494766
70039.279128
70039.465666
70040.293812
70040.795571
70041.471768
70042.312327
70043.026205
70044.068117
70044.496637
70045.359791
70046.144560
70046.567603
70046.966444
70047.397053
70048.432674
70049.318343
70049.725441
70050.594917
70050.960449
70051.589968
70052.686458
70053.281463
70053.827398
70054.841383
70055.421350
70055.921721
70056.563336
70057.437668
70057.774576
70058.376831
70059.122974
70059.545631
70060.414638
70061.658786
70062.449679
70062.658669
70063.286741
70063.829884
70064.832277
70065.357906
70066.034432
70066.563944
70067.414404
70067.922439
70068.630471
70069.267188
70069.831774
70070.786067
70071.260330
70072.672049
70073.038731
70073.269477
70074.340490
70074.831943
70075.197390
70076.016791
70076.357462
70077.620217
70078.111989
70078.692702
70079.407962
70080.570031
70080.906049
70081.621130
70082.207817
70082.721362
70083.509946
70084.542280
