29724.102494
29724.739873
29725.513823
29726.391205
29726.655909
29727.306762
29728.065062
29729.189180
29729.881547
29730.478779
29730.993306
29731.596588
29733.003518
29733.488589
29734.497686
29735.053148
29735.890321
29736.658039
29737.054572
29737.819191
29738.496057
29739.151534
29739.863855
29740.985405
29742.076116
29742.506988
29743.124146
29743.892850
29744.534437
29745.432462
29746.417842
29746.833415
29747.235999
29748.230436
29749.224291
29749.501510
29750.167823
29751.587855
29752.442649
29752.931880
29753.870174
29754.155083
29754.877869
29755.549335
29756.344130
29757.209763
29757.834561
29758.842962
29759.263868
29760.471652
29760.941566
29761.910371
29762.565528
29762.881677
29764.314772
29764.785134
29765.320475
29765.935463
29766.715723
29766.999463
29768.580156
29769.451316
29769.966627
29770.811063
29771.442446
29772.107454
29772.883579
29773.332846
29774.138813
29775.129599
29775.865584
29776.235433
29777.287832
29778.143769
29778.607003
29779.543721
29780.723845
29781.265024
29781.704714
29782.403956
29783.014214
29783.941248
29784.484614
29785.165014
29786.092179
29787.010180
29788.322400
29788.742012
29788.834207
29789.754243
29790.724316
29791.343312
29792.253591
29792.867966
29793.567658
29794.185473
29794.679081
29795.886531
29796.659296
29797.667318
