71566.543030
71567.321869
71567.854223
71568.451279
71569.270721
71569.755351
71570.419632
71571.156580
71572.009126
71572.462802
71572.958790
71573.697285
71574.274214
71574.777937
71576.461000
71576.848952
71577.448834
71577.647395
71578.647968
71579.393754
71579.757595
71580.448205
71580.989021
71581.831993
71582.468550
71583.248852
71584.059816
71584.619262
71585.404791
71585.967224
71586.492026
71587.665206
71587.914681
71588.821525
71589.509239
71589.841396
71590.282779
71591.070364
71592.114194
71592.248724
71593.658716
71593.930432
71595.099893
71595.630225
71596.153712
71596.747614
71597.112905
71597.814536
71598.794303
71599.451142
71600.145399
71600.614731
71601.195054
71601.909444
71602.954694
71603.481279
71604.193417
71604.899822
71605.867904
71606.182275
71606.576188
71607.591559
71608.125108
71608.699921
71609.025809
71609.809510
71611.008024
71611.822492
71612.403808
71612.890023
71613.624243
71614.036497
71614.939615
71615.659207
71616.370634
71616.620216
71617.550282
71618.166295
71618.990009
71619.421227
71619.755295
71621.242481
71621.537508
71622.593794
71623.293582
71623.703708
71624.349440
71624.830687
71625.496623
71626.158002
71626.652048
71627.910551
71628.168442
71628.790197
71629.805131
71630.477797
71631.276242
71631.743934
71632.370741
71632.729872
