237.769820
239.555477
241.049157
242.823271
244.070898
247.136990
248.101990
249.573689
251.014947
253.069986
255.306256
256.380713
258.610439
259.874406
260.805084
263.573893
265.557851
266.614973
267.921915
269.970449
271.494055
273.459609
275.587492
276.452049
278.250743
279.229250
282.465114
283.211185
284.835963
286.667445
287.911920
289.579854
291.846291
293.558434
294.965369
295.573254
297.979277
299.840326
301.649325
302.696749
304.864371
305.728912
307.219496
310.109463
311.165141
312.427801
313.985285
315.475616
317.734805
318.853104
321.160134
322.144558
323.466969
324.862866
327.443901
329.033071
329.953239
331.474467
333.645378
334.211354
336.841850
338.339992
339.858216
341.042261
342.054877
344.661702
346.347870
347.272677
349.316260
350.408419
351.878649
353.488900
356.017574
357.151302
357.952685
359.743754
361.289361
363.331330
364.736024
366.212710
367.993575
368.968438
370.050919
373.061928
373.864873
375.825912
376.324092
378.436680
379.872975
381.484468
383.443529
384.956116
385.861300
387.222890
388.846128
391.456083
392.245083
393.427743
395.582870
396.381854
