33410.198492
33411.198632
33411.833788
33412.819941
33413.740185
33414.458883
33415.075483
33415.503631
33416.403920
33416.930185
33418.061785
33418.417901
33419.471311
33419.917878
33420.491829
33421.204618
33422.245068
33423.507840
33423.973751
33424.357131
33425.256749
33426.062820
33426.542740
33427.292206
33427.854851
33428.467684
33429.461970
33430.705607
33431.047567
33431.747058
33432.601876
33433.324005
33433.872398
33434.822001
33435.631651
33436.150181
33436.826779
33437.300939
33438.255629
33438.876394
33439.626379
33440.834530
33441.557230
33442.227653
33443.017766
33443.647320
33444.005005
33444.377894
33446.022467
33446.235092
33447.051370
33447.806955
33448.354523
33449.705563
33450.072058
33450.788070
33451.639939
33452.416717
33453.151926
33453.865948
33454.354717
33455.116419
33455.614857
33456.295628
33457.191808
33458.581888
33459.172029
33459.666444
33460.356077
33460.967054
33461.997944
33462.410485
33463.211200
33463.755381
33464.776285
33465.556679
33465.941258
33466.705716
33467.687460
33468.353425
33469.643938
33470.066062
33470.579588
33471.262967
33472.055183
33472.630940
33473.260184
33473.904795
33475.134428
33475.535925
33476.487743
33477.787409
33477.911247
33478.489832
33479.381045
33479.861118
33481.208062
33481.534777
33482.461356
33482.720141
