68802.738442
68803.601024
68804.306821
68804.747716
68805.292680
68805.931957
68806.683721
68806.946035
68808.006372
68808.987833
68809.341481
68809.858238
68810.847885
68811.471703
68812.380784
68812.871055
68813.457215
68814.125577
68814.905274
68815.775716
68816.158350
68816.566688
68817.258213
68817.979069
68818.461126
68819.991304
68820.400869
68821.222691
68821.510646
68822.497630
68822.794361
68823.525603
68824.155411
68824.930614
68825.725680
68826.269068
68826.576861
68827.698471
68828.479767
68828.950856
68829.473616
68830.526208
68831.278968
68832.033497
68832.501268
68833.026547
68833.652855
68834.042896
68834.983606
68835.728860
68836.170521
68836.937620
68838.147749
68838.685231
68839.238149
68839.899497
68840.491386
68841.251396
68841.508398
68842.765129
68843.099726
68843.990357
68844.456946
68845.154945
68845.363515
68846.429530
68847.430773
68848.264596
68848.803979
68849.361758
68849.869148
68850.884410
68851.268787
68851.922001
68852.380896
68852.889246
68853.986660
68854.828592
68855.283257
68856.271351
68856.573375
68857.582073
68858.116898
68858.508780
68859.758411
68860.274309
68860.554553
68861.391156
68862.063205
68862.634915
68863.140972
68863.902367
68864.959332
68865.355464
68866.738153
68867.087781
68867.600140
68868.268141
68868.565231
68869.276510
