44779.221438
44779.754350
44780.619012
44781.167832
44782.326380
44782.986912
44783.546208
44784.006546
44784.796332
44785.222815
44785.870469
44786.905262
44787.619474
44788.119790
44789.434941
44789.851335
44790.423465
44791.271739
44792.046268
44792.482569
44793.280017
44794.033317
44794.771230
44795.611813
44795.819296
44796.493128
44797.168986
44798.353952
44799.458805
44800.009895
44800.510027
44800.789898
44802.045827
44802.557156
44802.996868
44803.595706
44804.573260
44805.365715
44805.855819
44806.886379
44807.526665
44808.249914
44808.845948
44809.573698
44810.504643
44811.249014
44811.809036
44812.403159
44812.769504
44813.799801
44814.102468
44815.268735
44815.848495
44816.812006
44817.720584
44818.334869
44819.113971
44819.282013
44819.974316
44820.702154
44821.877469
44822.233370
44823.058936
44823.528184
44824.382962
44824.905699
44826.235739
44826.468661
44827.558575
44828.145722
44828.833778
44829.522092
44829.973208
44830.800129
44831.463567
44831.994395
44832.332109
44834.151794
44834.459817
44835.222392
44835.914333
44836.400930
44837.257691
44837.965342
44838.628811
44839.531321
44839.720606
44840.775586
44841.395232
44842.058015
44842.484316
44843.488926
44844.615158
44845.223975
44845.869195
44846.664022
44847.322983
44847.513132
44848.278225
44849.112169
