38277.870235
38278.974750
38279.665483
38280.721945
38281.089269
38281.758772
38282.815584
38283.423135
38283.912169
38284.599438
38285.576919
38286.203997
38286.911506
38287.415155
38287.937105
38288.908966
38289.595810
38291.120586
38291.344171
38292.138328
38292.621177
38293.442553
38294.030435
38294.420824
38295.622046
38296.267647
38296.738929
38297.439124
38298.711429
38299.290800
38299.899701
38300.463143
38301.247890
38302.437985
38302.920192
38303.470243
38303.994964
38304.879408
38305.172397
38306.227455
38306.872491
38307.911075
38308.938507
38309.369730
38310.010165
38310.834991
38311.366457
38311.903891
38312.773265
38313.420452
38314.315536
38315.159230
38315.622786
38316.004021
38317.122022
38318.239616
38318.644945
38319.660219
38320.137685
38320.636596
38321.593318
38322.206123
38322.814757
38323.283011
38323.904838
38325.381856
38325.869517
38326.761529
38327.470705
38328.036465
38328.582204
38329.278863
38330.268190
38331.141839
38331.411969
38332.126259
38332.956075
38333.419438
38334.383029
38335.261950
38335.928395
38336.817686
38337.820389
38338.254872
38338.851212
38339.149950
38340.002400
38340.855438
38341.523869
38342.551621
38342.830836
38343.888254
38344.762058
38345.425586
38345.944691
38346.741444
38347.703353
38347.953732
38349.203270
38349.533484
