6366.671353
6367.958813
6368.438094
6369.245882
6369.770229
6370.898050
6372.415682
6373.173152
6374.053534
6375.032404
6375.599195
6376.764549
6377.511439
6378.550145
6379.246624
6379.959409
6381.143665
6381.848039
6383.410238
6384.459219
6384.920488
6385.578203
6386.357077
6387.528294
6388.197850
6389.360853
6390.006152
6391.686645
6392.187328
6392.718575
6394.065073
6395.031740
6395.668869
6396.729259
6397.361130
6397.786081
6399.176640
6400.746238
6401.323625
6402.175290
6403.110886
6403.861397
6404.767039
6405.178961
6406.748283
6407.612952
6408.077160
6409.279021
6410.353801
6411.384469
6412.247558
6413.040420
6413.833451
6414.570290
6415.462076
6416.175908
6417.378052
6418.792599
6419.692022
6420.182578
6421.255935
6421.491228
6423.414486
6423.764508
6424.401461
6425.399747
6426.480014
6427.401528
6428.587583
6429.468848
6430.694571
6430.918186
6431.981683
6432.433303
6433.622387
6434.514944
6435.774652
6436.905185
6437.123406
6438.740481
6439.140618
6440.125226
6441.140573
6441.894099
6442.897533
6443.565266
6443.978372
6445.971515
6447.022174
6447.474618
6448.246132
6449.332054
6449.896208
6450.770449
6451.965072
6452.616809
6453.681785
6454.861307
6455.690820
6456.243758
