4602.256123
4603.209690
4604.641681
4605.883451
4606.462472
4607.753032
4608.216380
4609.224160
4610.084231
4611.484674
4612.028597
4612.788854
4613.684307
4615.536616
4616.222300
4616.958582
4618.107678
4618.767170
4619.465593
4620.544365
4621.348279
4622.819323
4623.805611
4624.726278
4625.409262
4626.342985
4627.790229
4628.463443
4628.974234
4629.888782
4631.226406
4631.762401
4633.564438
4634.307105
4635.357160
4636.028343
4636.392280
4637.792071
4638.748153
4639.715380
4640.561739
4641.758272
4642.685758
4643.751735
4644.753105
4645.362987
4646.739486
4647.117263
4648.112608
4648.564886
4650.614330
4651.664121
4652.088399
4653.119156
4654.068949
4654.947323
4655.721560
4656.922418
4657.820890
4658.394949
4659.918687
4660.563963
4662.080004
4662.945890
4663.505025
4664.322897
4665.141375
4666.090798
4667.424428
4668.055177
4669.829513
4670.350631
4671.032106
4671.877847
4673.282690
4674.126716
4674.741639
4675.727566
4676.334095
4677.930219
4679.087491
4680.088468
4680.606397
4681.604890
4682.648662
4683.021291
4684.186914
4685.407789
4686.708155
4687.072177
4688.252603
4689.505062
4690.178840
4691.296768
4691.862100
4692.866432
4693.939417
4694.173942
4696.095849
4697.354147
