16858.408424
16859.540297
16859.829551
16861.573566
16862.315969
16862.908115
16863.465457
16864.008124
16865.030188
16865.856416
16866.819660
16867.263428
16868.044214
16869.013743
16869.871313
16870.758197
16871.517883
16872.460522
16873.291182
16873.892085
16874.588844
16875.338723
16875.998609
16876.392676
16878.032295
16878.775105
16879.714683
16880.021060
16881.364378
16881.810243
16882.385533
16883.408738
16884.167993
16884.948931
16885.848321
16886.429852
16886.765740
16888.315838
16889.382913
16889.787288
16891.047648
16891.372296
16891.789363
16892.961752
16893.447271
16894.455366
16895.140252
16895.977024
16897.220418
16897.918257
16898.593006
16899.133117
16899.988829
16901.494060
16901.714999
16902.232649
16903.040857
16903.915173
16904.548652
16905.594442
16906.695758
16907.611547
16908.255877
16908.914376
16909.639703
16910.435298
16910.836370
16911.948858
16912.908198
16913.579767
16914.272646
16915.213215
16915.931781
16917.086470
16918.033255
16918.219623
16919.145364
16920.234262
16920.655253
16921.402837
16921.827381
16922.950203
16924.238426
16925.292510
16925.548806
16926.390393
16927.071006
16927.984152
16928.571903
16929.639735
16930.373059
16930.976160
16931.492016
16932.816242
16933.584023
16934.145507
16935.525326
16936.081534
16937.039651
16937.326771
