63169.979048
63171.167067
63171.586750
63172.120297
63172.971427
63173.667112
63174.744564
63175.249323
63175.910726
63176.380030
63176.923522
63177.686516
63178.381036
63178.960282
63179.497839
63180.271818
63181.534459
63182.083519
63182.591072
63183.452394
63183.965262
63184.533415
63185.004046
63185.960364
63186.923527
63187.387169
63187.771545
63188.457454
63189.145152
63189.802890
63190.888054
63191.820596
63192.060182
63192.782466
63193.737768
63194.438301
63194.707900
63195.311526
63195.779240
63196.766954
63197.350375
63198.395183
63198.802736
63199.734700
63200.369704
63200.986719
63201.702600
63202.258217
63203.224771
63203.674613
63204.477107
63204.877158
63205.743678
63206.127480
63207.134046
63207.379145
63208.140099
63209.660087
63210.122997
63210.663381
63211.458148
63211.678938
63212.197025
63213.463101
63213.769636
63214.319213
63215.510047
63215.610317
63216.548180
63217.277972
63218.338102
63218.601593
63219.188805
63220.313269
63220.874367
63221.496696
63222.132025
63222.905809
63223.279429
63223.913634
63224.277078
63225.364873
63226.404613
63227.026702
63227.557204
63228.492171
63228.972345
63229.812953
63230.065497
63230.908859
63231.434015
63232.219295
63233.332376
63233.670444
63234.033734
63234.682489
63235.796475
63236.349433
63237.388597
63237.905629
