42221.001434
42221.758709
42222.450079
42223.148626
42223.591024
42224.943413
42225.579696
42226.500631
42227.013128
42227.279055
42228.339835
42228.570922
42229.595451
42230.156933
42230.878635
42231.823534
42232.631327
42233.175037
42234.139808
42234.962147
42235.273881
42235.762180
42236.973177
42237.620116
42238.394073
42238.731888
42239.510896
42239.926157
42240.662295
42242.045152
42242.738578
42243.422722
42243.856603
42244.927442
42245.593620
42245.728954
42246.575216
42247.272214
42248.259270
42248.658388
42249.714566
42250.239817
42251.095155
42251.705529
42252.591022
42253.091400
42254.460848
42254.606575
42255.309851
42255.812478
42256.731906
42257.265008
42257.981075
42258.667148
42259.285560
42260.818902
42261.459831
42261.743718
42262.425992
42263.169486
42263.609384
42264.684397
42265.241241
42266.069200
42266.649650
42267.300494
42267.820992
42268.923861
42269.581603
42270.386298
42271.218893
42272.023982
42272.309280
42273.305291
42274.009948
42274.488454
42274.698954
42275.586969
42276.965386
42277.322840
42278.245616
42279.012479
42279.573092
42280.368475
42281.126652
42281.583684
42282.368269
42283.102781
42283.979157
42284.493471
42285.157136
42285.504639
42286.583029
42287.285261
42288.455181
42289.166221
42289.753215
42290.313233
42290.993261
42291.276178
