67179.668176
67180.100794
67180.935474
67181.281656
67182.101891
67182.517222
67183.165718
67184.254107
67184.870740
67185.466337
67185.883510
67186.227084
67187.480545
67188.105128
67188.974477
67189.738562
67190.070111
67191.202759
67191.577412
67192.214856
67192.958051
67193.097655
67193.923648
67194.723372
67195.637608
67196.173435
67197.125535
67197.649884
67198.410964
67199.041815
67199.490524
67200.387677
67201.231413
67201.804383
67202.024373
67202.963142
67203.827768
67204.147075
67204.777159
67205.358459
67206.563057
67207.469880
67208.105538
67208.723846
67208.985605
67209.623924
67210.357285
67211.150194
67211.855682
67212.184138
67213.177607
67213.737847
67214.559461
67215.198487
67215.953660
67216.895473
67217.051555
67217.843718
67219.075877
67219.303959
67219.877211
67220.677212
67221.186630
67221.673035
67222.129299
67223.397498
67224.223339
67224.803333
67225.572757
67226.041878
67227.091168
67227.406232
67228.018178
67228.384733
67229.417477
67230.183368
67230.832675
67231.411557
67231.901365
67232.667973
67233.400060
67234.314700
67234.994870
67235.789166
67236.470790
67236.872833
67237.488093
67238.246289
67238.712306
67239.457258
67240.035262
67240.865674
67241.283236
67242.751161
67243.309060
67243.853786
67244.045210
67244.964702
67245.691566
67246.412339
