51941.830320
51942.884013
51943.430221
51943.847892
51944.753002
51945.043821
51945.873383
51946.183389
51947.334850
51948.158136
51948.543390
51949.041764
51950.374446
51951.050562
51951.574732
51952.090839
51952.815568
51953.721275
51954.471517
51955.244700
51955.569246
51956.059809
51956.910999
51957.448666
51958.209518
51959.363519
51960.097565
51960.837010
51961.329153
51962.130505
51962.433202
51963.477419
51963.988991
51964.357124
51965.439486
51966.066724
51966.859858
51967.580349
51967.945826
51968.786605
51969.833537
51970.486678
51971.242346
51971.814711
51972.514074
51972.787556
51973.838182
51974.538565
51974.845386
51975.356202
51976.599682
51977.603381
51977.999486
51978.976716
51979.645004
51979.808426
51980.701532
51981.222396
51982.444440
51982.859040
51983.469070
51984.212744
51984.503237
51985.498910
51986.254334
51987.321035
51987.761352
51988.377823
51989.629133
51990.016128
51990.403308
51991.008015
51991.755521
51992.221047
51993.211924
51994.063759
51994.520544
51995.598459
51996.071056
51996.930678
51997.586924
51998.010759
51999.130398
51999.473368
52000.335702
52000.894358
52001.624387
52002.263055
52002.822915
52003.394073
52004.151167
52005.670034
52006.320289
52006.574201
52007.127965
52007.886862
52008.610990
52009.295002
52009.824380
52010.586690
