55480.975541
55481.534759
55482.841521
55483.203579
55483.911084
55484.825118
55485.168804
55486.141597
55486.766953
55487.704318
55488.366505
55488.921323
55489.719295
55490.147659
55490.836298
55491.345418
55492.201886
55492.703271
55493.613084
55494.371521
55495.423333
55496.217512
55496.477768
55497.151131
55497.655857
55498.285078
55499.502841
55499.929035
55500.657153
55501.092831
55501.734803
55502.506801
55503.385846
55504.123621
55504.879350
55505.549895
55506.482103
55507.076950
55507.385596
55508.155804
55508.905187
55509.268594
55510.032126
55510.705682
55512.020595
55512.443467
55512.983120
55513.878433
55514.559451
55515.084978
55515.879993
55516.739763
55517.085742
55517.717629
55518.805375
55519.202537
55519.794405
55520.297136
55520.957758
55522.530522
55522.907649
55523.737925
55524.130727
55525.047876
55525.367341
55525.935721
55526.889654
55527.444796
55528.107448
55529.138517
55529.313904
55530.314171
55531.227578
55531.920804
55532.462647
55532.828646
55534.068421
55534.660208
55535.411266
55535.891792
55536.388543
55536.785123
55537.739171
55538.684228
55539.041629
55540.408045
55540.812256
55541.629484
55542.228827
55542.966626
55543.254267
55544.057768
55544.727838
55545.542911
55546.387408
55546.834218
55547.376894
55548.347811
55548.860257
55549.578691
