21480.090450
21481.270461
21481.954438
21482.814168
21483.843173
21484.642355
21485.339847
21485.789510
21486.903129
21487.404822
21488.706516
21488.924444
21489.880077
21490.267217
21490.811671
21492.148951
21493.188259
21493.878915
21494.608258
21495.411921
21496.271769
21496.681279
21497.215353
21498.130387
21499.066464
21500.017084
21500.439244
21501.339166
21502.210393
21503.011391
21503.891025
21504.570333
21505.790185
21505.907630
21506.629846
21507.421563
21508.510576
21508.742708
21509.390618
21510.946456
21511.838040
21512.520546
21513.100524
21513.544675
21514.411821
21515.331549
21516.289611
21516.807994
21517.259929
21518.419977
21519.045587
21519.725553
21520.941495
21521.639818
21522.394966
21523.316268
21524.039370
21524.319231
21525.326117
21525.688998
21526.561779
21527.768506
21528.582511
21529.174019
21530.118403
21530.911856
21531.607915
21532.461579
21532.690339
21534.051648
21534.690851
21535.363717
21535.881166
21536.574384
21537.420819
21538.799085
21539.505220
21540.327951
21541.022850
21541.277900
21542.449509
21542.868647
21543.677909
21544.612238
21545.350732
21545.883139
21547.423566
21547.743281
21548.567550
21548.932062
21550.585443
21550.890605
21551.629534
21552.316877
21553.000530
21553.501371
21554.659528
21555.101722
21556.371357
21557.315935
