37628.660787
37629.482346
37630.268475
37631.074458
37631.427494
37632.298587
37632.989549
37633.773465
37634.640519
37634.947315
37635.677542
37636.572015
37637.287131
37638.299739
37639.239658
37639.928598
37640.081121
37641.210473
37641.455132
37642.156037
37643.018346
37643.919877
37644.513311
37644.979952
37646.384716
37647.157391
37647.456223
37648.141756
37648.763272
37649.935861
37650.410359
37651.345424
37651.723234
37652.359046
37652.862151
37653.909827
37654.480859
37655.671288
37656.506273
37657.075646
37657.785353
37658.174369
37659.315012
37659.640381
37660.161390
37660.960268
37662.159006
37662.544796
37663.370296
37664.125318
37664.639284
37665.706313
37666.510140
37667.190960
37667.716653
37668.570944
37669.009416
37669.950689
37670.596830
37670.862892
37671.638976
37672.869183
37673.828463
37674.443980
37675.118550
37675.876941
37676.214741
37676.870325
37677.858624
37678.633884
37679.453204
37679.764742
37680.386874
37681.437436
37682.045995
37683.040538
37683.863339
37684.097660
37685.642442
37686.007849
37686.420284
37687.006724
37687.661246
37688.591883
37689.045465
37690.153289
37690.840686
37691.726887
37692.420362
37693.095209
37693.851945
37694.351379
37695.126979
37696.037402
37696.600932
37697.197292
37698.176711
37698.604109
37699.160997
37699.802487
