9536.209876
9537.253631
9537.834915
9539.182796
9539.514744
9540.396197
9541.667102
9542.028340
9543.161504
9543.327342
9544.333386
9546.148062
9546.850958
9547.451494
9548.202699
9549.109408
9550.023825
9550.297435
9551.802310
9552.369737
9553.055529
9554.438731
9555.132351
9555.765517
9557.033450
9557.864073
9558.778597
9559.497877
9559.651002
9560.804275
9561.826855
9562.595160
9563.767484
9564.941586
9565.719270
9565.998473
9567.084762
9567.680668
9568.920136
9569.757583
9570.282928
9571.225835
9571.872993
9573.170828
9574.260212
9575.159596
9575.627693
9576.504120
9577.462720
9578.082268
9578.752937
9579.449577
9581.125284
9581.813931
9582.531012
9583.488437
9584.163335
9585.143063
9586.255233
9586.572222
9587.581534
9588.562422
9588.897946
9589.946539
9591.313819
9592.130272
9593.205180
9593.910165
9594.431429
9594.988285
9595.993695
9597.340246
9597.618342
9598.766169
9599.449375
9601.023594
9601.374051
9601.972952
9603.387320
9604.113455
9604.831331
9605.509080
9606.208589
9606.948842
9608.036444
9609.580310
9610.210766
9610.802823
9611.665887
9612.606349
9613.167963
9614.252323
9614.790927
9616.080125
9616.576304
9617.711563
9618.147803
9619.662657
9620.711570
9621.165759
