46475.517332
46475.934818
46477.187288
46477.509562
46478.180861
46478.704063
46479.399760
46480.073996
46481.225739
46481.671531
46482.252167
46482.886352
46483.391819
46484.697744
46485.346206
46486.043125
46486.763122
46487.564939
46488.172152
46488.422336
46489.415604
46490.002752
46490.730524
46491.016715
46492.315306
46493.126914
46493.829330
46494.735182
46495.124759
46495.357879
46496.528930
46497.525304
46497.851881
46498.688241
46498.995489
46499.835669
46500.755353
46501.170202
46501.821893
46503.036628
46503.807925
46504.508402
46505.145796
46505.847317
46506.026800
46507.141278
46507.368063
46508.311478
46509.214463
46509.884196
46510.458316
46511.276547
46512.085411
46512.809584
46513.580748
46514.128470
46514.800216
46515.502330
46516.566390
46516.941799
46517.514527
46517.824019
46518.770265
46519.520387
46520.868745
46521.448958
46521.954060
46522.708416
46523.200351
46524.208211
46524.576383
46525.026652
46526.282284
46526.696844
46527.408154
46528.009705
46528.952334
46529.796905
46530.111655
46530.993437
46532.214632
46532.601419
46533.370559
46533.737974
46534.385299
46535.164868
46535.628931
46536.785821
46537.056655
46537.899377
46539.264371
46539.793014
46540.156463
46541.098329
46541.449910
46542.097520
46543.253804
46543.689847
46544.430850
46545.180203
