16380.622896
16381.510053
16382.268701
16382.709555
16383.560055
16384.007916
16385.142081
16385.826226
16386.839829
16387.333993
16388.099565
16389.050980
16389.963674
16391.006453
16391.640538
16392.231610
16393.527710
16393.951532
16394.582488
16395.099842
16395.942911
16396.906538
16398.244722
16399.002365
16399.292715
16400.791356
16400.901318
16401.954340
16402.452582
16403.694813
16404.273804
16404.889286
16405.747598
16406.561071
16407.199649
16408.490335
16409.599920
16410.005885
16410.899268
16411.326965
16411.986040
16413.037171
16413.709158
16414.633093
16415.095634
16416.600723
16417.322901
16417.889488
16418.581289
16419.360752
16420.662432
16421.103680
16421.733139
16422.727758
16423.108330
16423.819347
16424.960819
16426.143560
16426.916156
16427.654070
16428.313876
16429.085930
16430.001658
16430.267128
16431.072925
16432.455098
16433.065148
16433.694540
16434.396217
16435.648046
16436.332101
16437.152395
16438.140043
16438.590355
16439.300971
16440.485090
16440.755948
16441.222797
16442.490873
16443.463303
16444.601008
16445.434754
16445.761613
16446.592089
16447.129562
16448.274183
16449.305486
16449.571625
16450.401739
16451.186094
16452.129955
16453.164713
16453.639391
16454.864933
16455.765126
16456.421452
16456.898953
16457.553829
16458.389411
16459.084222
