11900.458452
11901.568206
11902.938616
11903.778502
11904.309205
11905.158959
11905.968573
11906.264638
11907.631929
11908.498236
11909.096229
11909.996651
11910.448398
11911.984722
11912.713504
11913.545873
11914.236217
11915.345212
11916.031564
11916.637534
11916.963588
11918.156907
11919.050516
11920.359152
11921.107763
11921.698861
11922.676121
11923.545213
11923.884751
11925.434593
11925.711081
11926.506381
11927.421214
11928.369157
11928.792671
11930.054282
11931.475871
11932.017728
11932.483520
11933.375705
11933.941588
11934.844290
11936.002931
11936.287078
11937.419024
11938.596292
11939.388764
11940.014036
11940.844766
11941.707824
11942.812047
11943.300189
11944.322587
11944.786668
11945.386608
11946.312276
11947.879958
11948.580799
11949.285207
11950.254900
11950.829804
11951.811222
11952.209685
11952.960306
11954.421185
11955.023412
11955.541135
11956.555457
11957.758769
11958.257553
11959.536021
11960.162455
11960.805889
11961.613634
11962.319599
11963.251804
11963.624257
11964.944833
11965.988881
11967.175865
11967.818092
11968.040374
11968.842396
11970.198779
11970.840189
11971.635902
11972.345517
11972.919021
11974.256240
11974.750471
11976.019330
11976.821454
11977.819319
11978.509131
11978.911285
11979.940309
11980.420980
11981.319280
11982.469856
11983.459171
