32236.459868
32236.811039
32237.695211
32238.331885
32239.091366
32240.065799
32240.616044
32241.355378
32241.853722
32242.524193
32243.739677
32244.360584
32245.349062
32246.095450
32246.375927
32247.531752
32248.064596
32248.681521
32249.129200
32249.693583
32251.015922
32251.723509
32252.633249
32253.146976
32253.908122
32254.922371
32255.274743
32255.973950
32257.051700
32257.609685
32258.075334
32259.172576
32259.549576
32260.117377
32261.077004
32262.030292
32263.106624
32263.715451
32264.557079
32264.777446
32265.577300
32265.996254
32267.244944
32267.838972
32268.361296
32269.119280
32270.156459
32270.869268
32271.776965
32272.270485
32272.830372
32273.882978
32274.936445
32275.289328
32275.636479
32276.686449
32277.148083
32277.848119
32278.544163
32280.071440
32280.499499
32281.257429
32281.902568
32282.685862
32283.454246
32283.803051
32284.561609
32285.448602
32286.248285
32287.182377
32287.471463
32288.170565
32289.109936
32290.117987
32290.998055
32291.559606
32292.078766
32293.032491
32293.538113
32294.219349
32294.924568
32295.375767
32296.426224
32297.232445
32298.248515
32299.150462
32299.584083
32300.133976
32300.735217
32301.832771
32302.333726
32303.606124
32303.712874
32304.326512
32304.960146
32306.260330
32306.633312
32307.584018
32308.492660
32309.469904
