38710.351832
38710.889009
38711.974034
38712.592605
38713.403602
38713.802926
38714.838228
38715.779560
38716.500459
38717.136823
38717.660692
38718.426003
38719.277147
38720.078296
38720.682205
38721.374171
38721.894656
38722.580880
38723.021168
38724.105406
38725.273111
38725.935619
38726.612664
38726.988643
38728.100802
38728.548684
38729.262309
38729.617726
38730.421016
38731.645501
38732.272684
38732.538548
38733.520707
38734.356143
38735.031296
38735.933627
38736.616289
38737.480362
38737.826684
38738.517613
38739.556120
38739.809424
38740.283149
38741.521656
38741.945240
38743.058905
38744.257504
38744.645735
38744.971248
38745.763553
38746.359823
38747.213595
38748.332778
38748.571757
38749.287142
38749.952115
38750.622414
38751.603759
38752.448650
38752.870602
38754.001981
38754.853609
38755.293025
38755.885065
38756.577366
38757.281799
38757.680931
38758.515880
38759.462872
38760.296398
38761.085586
38761.901414
38762.174957
38763.430894
38763.864342
38764.388237
38765.363675
38765.954335
38766.691296
38767.492203
38768.054263
38768.570060
38769.000221
38770.640943
38771.407117
38771.984173
38772.430964
38773.355042
38773.920623
38774.424631
38775.182185
38775.974104
38776.770192
38777.232790
38778.272487
38778.960335
38779.835089
38780.431776
38781.111100
38781.700093
