19069.491822
19069.938532
19071.211216
19071.653568
19072.497044
19073.856045
19074.344691
19075.332311
19075.932933
19076.655479
19077.218308
19077.867071
19078.599859
19079.842202
19080.408742
19081.482324
19082.042617
19082.947772
19084.065314
19084.282953
19085.060769
19086.169182
19086.825203
19087.729536
19088.051855
19088.736467
19089.518269
19091.081406
19091.658436
19092.696569
19093.085859
19093.791213
19094.538716
19095.440757
19095.853380
19096.988802
19097.714391
19098.231222
19099.540850
19100.231327
19100.862420
19101.460742
19102.927293
19103.489419
19104.087353
19104.503242
19105.441588
19106.334959
19106.643763
19107.997832
19108.641327
19110.053923
19110.457808
19111.161826
19111.727738
19112.560832
19113.342231
19114.125800
19115.102652
19115.837881
19116.226959
19117.012351
19118.198743
19119.190329
19119.937599
19120.572042
19121.269177
19122.166165
19122.846655
19123.484944
19123.860932
19124.869033
19126.184751
19126.941836
19127.579491
19128.471152
19129.029462
19129.977502
19130.544836
19131.661353
19132.259231
19132.794916
19133.622986
19134.385048
19135.191217
19136.017902
19137.267655
19138.127128
19138.535620
19139.664385
19139.973269
19140.130990
19141.743916
19142.351160
19143.057333
19143.728614
19144.926913
19145.659634
19146.551436
19146.903228
