45062.436927
45063.141027
45064.107968
45064.758615
45064.929555
45065.454311
45066.600656
45066.962900
45068.098941
45068.516621
45069.526626
45070.063518
45070.959166
45071.475659
45072.350445
45073.100357
45073.796398
45074.316237
45075.047977
45075.761191
45076.482293
45076.897931
45077.659060
45078.115187
45080.012380
45080.173018
45080.926391
45081.470270
45082.066530
45082.786000
45083.565318
45084.309298
45084.664605
45085.774697
45086.490081
45086.656662
45087.827349
45088.737641
45089.079067
45089.945624
45091.012367
45091.386676
45092.235725
45092.913530
45093.262390
45093.996166
45094.359747
45095.524070
45096.415364
45096.939911
45097.787879
45098.762618
45099.416914
45099.708800
45100.506312
45101.106114
45101.906598
45102.797661
45103.513296
45103.907731
45104.662517
45105.017627
45106.342239
45106.800154
45108.015520
45108.674301
45109.069737
45109.836163
45110.275655
45111.170051
45111.892345
45112.213817
45113.072603
45113.793073
45114.823915
45115.835200
45116.054002
45116.808636
45117.413623
45118.331121
45119.092993
45119.889884
45120.349731
45120.783139
45121.756438
45122.335625
45123.015304
45123.451789
45124.929489
45125.440544
45126.343767
45126.893346
45127.461848
45128.357770
45128.714013
45128.968490
45130.431708
45130.955208
45131.597524
45132.351595
