20318.061775
20318.894807
20319.573178
20320.960882
20321.404692
20322.048744
20322.920650
20324.147848
20324.513523
20325.388860
20326.508138
20326.813998
20327.878514
20328.515844
20329.027130
20330.056665
20330.394034
20331.085952
20332.894139
20333.320825
20334.297762
20334.670328
20335.243474
20336.359239
20337.011918
20337.911241
20338.172207
20339.528262
20339.955000
20340.809665
20341.614277
20342.513611
20343.435686
20344.345594
20344.993929
20345.746889
20346.076744
20346.985330
20347.711227
20348.330709
20349.518529
20350.516075
20350.799065
20352.361164
20352.736967
20353.146107
20353.978744
20354.870771
20355.955384
20356.591504
20356.935780
20357.970007
20358.189479
20359.667852
20360.676616
20361.226969
20362.307602
20362.615112
20363.683761
20363.963559
20364.904788
20365.554780
20366.405548
20367.222299
20368.308133
20369.082467
20369.711080
20370.277744
20371.366572
20372.276076
20373.048168
20373.312522
20374.288999
20374.970413
20375.736479
20376.455617
20377.090004
20378.709285
20379.395339
20379.962578
20380.437640
20381.423737
20382.063154
20382.454028
20383.950737
20384.350352
20385.065264
20385.778879
20386.772602
20387.679990
20388.525623
20389.136008
20390.039015
20390.725789
20391.772729
20392.129765
20392.700233
20393.136919
20394.556303
20395.317864
