4887.198480
4888.175610
4888.908079
4890.214451
4890.627756
4891.783056
4892.934979
4893.388337
4893.963169
4895.963739
4896.957746
4897.650781
4898.457291
4899.161200
4900.429563
4900.742881
4902.307209
4902.821632
4904.228632
4905.142489
4906.098238
4906.699541
4908.330089
4908.913521
4909.624111
4910.245081
4911.291910
4912.451308
4913.660637
4914.792645
4915.700240
4916.332164
4917.230780
4917.807535
4919.487036
4919.889325
4920.840430
4921.970590
4922.718991
4924.317098
4925.077606
4925.795026
4926.727642
4927.597951
4928.526064
4928.957136
4930.240318
4932.036812
4932.600670
4933.068125
4934.352289
4935.200994
4936.133949
4937.207162
4937.770365
4938.753815
4939.641724
4940.852294
4942.135528
4942.976896
4943.977866
4944.641603
4945.186898
4946.119253
4947.500490
4948.389808
4949.085915
4950.615812
4951.502384
4951.878797
4953.200555
4954.255067
4954.976576
4955.822259
4956.466055
4957.331889
4959.028989
4960.163928
4960.758090
4961.688462
4962.261952
4963.526118
4964.307031
4964.925235
4966.633216
4966.868645
4968.394640
4968.836094
4970.479982
4971.339245
4971.824996
4972.713491
4973.711578
4974.430478
4975.310997
4976.964034
4977.755154
4978.847855
4979.580892
4980.118762
