62556.181807
62557.519125
62557.962210
62558.749989
62558.955132
62559.642527
62560.504654
62560.703560
62561.847492
62562.379051
62562.922483
62563.888807
62564.397928
62565.552560
62565.892102
62566.614507
62567.271547
62567.936581
62568.732353
62569.427354
62570.030612
62570.736859
62571.262489
62571.686711
62572.197160
62573.341969
62574.548344
62574.806263
62575.641218
62576.143932
62577.097077
62577.427554
62578.207047
62578.630741
62579.300455
62580.211560
62580.943584
62581.685308
62582.133491
62582.612035
62584.041792
62584.201567
62584.951205
62586.058671
62586.664952
62587.066813
62587.463325
62588.570433
62588.787796
62589.642527
62590.237514
62590.881275
62591.846264
62592.823082
62593.560272
62593.998441
62594.707743
62594.892966
62595.709387
62596.901266
62597.410339
62597.808127
62598.542411
62599.206298
62599.821330
62600.526400
62601.453570
62602.082047
62602.985795
62603.638398
62604.383169
62604.718083
62605.595969
62606.098838
62606.614638
62607.096017
62608.149684
62608.796327
62609.760538
62610.352469
62610.934143
62611.557236
62612.547639
62613.220437
62613.422974
62614.487204
62614.863188
62615.980739
62616.370389
62616.840865
62617.514389
62618.172164
62618.829764
62620.328022
62620.759939
62621.248951
62622.118047
62622.382723
62623.363758
62623.686417
