19382.867719
19383.868176
19384.354269
19385.212002
19385.488456
19386.237272
19387.141237
19388.178211
19388.715578
19390.051617
19390.541687
19391.616555
19392.087484
19392.635902
19393.734695
19394.395920
19395.164232
19395.995901
19396.812664
19397.178249
19397.847152
19399.282824
19400.317980
19401.004416
19401.410813
19402.265856
19402.908466
19403.865370
19404.597882
19404.710806
19406.095485
19407.142218
19407.622580
19408.731391
19409.204015
19410.100720
19410.787290
19412.003522
19412.482370
19412.985042
19413.860382
19414.576876
19415.091126
19416.212940
19417.385402
19417.849099
19419.198460
19419.619450
19420.119615
19420.877544
19421.387085
19422.619437
19423.600301
19423.864780
19424.657107
19425.599918
19426.692323
19427.233228
19428.232193
19428.906300
19429.763364
19430.626648
19430.873031
19431.859444
19432.586403
19432.915375
19434.258543
19435.455713
19436.343483
19436.561322
19437.167090
19438.411264
19439.038681
19439.542145
19440.769670
19441.022609
19442.044871
19442.811601
19443.547966
19444.151783
19445.593986
19446.426143
19446.902807
19447.604904
19448.453574
19448.958467
19449.581070
19450.503651
19451.592292
19452.044768
19453.097196
19454.150336
19454.757755
19455.370699
19456.221424
19456.724190
19458.108013
19458.624974
19459.272742
19459.665566
