9192.438691
9193.368911
9194.036497
9194.998618
9195.415993
9196.541376
9197.375793
9198.428751
9198.789347
9200.006746
9200.451077
9201.837434
9203.050941
9203.761790
9204.449930
9204.760708
9206.165350
9206.847375
9207.189750
9208.520414
9209.480933
9210.873978
9211.220220
9211.878326
9212.942543
9213.953457
9214.809815
9215.383063
9216.396499
9216.889162
9217.632413
9219.125065
9220.020083
9220.852137
9222.000798
9222.354047
9223.237859
9223.870046
9224.578163
9226.173215
9226.625762
9227.262194
9228.502157
9229.558364
9230.160704
9231.116341
9232.082594
9232.764557
9233.690366
9234.086401
9235.309074
9235.520669
9237.255825
9238.525524
9238.873162
9239.599760
9240.463318
9241.168927
9242.438747
9243.002727
9243.629625
9244.722256
9245.730317
9246.372479
9247.323682
9248.859664
9249.097134
9250.217232
9250.850268
9251.325332
9252.301982
9253.266895
9254.039963
9255.629242
9255.870307
9257.090976
9257.922851
9258.513197
9259.199490
9260.462686
9261.410917
9261.832615
9262.571905
9263.278863
9264.808555
9265.914999
9266.523355
9267.157637
9268.359885
9268.846663
9269.385312
9270.504925
9271.301028
9272.394102
9273.266843
9274.338133
9274.986375
9275.555512
9277.160514
9277.608768
