27786.085209
27786.550683
27786.986446
27787.451559
27788.658555
27789.269580
27790.040009
27790.710121
27791.404257
27792.512090
27793.116117
27793.918332
27794.709947
27795.262615
27796.312851
27797.103606
27797.590690
27798.097713
27799.005125
27799.674753
27799.885030
27801.712684
27802.299644
27802.981800
27803.529474
27804.651626
27805.073899
27805.675745
27806.422148
27807.150734
27808.193382
27808.921459
27809.254481
27810.178552
27810.863331
27812.012404
27812.864469
27813.405102
27814.291272
27814.859008
27815.379260
27816.233577
27816.787278
27817.565012
27818.458666
27819.090523
27820.394984
27821.156305
27821.654885
27822.102822
27822.862943
27823.852604
27824.778342
27825.334429
27825.874558
27826.602815
27827.107897
27828.385336
27828.840935
27829.826870
27831.061636
27831.427961
27831.960000
27832.978657
27833.340571
27834.080498
27834.635253
27835.686158
27836.669816
27837.079128
27838.137522
27838.699758
27839.615857
27840.282196
27841.285789
27841.753997
27842.300980
27843.418930
27844.051082
27844.624689
27844.943857
27845.858756
27847.116147
27848.273028
27848.757041
27849.066752
27850.281635
27850.481517
27851.395395
27852.046052
27853.204004
27853.391320
27854.429514
27855.049657
27855.893811
27857.103286
27857.252263
27858.133534
27859.373556
27859.921031
