20396.471746
20396.980495
20397.728894
20398.521264
20399.405561
20399.617088
20400.931961
20401.457087
20402.288979
20402.975418
20403.696372
20404.482210
20405.351744
20406.416714
20407.487197
20408.011558
20408.516690
20409.033429
20409.983584
20410.891945
20411.331760
20412.269127
20413.036999
20414.387358
20414.819642
20415.703314
20416.249185
20416.857953
20418.263292
20418.686396
20419.317407
20420.127071
20420.910310
20421.246632
20422.232174
20423.843403
20424.139558
20424.927311
20425.920706
20426.541544
20427.076070
20427.832777
20428.412413
20429.349438
20430.549821
20431.090349
20431.491055
20432.736468
20433.450514
20434.520163
20434.843354
20435.988941
20436.532544
20437.286709
20437.873058
20438.726429
20439.243611
20440.082824
20441.407787
20442.362309
20442.941707
20443.642496
20444.171021
20444.739635
20446.054713
20446.503087
20447.621365
20447.794663
20448.589483
20449.964169
20450.400069
20451.120508
20452.337616
20453.239212
20453.559681
20454.659617
20454.979763
20455.572633
20456.522048
20457.203562
20458.304000
20459.083851
20460.108543
20460.666930
20461.344198
20462.294633
20463.137353
20463.299960
20464.549895
20465.517324
20465.885534
20466.526250
20467.155308
20468.222580
20469.622351
20470.324568
20470.646062
20471.507773
20472.296609
20473.089124
