57827.364623
57827.850441
57828.510346
57828.916246
57829.860947
57830.344348
57831.103299
57831.641499
57832.043982
57833.711003
57834.345330
57834.834696
57835.258552
57836.217984
57836.415343
57837.291135
57838.161426
57838.739768
57839.472780
57839.871601
57840.839821
57841.380978
57842.086923
57843.075097
57843.569615
57844.555742
57845.014732
57845.736357
57846.743817
57847.097040
57847.284487
57847.983493
57849.043189
57849.490285
57850.609263
57851.330946
57851.892679
57852.526288
57853.612769
57853.987827
57854.453202
57855.066639
57856.094940
57856.704005
57857.499710
57857.916242
57858.385341
57859.329997
57859.772484
57860.901669
57861.808308
57862.557769
57862.897483
57863.712267
57864.074841
57864.845302
57865.580819
57866.055652
57867.088046
57867.273110
57868.262701
57869.290577
57869.915473
57870.549830
57871.162274
57871.435464
57872.893056
57873.350231
57873.905667
57874.505030
57875.124172
57875.848280
57876.378152
57877.023229
57877.856777
57878.951271
57879.474337
57880.474262
57880.944787
57881.342010
57882.211361
57882.690350
57883.418839
57883.803158
57885.124509
57885.746587
57886.003755
57886.711353
57887.508858
57888.579579
57889.216081
57889.652231
57890.653663
57891.055288
57891.927956
57892.382247
57893.371179
57893.534873
57894.028977
57894.872497
