62965.721318
62966.383415
62966.890689
62967.751591
62968.670985
62969.030344
62969.654952
62970.282113
62971.160111
62971.805773
62972.298054
62973.073756
62974.005178
62975.028161
62975.265868
62976.146027
62976.866610
62977.063503
62977.780045
62978.524339
62979.062853
62979.875667
62980.812117
62981.397679
62981.960884
62983.092331
62983.515706
62984.165257
62984.804945
62985.481354
62985.946783
62987.195623
62987.616053
62988.216914
62988.494441
62989.213864
62989.995180
62991.001124
62991.965176
62992.467780
62993.207004
62993.724078
62994.342031
62995.079397
62995.652994
62996.101193
62996.955915
62997.658596
62998.587673
62998.795007
62999.932179
63000.778588
63001.218740
63001.359606
63003.072640
63003.256264
63004.085848
63004.508738
63005.187694
63005.721434
63006.576927
63007.059302
63007.793734
63008.413901
63009.600410
63010.436644
63010.947938
63011.553942
63011.853923
63012.758032
63013.313860
63014.013849
63014.898110
63015.469209
63016.207312
63016.580520
63017.337342
63018.070914
63019.266594
63019.567337
63020.408729
63021.137949
63021.585655
63022.533809
63023.162228
63023.359085
63024.166616
63024.562861
63025.535531
63026.568471
63027.407956
63027.676686
63028.504427
63029.271417
63029.945115
63030.456156
63030.947669
63032.135671
63032.642795
63032.881565
