22865.261567
22865.978950
22866.607458
22867.469439
22868.213418
22868.477071
22869.295218
22870.549256
22871.668672
22872.064021
22872.869387
22873.889481
22874.215291
22875.061482
22875.712144
22876.092832
22877.325595
22878.381378
22878.828405
22879.437064
22880.731382
22881.206077
22881.942693
22883.075388
22883.415461
22884.388123
22884.998543
22885.619954
22886.308688
22887.228779
22887.623987
22889.174464
22890.042144
22890.623019
22891.263189
22891.910828
22892.316694
22893.491676
22894.337562
22894.964317
22895.508886
22896.255412
22897.505221
22898.029726
22898.690668
22899.848382
22900.471913
22901.478314
22901.849964
22902.667303
22903.324115
22903.635838
22904.928004
22905.378761
22906.810718
22907.514854
22907.967801
22908.843686
22909.807535
22910.302834
22910.820582
22911.788121
22912.865690
22913.271685
22914.020772
22914.619319
22915.304970
22916.700768
22917.717839
22918.009639
22918.886732
22919.491131
22920.292359
22920.989975
22921.434706
22922.394224
22923.394399
22923.818275
22925.217897
22925.771909
22926.462800
22927.140941
22927.721615
22929.124793
22929.698185
22930.041616
22930.785665
22931.598235
22932.218872
22933.155420
22934.144255
22934.916758
22936.083573
22936.635065
22937.087842
22937.678361
22938.606083
22939.173327
22940.177049
22940.936275
