57276.190420
57276.312890
57277.162496
57278.100336
57278.596858
57279.817859
57280.074733
57281.164737
57281.688347
57281.965408
57283.216134
57283.606811
57284.442517
57285.198574
57285.798751
57286.104602
57286.679653
57287.758427
57288.408785
57288.838698
57290.140028
57290.798856
57291.488550
57292.175052
57292.558278
57293.101247
57293.703570
57294.581370
57295.450312
57296.086663
57296.604514
57297.119387
57298.211380
57298.860493
57299.570492
57300.188840
57301.042032
57301.837090
57302.147383
57303.040811
57303.610807
57304.286346
57304.718455
57305.311451
57306.011377
57307.487772
57308.073802
57308.454626
57309.388315
57309.631734
57310.648975
57311.160615
57311.881824
57312.678476
57312.925305
57314.086105
57314.615568
57315.356189
57315.547453
57316.725849
57317.569462
57318.234186
57319.033992
57319.849130
57320.198739
57320.643717
57321.403645
57322.162531
57322.590139
57323.502263
57324.376996
57324.784374
57325.801823
57326.618092
57327.307125
57327.835650
57328.228307
57328.838672
57330.318124
57330.575380
57331.018158
57331.845367
57332.338345
57332.903438
57333.716332
57334.795667
57335.466097
57336.273312
57336.930879
57337.465077
57338.136738
57338.690565
57339.467188
57339.826355
57340.651995
57341.545316
57342.056655
57343.021830
57343.719490
57344.233381
