28831.431972
28832.047534
28832.662446
28833.229887
28833.597547
28835.072452
28835.666223
28836.716074
28837.295747
28838.050478
28838.836385
28839.301997
28840.149667
28840.632646
28841.176325
28842.477876
28842.934080
28843.962154
28845.024932
28845.299182
28845.927737
28846.868421
28847.845655
28848.589474
28848.845337
28849.704153
28850.587645
28851.168895
28851.745445
28852.556078
28853.544984
28854.849348
28855.457374
28855.811518
28856.300024
28857.379460
28857.785421
28858.631180
28859.440573
28860.327933
28860.815649
28861.590362
28862.593036
28863.348647
28864.110370
28864.734066
28865.485118
28866.632696
28866.880893
28867.726254
28868.429838
28868.625626
28869.511215
28870.906567
28871.556302
28872.504453
28872.856342
28873.887814
28874.551800
28875.121133
28875.516626
28876.803520
28877.431895
28877.888270
28879.036240
28879.308738
28880.224076
28881.080612
28882.189843
28882.759425
28883.740869
28884.184417
28884.633826
28885.384953
28886.218361
28887.196372
28887.350344
28888.310480
28889.656061
28890.320352
28891.026514
28891.385042
28892.318969
28892.853023
28894.115641
28894.579752
28895.256593
28895.736330
28896.639453
28897.294186
28897.944996
28899.328920
28899.929522
28900.788440
28901.183168
28902.285667
28902.746151
28903.189497
28903.962140
28904.645750
