19148.056260
19148.711972
19149.698327
19150.318097
19150.725084
19151.587486
19152.282664
19153.000891
19154.752841
19155.216203
19155.678308
19156.523874
19157.476844
19158.036011
19158.655169
19159.492531
19160.292819
19161.339413
19161.968246
19162.449545
19163.621498
19164.290725
19165.605281
19166.003171
19166.772379
19167.448066
19168.244270
19168.794795
19169.546325
19170.342155
19171.369697
19172.248146
19173.290213
19174.117698
19174.520393
19174.963955
19176.005838
19177.035545
19177.847794
19178.254518
19179.178619
19179.428291
19180.772346
19181.808274
19182.258746
19183.456045
19184.284250
19184.740405
19185.300081
19186.351318
19186.669577
19187.468094
19188.706558
19189.324819
19190.396159
19190.955361
19191.849773
19192.462939
19193.533190
19194.220488
19194.807293
19195.551048
19196.496488
19197.192150
19197.674258
19198.224096
19199.979095
19200.719062
19201.396672
19202.043469
19202.480000
19203.699317
19203.917019
19204.940046
19205.942980
19206.412837
19207.207123
19208.381484
19208.883091
19209.966818
19210.532880
19211.293510
19212.569326
19213.122721
19213.339556
19214.311663
19214.688206
19215.986362
19216.651091
19217.887300
19218.475238
19219.358668
19220.148934
19220.677983
19221.309843
19222.040021
19223.485549
19223.654645
19224.369493
19225.371558
