54373.591286
54374.387787
54375.005597
54375.736567
54376.170668
54376.780721
54377.265807
54378.246370
54379.464116
54380.202359
54380.458094
54381.155590
54381.965433
54382.716653
54383.310807
54383.694405
54384.871666
54385.341320
54385.906700
54386.569644
54387.320189
54388.055492
54388.552167
54389.820573
54390.407560
54391.145383
54391.762337
54392.538700
54392.820409
54393.223292
54394.272340
54394.973248
54395.713269
54396.464509
54396.756529
54398.346023
54398.608466
54399.228779
54399.902405
54400.518624
54401.280301
54402.319896
54402.736570
54403.414890
54403.687884
54404.711434
54405.058395
54405.889731
54407.080255
54407.869946
54408.382267
54409.133140
54409.540937
54410.357678
54410.937878
54411.781563
54412.038406
54412.769791
54414.033031
54414.396030
54415.057174
54415.834754
54416.499726
54417.236119
54418.169085
54418.869518
54419.457437
54419.914048
54420.634595
54421.395639
54422.006083
54422.647793
54422.849803
54424.253665
54424.998795
54425.724523
54426.711661
54426.949705
54427.729658
54428.011226
54428.893236
54429.757322
54430.556706
54431.081973
54431.614604
54432.414372
54432.676148
54434.210909
54434.583375
54435.184500
54436.103235
54436.953732
54437.496298
54438.128607
54438.657365
54439.052194
54439.939043
54440.480282
54441.564606
54442.035482
