53540.966579
53541.516749
53542.445770
53543.103832
53544.029593
53544.616342
53545.301247
53546.176039
53546.952804
53547.521655
53547.887701
53549.173598
53549.616319
53549.970596
53551.116868
53551.397808
53552.440793
53552.669489
53553.145667
53554.224389
53555.713341
53555.864157
53556.769475
53557.138961
53557.766215
53558.395577
53559.378404
53559.843587
53560.401628
53561.122817
53562.097946
53562.770393
53563.113956
53564.314362
53564.958943
53565.209184
53566.433687
53567.113268
53567.675399
53568.311346
53568.963204
53569.346173
53570.058484
53570.783920
53571.614961
53572.670994
53573.113378
53573.949248
53574.918919
53575.306637
53575.830535
53576.439878
53576.991381
53578.196373
53578.715024
53579.502635
53579.710242
53580.530568
53581.280401
53582.168801
53583.035572
53583.746424
53584.438863
53585.076401
53585.551491
53586.412448
53586.855329
53587.533154
53588.105412
53589.052264
53589.384976
53590.836294
53591.520731
53591.883312
53592.435013
53593.156196
53594.144877
53594.695968
53595.350559
53596.218283
53596.545825
53597.106033
53598.329465
53598.449814
53599.173523
53600.166483
53601.355287
53601.783462
53602.505158
53602.962726
53603.721359
53604.329770
53604.793998
53605.377950
53606.704928
53607.074040
53607.633818
53608.390538
53609.385635
53609.900205
