42648.814538
42649.462445
42649.773888
42651.269931
42651.727511
42652.039635
42652.801622
42653.526895
42654.381084
42655.107239
42655.905743
42656.491379
42656.630279
42657.673217
42658.381292
42659.655116
42660.136303
42661.048113
42661.652829
42662.176797
42662.680957
42663.606362
42664.242611
42664.735841
42665.498958
42666.314077
42667.286598
42668.002502
42668.655800
42669.304333
42669.749077
42671.013408
42671.635598
42672.151230
42672.835910
42673.403518
42674.087689
42674.913056
42675.473568
42675.972662
42677.414150
42678.103081
42678.923827
42679.134995
42680.203966
42680.707637
42680.994714
42681.891085
42682.906126
42683.677788
42684.078239
42684.676929
42685.586261
42686.320072
42687.384061
42687.934503
42688.470382
42689.292698
42690.143380
42690.815491
42691.352515
42691.743368
42692.286726
42693.419327
42694.002039
42695.196943
42695.974446
42696.352903
42697.046889
42697.928579
42698.413743
42699.023286
42700.031438
42700.724167
42701.063977
42701.909646
42702.767123
42703.225269
42704.088777
42704.745072
42705.967163
42706.763240
42707.264071
42707.542928
42708.367106
42708.961919
42709.895996
42710.262630
42711.265680
42711.776783
42712.699331
42713.899833
42714.066784
42714.947209
42715.677403
42715.993546
42717.220595
42717.884986
42718.248835
42719.281953
