23476.508117
23478.306469
23478.983782
23479.763176
23480.148674
23481.072845
23481.553211
23482.315092
23483.258410
23484.184508
23484.678981
23485.276083
23486.152705
23487.083812
23488.052566
23488.761549
23489.319209
23490.454217
23491.058432
23491.702085
23492.277387
23492.854846
23493.432222
23494.985456
23495.350155
23496.397581
23497.266404
23497.849445
23498.580605
23499.214759
23500.204920
23500.610996
23501.874835
23502.125349
23503.040367
23503.626530
23504.440722
23505.294507
23506.492797
23507.450254
23507.884079
23508.528860
23508.779795
23510.182199
23510.649183
23511.099859
23512.405464
23512.684221
23513.975530
23514.973975
23515.313775
23515.911513
23516.916805
23517.809369
23518.642099
23519.015162
23520.040672
23520.368919
23521.172009
23521.806510
23523.109083
23524.065104
23524.621537
23525.393328
23526.282672
23526.897861
23527.309669
23528.040751
23528.903679
23530.129447
23530.497819
23531.215286
23531.925216
23532.988740
23533.883554
23534.596657
23535.187696
23536.238463
23536.699642
23537.468184
23538.025086
23538.768020
23539.595673
23540.122617
23541.862318
23542.201090
23543.033492
23543.614848
23544.367940
23544.787021
23546.109391
23546.844842
23547.224062
23547.803175
23549.019089
23549.464176
23550.545928
23551.003880
23552.487331
23552.898512
