31573.861781
31574.139948
31574.665652
31576.165431
31576.558578
31577.297292
31577.771396
31578.562444
31579.065113
31580.161022
31580.507715
31581.501319
31582.699984
31583.477987
31584.020051
31584.498375
31585.296218
31585.874285
31586.612933
31587.424319
31588.326297
31589.041734
31589.505728
31590.134966
31591.495124
31591.866764
31592.861125
31593.681410
31594.139657
31594.810334
31595.914762
31596.441857
31596.662648
31597.278157
31598.382832
31599.543905
31600.256090
31600.900660
31601.700270
31602.209180
31602.976827
31603.766841
31604.386079
31605.245263
31605.900535
31606.645646
31607.132003
31608.025488
31608.802712
31609.613670
31610.555163
31611.498815
31612.285031
31612.408663
31613.160507
31613.776857
31614.676031
31615.407213
31616.285745
31616.656625
31617.836722
31618.841382
31619.246109
31619.999692
31620.611922
31621.312905
31622.431776
31623.094587
31623.498566
31624.122395
31625.188223
31625.324956
31626.224462
31627.800929
31628.420894
31628.721044
31629.659886
31630.361622
31631.096630
31631.570521
31632.296013
31632.906459
31634.082638
31634.575069
31635.531319
31636.140976
31636.630341
31637.911702
31638.709522
31638.934004
31640.213086
31640.559476
31641.145034
31642.079661
31642.460074
31643.378530
31643.881733
31645.204861
31645.938453
31646.898590
