66366.121400
66366.661123
66367.776951
66368.101194
66368.620905
66369.402783
66369.718841
66370.346702
66371.564487
66372.444229
66373.053087
66373.724542
66374.339884
66374.687647
66375.777215
66376.102520
66376.678224
66377.755367
66378.253732
66378.877963
66379.259137
66380.379476
66381.028868
66381.493807
66382.234092
66383.357327
66384.209301
66384.271120
66385.290879
66385.555125
66386.136286
66386.892429
66387.759867
66388.157051
66389.186971
66389.499557
66390.857589
66391.535473
66391.764757
66392.419537
66393.237009
66393.854613
66394.441473
66395.398943
66396.011111
66396.485629
66397.069809
66397.742489
66398.179029
66399.290463
66400.317630
66401.012290
66401.316174
66402.069702
66402.749302
66403.462466
66404.091093
66404.459916
66404.998642
66405.958448
66406.770489
66407.672541
66407.962445
66408.689328
66409.759342
66410.039697
66410.836593
66411.684755
66412.302669
66412.939297
66413.485320
66414.052326
66414.773119
66415.527095
66415.759330
66416.812457
66417.721948
66418.551268
66419.263119
66419.857622
66420.511109
66420.791496
66421.218441
66422.413123
66423.240477
66423.619436
66424.105935
66425.209901
66425.318545
66426.484476
66427.238503
66427.928187
66428.240724
66429.432379
66430.085009
66430.542426
66431.063052
66431.920561
66432.235336
66432.874664
