37267.499395
37268.122208
37269.198304
37269.538644
37269.777646
37270.526672
37271.611510
37272.435620
37272.962633
37273.710725
37274.636046
37275.547140
37276.076538
37276.744635
37277.359792
37278.120220
37279.177650
37279.642198
37280.450879
37280.587749
37281.567048
37282.261036
37282.972708
37284.521880
37284.945383
37285.476113
37286.073044
37287.044808
37287.300617
37288.438384
37288.708528
37289.685791
37290.161086
37291.479870
37291.687793
37292.675301
37293.466182
37293.773859
37295.207053
37295.865030
37296.119015
37297.097909
37297.486211
37298.334192
37299.038924
37299.433478
37300.349003
37301.550388
37302.068824
37303.158556
37303.583104
37304.307207
37304.875663
37305.299572
37306.425005
37307.079757
37307.975102
37308.509081
37309.007699
37309.467020
37310.942419
37311.647914
37312.113538
37313.010586
37313.973653
37314.300680
37315.128176
37315.618985
37316.338682
37316.775140
37317.748162
37318.785279
37319.407268
37320.306879
37320.959172
37321.717104
37321.987915
37323.228091
37323.686505
37324.712078
37324.982700
37325.600815
37326.901893
37327.003983
37327.704339
37328.573570
37329.795962
37330.699224
37331.244859
37331.667084
37332.241153
37333.044399
37333.781813
37334.317807
37335.386093
37335.803636
37336.551127
37337.603746
37338.316102
37338.829113
