39429.833902
39430.316917
39431.461062
39431.784813
39432.906691
39433.341198
39434.257321
39435.275569
39435.960880
39436.023393
39436.886565
39437.459700
39438.275969
39439.034096
39439.836859
39440.448855
39441.743853
39442.337557
39442.911279
39443.408565
39444.121906
39444.806702
39445.613958
39446.608476
39447.096215
39447.551774
39448.275039
39449.087246
39449.806853
39450.825371
39451.814502
39452.305522
39452.858149
39453.449540
39454.533539
39454.903941
39455.525967
39455.908159
39457.011258
39457.950412
39458.662848
39459.552392
39460.064257
39460.507520
39461.709388
39462.200948
39462.987878
39463.577371
39464.290628
39465.149801
39465.582016
39466.067088
39467.129721
39467.670761
39468.954083
39469.664515
39470.256570
39471.074025
39471.473952
39472.031141
39472.620132
39473.699182
39474.356275
39475.177923
39475.592581
39476.274743
39477.507552
39478.151025
39478.848816
39479.098179
39480.451579
39480.958456
39481.811102
39482.287675
39482.612858
39483.657921
39484.069405
39484.834491
39486.096460
39487.055944
39487.311176
39488.094061
39488.977373
39489.411371
39489.979444
39491.044667
39491.699287
39491.870648
39493.350612
39493.690812
39494.282670
39494.993851
39495.864333
39497.085184
39497.580868
39498.309622
39498.776932
39499.596090
39500.024433
39500.915167
