62420.099245
62420.482017
62421.737538
62422.071306
62422.542277
62423.082167
62423.709483
62424.544266
62425.266260
62426.152982
62426.634878
62427.006665
62427.706047
62428.823247
62429.465419
62430.201765
62430.536105
62431.795309
62432.328452
62432.852908
62433.536288
62433.943527
62434.748669
62435.406726
62435.602796
62436.990115
62437.671770
62438.353717
62439.210086
62439.638813
62440.326870
62440.886593
62441.968076
62442.188431
62442.951414
62443.576127
62444.610447
62445.022191
62445.508608
62446.147380
62446.833221
62448.236885
62448.667293
62449.579218
62449.853341
62450.533949
62451.135287
62451.914578
62452.474969
62452.938201
62453.952964
62454.457346
62455.263516
62456.173429
62456.700873
62457.652241
62458.120654
62458.461811
62459.439849
62460.307677
62461.035686
62461.480690
62462.059616
62462.353540
62463.281848
62464.083168
62464.773970
62465.686699
62466.674238
62466.885509
62467.805976
62468.559184
62469.052617
62469.186134
62470.092790
62471.121930
62471.690833
62472.300016
62472.890099
62473.906301
62474.217673
62475.078246
62475.974976
62476.634959
62477.404702
62477.996718
62478.319982
62479.306167
62479.905723
62480.331786
62481.051609
62481.702806
62482.194569
62483.955457
62484.205594
62484.794011
62485.188380
62486.272127
62486.457143
62487.501409
