70893.252072
70893.810211
70894.341025
70895.805642
70896.254357
70896.966034
70897.825746
70898.362203
70898.738327
70899.009499
70900.199129
70900.784028
70901.575225
70902.065683
70902.967572
70903.003564
70904.286091
70905.164027
70905.423286
70906.333578
70906.764729
70907.931218
70908.506953
70909.009264
70909.356215
70910.022527
70910.896418
70911.193852
70912.071518
70913.026196
70913.838713
70914.606677
70914.928656
70915.802936
70916.348696
70916.934686
70917.668263
70918.326601
70918.809715
70919.880089
70920.245190
70920.989111
70921.510731
70922.099947
70922.905750
70924.180625
70924.721779
70925.274716
70925.655893
70926.348765
70927.284374
70927.655199
70928.171912
70928.902567
70929.605303
70930.433097
70931.043209
70932.189779
70932.629438
70933.074652
70933.880793
70934.480771
70935.082559
70936.040300
70936.687417
70937.229956
70937.772110
70938.239272
70938.784408
70939.917635
70940.574383
70941.157668
70942.262283
70942.839943
70943.298695
70944.287459
70944.433150
70945.176514
70945.522839
70946.508144
70947.576935
70947.811677
70948.397011
70949.439387
70949.812258
70950.940492
70951.269255
70952.004332
70953.010253
70953.450668
70953.950911
70954.723866
70955.288806
70956.199486
70956.361834
70957.016903
70957.692188
70959.025708
70959.819600
70960.427139
