67518.085779
67518.383871
67518.738950
67520.043331
67520.378934
67521.090729
67521.822153
67522.404787
67523.556626
67524.109574
67524.772702
67525.367925
67525.655757
67526.773433
67527.638337
67528.301697
67528.435176
67529.233191
67529.877233
67530.389989
67531.306952
67531.841822
67533.039062
67533.791273
67534.131250
67535.083427
67535.328553
67536.229339
67536.851466
67537.146084
67537.950280
67538.858375
67539.625487
67540.156716
67540.713844
67541.458788
67542.239885
67542.943678
67543.991037
67544.336104
67545.011050
67545.481887
67546.385748
67547.063471
67547.503685
67548.019271
67548.475134
67549.837844
67550.198753
67551.645509
67551.804363
67552.419050
67553.015555
67553.719211
67554.314843
67555.028467
67555.849862
67556.660689
67556.892779
67557.543194
67558.243993
67559.121749
67560.015251
67560.409659
67561.162874
67562.255981
67562.922179
67563.173939
67563.842562
67564.468030
67564.966997
67565.601588
67566.598641
67567.254824
67567.794108
67568.773676
67569.447858
67570.195237
67570.597962
67571.377200
67572.035129
67572.589775
67573.624677
67573.994939
67574.504318
67575.621828
67575.902960
67576.199806
67577.079335
67578.543507
67579.119591
67579.619580
67580.231016
67580.746419
67581.491317
67582.251979
67582.619977
67583.421107
67584.013623
67584.660424
