26961.312120
26961.681291
26962.445023
26963.109992
26963.663826
26964.078041
26965.184120
26965.952138
26966.831480
26967.315688
26968.762762
26969.276170
26969.857361
26970.341265
26971.392611
26971.961532
26973.053810
26973.491982
26974.308453
26974.839483
26975.388653
26976.418354
26977.468555
26978.556455
26979.022632
26979.595467
26980.209432
26981.220198
26981.916605
26982.144361
26983.051754
26983.965043
26984.968445
26985.662935
26986.362048
26987.002204
26987.929160
26988.679945
26989.562110
26990.106920
26991.040727
26991.227168
26992.332273
26992.942517
26993.325628
26994.566588
26995.649736
26996.230913
26997.282538
26997.667839
26998.324802
26998.931808
26999.443071
27000.946937
27001.452984
27001.699072
27002.769841
27003.402849
27004.439701
27005.503988
27005.690447
27006.630126
27007.760502
27008.304709
27008.714235
27009.434436
27010.158096
27010.812174
27011.561057
27012.810818
27013.680694
27014.338964
27014.778265
27015.695180
27016.436418
27017.016043
27018.042206
27018.442817
27019.294947
27020.091697
27020.933715
27021.258804
27022.081968
27023.524592
27024.199412
27024.953329
27025.400098
27025.950324
27026.941899
27027.527984
27028.029556
27029.065432
27029.789421
27030.585541
27031.571647
27032.368582
27033.077761
27033.408559
27034.449612
27035.189790
