73782.448988
73783.316155
73783.799828
73784.563745
73785.551832
73785.972455
73786.340528
73787.434017
73788.037724
73788.758992
73789.579803
73790.191297
73790.924149
73791.538622
73791.829561
73792.397111
73793.358650
73793.859601
73794.535121
73795.186558
73796.458336
73796.669805
73797.837261
73798.261111
73798.819788
73799.091502
73799.856091
73801.001682
73801.633634
73802.102554
73802.466430
73803.345275
73803.878222
73804.640316
73805.466267
73806.385421
73806.870222
73807.778801
73808.214380
73808.912558
73809.434393
73810.153850
73810.608344
73811.177103
73811.943683
73812.790178
73813.620274
73814.387251
73814.877186
73815.442512
73816.173418
73817.060821
73817.625739
73818.195905
73818.880137
73819.411641
73820.400656
73820.693845
73821.452204
73821.786152
73822.621596
73823.724647
73824.568184
73825.246179
73825.770745
73826.155243
73826.801333
73827.769327
73827.974467
73828.598154
73829.852402
73830.186469
73830.878415
73831.148772
73832.619666
73832.989001
73833.638298
73834.379357
73834.758464
73836.018760
73836.477168
73836.954082
73837.703368
73838.153224
73838.549817
73839.313425
73840.366389
73840.929995
73841.766145
73842.642831
73843.179163
73843.803770
73844.281535
73844.979437
73845.719088
73846.101157
73847.076812
73847.709768
73848.277899
73848.975315
