62692.649999
62693.658054
62694.646666
62694.956282
62695.469634
62696.495097
62696.777643
62697.425164
62697.932813
62698.802019
62699.657218
62700.076781
62701.266814
62701.935349
62702.577983
62703.092025
62703.901372
62704.361970
62704.638538
62706.101881
62706.567853
62707.280741
62707.511512
62708.247548
62708.875826
62710.050925
62710.606001
62711.328710
62712.361548
62712.620479
62713.360076
62714.199619
62714.502980
62715.184412
62715.706671
62716.543413
62717.299639
62717.998419
62719.104182
62719.413772
62720.147205
62720.930931
62721.269641
62722.416196
62723.012371
62723.601055
62724.009779
62724.783680
62725.617888
62726.348035
62726.453520
62727.204329
62728.514872
62729.302568
62730.016404
62730.561453
62731.015506
62731.604567
62732.275138
62732.986713
62733.773239
62734.223388
62735.193499
62735.742468
62736.334732
62737.070281
62738.247576
62738.490668
62739.309436
62739.757230
62740.892350
62741.465791
62742.029222
62742.498479
62743.151167
62743.669628
62744.258281
62745.384050
62746.331855
62746.894264
62747.307444
62748.562554
62748.973417
62749.104528
62750.289866
62750.537287
62751.440638
62752.402781
62752.700985
62753.470967
62754.032890
62754.951842
62755.308599
62756.383549
62757.279694
62757.976723
62758.402370
62759.101324
62759.551696
62760.176698
