53610.890807
53611.419243
53611.728713
53612.901931
53613.537207
53614.166258
53614.755733
53615.250129
53615.697721
53616.516656
53617.613524
53618.654561
53618.912270
53619.983172
53620.404916
53620.939639
53621.699639
53622.357622
53622.979086
53623.808719
53624.382527
53625.061681
53625.947402
53626.351165
53627.339591
53627.837191
53628.684447
53629.672078
53630.450884
53630.961953
53631.149096
53631.824927
53632.911249
53633.478075
53633.763843
53634.696850
53635.594784
53636.502773
53637.223739
53638.055139
53638.177232
53639.185212
53639.389087
53640.741720
53641.108438
53641.775363
53642.723336
53643.027293
53643.584051
53644.265357
53645.401820
53646.309613
53646.928340
53647.397983
53648.219643
53649.013608
53649.605832
53649.881491
53650.742573
53651.110787
53652.185603
53653.149076
53653.580049
53654.313649
53655.105708
53655.844571
53656.421577
53657.229975
53657.804715
53658.714101
53659.106926
53659.979398
53660.435763
53660.930302
53662.000288
53662.296851
53663.152555
53664.671045
53664.962662
53665.625282
53666.126600
53666.938077
53667.177424
53668.063409
53669.059237
53669.651179
53670.040051
53670.848378
53671.509808
53672.719633
53673.192419
53673.406031
53674.724551
53675.314147
53675.995843
53676.628516
53677.372790
53677.875777
53678.236400
53679.057644
