681.894991
682.602735
684.013549
684.972629
686.163223
687.961543
689.368941
690.474735
692.451684
693.176970
694.533908
695.726335
696.626069
699.132095
700.296739
701.301742
702.227343
704.033839
705.125813
706.184654
708.269070
709.229588
711.130274
711.900289
712.749383
714.082771
716.112396
717.482569
718.742786
719.697100
721.351162
722.277504
723.845821
724.562613
727.056403
728.405481
728.758749
730.416482
731.417354
732.818052
734.789643
735.765459
737.052928
738.580421
739.909523
740.573807
741.757335
743.895013
745.344989
746.499305
747.674563
748.242754
750.655950
750.966381
752.887621
754.322370
755.839308
756.768248
758.101729
758.900238
760.282366
762.700033
763.593066
764.307522
766.087540
767.218472
768.281461
769.693407
771.070839
772.961617
774.117744
775.047847
775.999711
777.299748
779.157076
780.348925
782.137664
782.597943
784.288822
785.739089
786.461147
787.468463
790.059092
790.831620
792.427707
792.888652
794.483791
795.606596
797.263470
798.707570
799.654336
801.604246
802.541984
803.243096
804.762239
805.861635
808.151814
809.197783
810.081804
811.184358
