29426.833560
29427.357941
29428.088429
29428.981523
29429.599395
29430.100094
29430.602779
29431.970902
29432.537318
29433.662908
29434.062691
29434.724322
29435.740727
29436.244655
29437.253779
29437.892058
29438.612937
29439.009645
29439.970534
29440.690118
29440.939378
29442.395367
29443.115139
29443.958155
29444.854726
29445.544202
29445.859474
29446.331510
29447.295320
29448.194348
29449.089185
29449.527626
29450.273077
29450.952865
29452.223890
29452.734845
29453.444033
29454.076064
29455.320648
29455.683501
29456.425899
29456.861642
29457.821108
29458.312160
29458.838445
29460.277749
29461.236637
29461.711347
29462.468449
29462.967788
29463.907089
29464.476819
29465.344611
29466.000430
29466.522592
29467.679749
29468.191643
29468.753048
29469.630874
29470.416299
29471.928923
29472.094593
29472.720328
29473.581263
29474.165526
29474.792530
29475.482772
29476.218455
29477.143030
29477.780893
29478.887238
29479.578240
29480.445240
29480.872319
29481.535628
29482.338217
29483.185421
29484.199301
29484.683720
29485.170744
29485.505564
29486.697530
29487.689949
29488.363304
29489.552774
29489.882872
29490.632348
29491.561439
29492.165420
29492.286712
29493.315404
29494.282460
29494.960404
29495.762112
29496.442978
29497.495699
29497.926831
29498.630147
29499.905592
29500.321989
