12067.854959
12068.128960
12069.017143
12069.940133
12070.391933
12071.171150
12072.102551
12072.725907
12073.883966
12075.149613
12075.688758
12076.799243
12077.053698
12078.040067
12078.580257
12080.131340
12080.771125
12080.927685
12081.834601
12082.989380
12083.948707
12085.019044
12085.622760
12086.638595
12087.411539
12088.051524
12088.497593
12089.467688
12090.265199
12091.447630
12092.206736
12093.273209
12093.992172
12094.498510
12095.674444
12096.629735
12097.047691
12097.965439
12098.728193
12099.739570
12100.085494
12100.910728
12102.619228
12103.340974
12104.152640
12104.692499
12105.137100
12106.413045
12107.003469
12107.747009
12108.861902
12109.511690
12110.346772
12111.592976
12112.197332
12112.858928
12113.989590
12114.985936
12115.353628
12116.365375
12116.806139
12117.363293
12118.682965
12120.047256
12120.361924
12121.489906
12122.519808
12122.780995
12123.631655
12124.372050
12125.535226
12126.223208
12127.060197
12127.618988
12128.594008
12129.644368
12130.631341
12131.638009
12132.277350
12132.684361
12133.750735
12134.336780
12135.243467
12135.958485
12136.744566
12138.479797
12139.060280
12139.234781
12140.514256
12140.974958
12142.330950
12142.905664
12143.622230
12144.334712
12145.099253
12146.032079
12146.828413
12148.250272
12148.945253
12149.607463
