72910.657134
72911.074466
72911.865725
72912.498601
72912.780365
72913.653433
72914.428361
72914.991508
72916.164890
72916.406902
72917.109696
72917.801802
72918.825652
72919.116052
72920.027716
72920.792848
72921.017145
72921.906807
72922.466543
72923.453455
72923.556323
72924.167725
72924.810258
72926.240419
72927.010355
72927.392319
72927.926815
72928.747478
72929.382038
72929.632959
72930.429340
72931.465565
72931.843052
72932.657975
72932.956729
72934.088178
72934.352536
72935.428797
72936.202455
72936.591339
72937.216954
72938.507551
72938.832051
72939.305665
72939.973498
72940.536400
72940.802730
72942.053088
72942.481717
72943.319308
72944.192398
72944.878895
72945.508025
72946.339862
72946.630106
72947.325376
72947.934664
72948.742657
72949.552998
72949.937538
72950.901311
72951.122064
72951.911936
72952.525944
72953.298307
72954.482060
72955.065172
72955.825679
72956.047331
72956.567203
72957.566690
72958.184901
72958.665082
72959.137211
72959.874242
72960.899747
72961.354361
72962.614376
72962.844502
72963.474102
72964.081965
72964.839370
72965.798720
72966.234634
72966.772443
72967.721167
72968.163964
72968.515822
72969.313365
72969.966269
72970.883872
72971.630179
72972.480279
72973.054872
72973.906828
72974.412464
72974.746689
72975.487364
72976.035687
72976.634825
