6547.849360
6549.129863
6549.691789
6550.283449
6551.606750
6552.137913
6552.822686
6554.188696
6555.776866
6556.290164
6556.932787
6557.550866
6558.710265
6559.459473
6560.485236
6561.246375
6562.260958
6563.369421
6564.166004
6565.225896
6565.916463
6567.222123
6567.810942
6568.585110
6569.319354
6569.866289
6571.349397
6572.768540
6573.166263
6574.230084
6575.279364
6575.921041
6576.290007
6577.842444
6578.668340
6579.281726
6580.253132
6581.106726
6582.366235
6583.647989
6584.025065
6585.152149
6585.766065
6586.365117
6587.679935
6588.133534
6589.210210
6590.863205
6591.491048
6592.144011
6592.845950
6594.035062
6595.182141
6595.672779
6596.500204
6597.265170
6598.340695
6599.176046
6600.753780
6601.347457
6602.390527
6602.977753
6603.897138
6604.427167
6605.399554
6606.694580
6607.765474
6607.967781
6609.741917
6610.094415
6611.386797
6612.007975
6612.907977
6614.103829
6614.525354
6615.245604
6616.001321
6617.823120
6618.582598
6619.598203
6620.243653
6620.801846
6621.897593
6622.896150
6623.574968
6624.663719
6625.250125
6626.636287
6627.460241
6628.061836
6629.891281
6630.110418
6631.038268
6631.547698
6632.548656
6633.484002
6634.352598
6635.696775
6636.654287
6637.625363
