15659.719019
15660.029114
15661.174958
15661.588179
15662.181608
15663.151858
15664.346636
15665.213528
15665.891922
15666.918913
15667.604998
15668.321817
15668.790295
15669.301863
15670.582703
15671.567980
15671.985298
15673.207844
15673.819135
15674.841201
15675.467874
15676.282663
15677.177598
15677.921332
15678.749097
15679.127574
15680.238215
15680.708741
15681.467406
15683.284708
15683.998685
15684.133156
15685.212149
15685.619149
15686.862049
15687.204406
15688.424927
15688.837914
15689.692176
15690.892521
15691.558468
15692.076610
15693.431557
15693.992616
15694.990455
15695.650423
15696.262567
15696.897433
15697.635306
15698.372905
15699.630580
15700.491119
15701.298605
15702.159834
15702.992489
15703.476234
15704.228223
15704.924502
15706.201924
15706.964892
15707.251985
15708.029843
15708.932453
15710.304180
15710.912952
15711.835420
15712.596880
15713.278774
15713.789029
15714.776906
15715.473313
15715.900141
15717.268760
15717.989257
15719.158865
15719.962915
15720.122888
15721.061578
15722.345999
15723.036914
15723.620765
15724.046630
15725.367781
15725.702827
15726.553346
15727.602282
15728.815794
15729.559070
15730.379140
15730.829703
15731.412253
15732.424141
15732.982478
15734.068453
15734.846880
15735.710315
15736.190315
15737.531990
15738.185800
15738.990407
