50057.152418
50058.005803
50058.805550
50058.918644
50059.760802
50060.537067
50061.730668
50061.975186
50062.542641
50063.094977
50063.843739
50064.884166
50065.729887
50066.508092
50067.112322
50067.538804
50068.517395
50069.203514
50069.665845
50069.992417
50070.827261
50071.774941
50072.427677
50073.242903
50074.287263
50074.585958
50075.409085
50075.936246
50076.685700
50077.609100
50078.368565
50078.651096
50079.523368
50079.902635
50080.943775
50081.380642
50082.038594
50082.937719
50084.038348
50084.844907
50085.317964
50085.960773
50086.260232
50086.956880
50087.997330
50088.426641
50089.201365
50090.073848
50090.493018
50091.347265
50092.173718
50092.953256
50093.525921
50094.324666
50094.831234
50095.951593
50096.365730
50096.842618
50097.816237
50098.323070
50098.507977
50099.341540
50100.954254
50101.374246
50101.904371
50102.755696
50103.417372
50104.129773
50104.531998
50105.482505
50105.761939
50106.828645
50107.526159
50108.146912
50108.771391
50109.335935
50110.243482
50111.091619
50111.879295
50112.602741
50113.347161
50113.902182
50114.546505
50114.677114
50116.025962
50116.287480
50117.018650
50118.019585
50118.418049
50119.893648
50120.350295
50120.735774
50121.477808
50121.976453
50122.852083
50123.810064
50124.430865
50124.911592
50125.434554
50126.091493
