11651.227695
11651.690982
11652.228958
11653.241665
11654.245560
11654.458657
11655.518481
11656.473575
11657.802188
11658.559716
11659.377848
11659.558641
11660.970664
11661.574271
11662.544469
11663.425334
11664.028440
11664.451367
11665.569948
11666.787667
11667.617768
11668.584206
11669.308510
11670.203840
11670.782802
11671.403447
11671.972039
11673.437067
11674.205731
11674.781366
11675.841950
11676.845416
11677.658955
11678.172573
11679.520371
11679.929037
11680.789951
11681.779895
11682.033890
11683.169190
11683.686585
11685.629437
11686.019419
11686.953094
11687.411677
11688.189086
11689.039533
11690.232461
11690.678055
11691.294051
11692.675352
11693.206526
11694.168446
11695.039927
11695.987688
11697.089958
11697.609447
11698.354463
11698.989884
11699.732825
11700.579653
11701.469286
11702.816210
11703.568795
11704.134629
11705.635162
11705.709223
11706.318656
11707.532915
11708.503316
11709.250942
11709.984181
11710.311681
11711.500963
11712.950710
11713.521557
11714.496703
11715.016895
11716.098480
11716.494536
11717.357640
11718.043543
11719.144647
11719.915111
11721.157413
11722.037079
11722.411548
11723.204227
11724.459415
11725.299616
11725.878841
11726.514054
11727.375668
11728.176517
11729.027480
11729.906452
11731.265491
11732.319823
11732.593160
11733.211445
