71835.378519
71835.911632
71836.594425
71837.156536
71838.387499
71838.981504
71839.468576
71840.378443
71841.280345
71841.557077
71842.315609
71842.433044
71843.490753
71843.868445
71844.860133
71845.498808
71846.255186
71846.835115
71847.823792
71848.073153
71849.142473
71849.540997
71850.303926
71851.189332
71851.598925
71852.217903
71852.793164
71853.741901
71854.136203
71854.710581
71855.045609
71856.604116
71857.279158
71858.237607
71858.372974
71858.700313
71859.706417
71860.345867
71861.011134
71861.431206
71862.482495
71862.926112
71863.485407
71864.375838
71865.026887
71865.762001
71866.414679
71867.070859
71868.032774
71868.425246
71869.343350
71869.816916
71870.530199
71870.793274
71871.439447
71872.070388
71873.356716
71873.590984
71874.552043
71875.356080
71875.966659
71876.696895
71877.147677
71877.805536
71878.408182
71878.874319
71880.141075
71880.774710
71880.881693
71881.595952
71882.341491
71883.051294
71883.904787
71884.706146
71885.544257
71886.328095
71886.425314
71887.146841
71888.073789
71888.384497
71889.116517
71889.783890
71890.345473
71891.055545
71892.149410
71892.801124
71893.555392
71893.956887
71894.427434
71895.266203
71896.253123
71896.843238
71897.279226
71897.860253
71898.654135
71899.128989
71899.939124
71900.403783
71901.096497
71902.378317
