44920.609807
44921.612988
44921.855634
44922.579126
44923.229270
44924.281074
44925.272542
44925.910413
44926.448473
44927.393083
44927.929814
44928.622924
44929.094559
44929.547134
44930.862436
44931.416174
44932.184866
44932.486484
44933.174936
44934.325422
44934.880436
44935.947840
44936.464149
44937.281855
44937.689809
44938.564610
44939.044265
44939.817789
44940.207579
44941.085183
44941.884450
44942.617812
44943.954363
44944.397159
44944.727666
44945.395070
44946.111462
44947.215700
44947.735528
44948.290661
44949.136875
44949.564669
44950.179659
44951.279193
44951.679017
44952.492501
44953.635097
44954.433369
44954.904722
44955.442020
44956.267624
44956.625167
44957.441280
44957.979470
44958.893343
44959.787587
44960.493335
44960.810862
44962.120981
44962.527992
44963.308421
44964.118185
44964.594025
44965.294625
44966.322706
44966.815843
44967.370618
44967.999782
44968.431942
44969.237036
44970.775633
44971.313923
44971.750080
44972.570501
44973.341530
44973.809127
44974.358319
44975.187717
44976.022927
44976.497648
44977.303943
44978.116791
44978.626726
44979.713807
44980.110892
44980.940737
44981.727645
44982.770123
44983.226373
44983.841994
44984.287615
44984.726254
44985.992278
44986.495739
44986.805132
44988.109286
44988.883762
44989.812593
44990.208092
44991.029851
