16619.821431
16620.770022
16621.291188
16622.067177
16622.511014
16623.831231
16624.247552
16625.171642
16626.632720
16627.160498
16627.759485
16628.743736
16629.243729
16629.794017
16630.597561
16631.672983
16632.496011
16633.253709
16634.124151
16634.942816
16635.887825
16636.581846
16637.312298
16637.971072
16639.157619
16639.735551
16640.234605
16641.052549
16641.429003
16643.059741
16644.070092
16644.609903
16645.512770
16645.918855
16646.969999
16647.429052
16648.286517
16649.425143
16649.664950
16650.904060
16651.430802
16652.651661
16653.197688
16653.873706
16655.278350
16656.022421
16656.398815
16656.794904
16657.997581
16658.541354
16659.330701
16660.294471
16661.282595
16662.366532
16663.112900
16663.596976
16664.198601
16665.075979
16666.027010
16666.886468
16667.433972
16668.384441
16668.967284
16669.448823
16671.257131
16671.546741
16672.731392
16673.183710
16673.941466
16674.890380
16675.550632
16675.910930
16676.709001
16677.959199
16678.966731
16679.576178
16680.417333
16681.087121
16682.147106
16682.596588
16683.665835
16684.407085
16684.985850
16685.784354
16686.412254
16687.330938
16688.061834
16689.419844
16690.226454
16690.996531
16691.549501
16692.176470
16692.771265
16693.661974
16694.959216
16695.385852
16695.782025
16697.134430
16698.240400
16698.487718
