48305.055972
48306.015331
48306.557427
48307.015941
48308.185704
48308.743835
48309.124218
48309.874127
48310.734506
48311.305270
48312.343691
48312.674264
48313.209501
48313.839343
48314.627475
48315.794132
48316.615800
48317.331037
48317.729007
48318.426512
48319.176759
48319.674982
48320.267899
48321.084059
48321.926999
48322.458259
48323.040483
48324.303378
48324.959520
48325.450531
48325.863140
48326.923049
48327.637246
48328.662702
48328.879138
48329.526510
48330.164933
48330.692274
48331.648694
48332.325879
48332.892178
48334.302386
48334.744425
48335.466886
48336.021541
48336.602619
48337.372399
48337.895188
48338.449676
48339.719700
48340.095665
48340.799068
48341.338453
48342.219239
48342.888875
48343.875909
48344.744033
48345.166392
48345.664173
48346.690471
48347.171361
48347.937477
48348.372637
48349.009188
48349.446132
48350.980471
48351.510902
48352.331888
48352.978766
48353.538523
48354.116842
48354.983876
48355.480827
48356.470549
48357.072545
48357.509397
48358.438626
48358.787631
48359.783634
48360.373648
48361.388146
48361.974095
48362.917380
48363.860085
48364.145257
48364.486403
48365.100378
48366.041197
48366.826740
48367.290080
48368.334374
48368.808124
48369.652763
48370.798372
48371.099225
48371.706377
48372.373996
48373.201744
48374.116740
48374.629336
