26735.378437
26736.159427
26736.644810
26737.265726
26738.479058
26739.074729
26739.721716
26740.424497
26741.204086
26742.013360
26743.377282
26743.825952
26744.259600
26745.108702
26745.924350
26746.576116
26747.120325
26747.664039
26748.822065
26749.405867
26750.889683
26751.162787
26752.015770
26752.677041
26753.160907
26754.052664
26755.035999
26755.788867
26756.333093
26756.827528
26757.523475
26758.585200
26759.395253
26760.241869
26760.978377
26762.096130
26762.648424
26762.978810
26763.892395
26764.284525
26765.133110
26766.209607
26766.750892
26767.686047
26768.427079
26769.295978
26769.930580
26770.900060
26771.205703
26772.485590
26773.029007
26773.314741
26774.613611
26775.075678
26775.702765
26775.947025
26777.683524
26778.796968
26778.980084
26779.757314
26780.454540
26781.048791
26781.987570
26782.559959
26783.327553
26784.034337
26784.890452
26785.814288
26786.211864
26787.317331
26788.087705
26788.628131
26789.731817
26790.501340
26791.093679
26791.385531
26792.411848
26792.752508
26793.773895
26794.726921
26795.537462
26796.340598
26797.361378
26797.806149
26798.610189
26799.007160
26799.670494
26800.993511
26801.544501
26802.163608
26802.766746
26803.387513
26804.501444
26805.208126
26806.328470
26807.056256
26807.580784
26808.192919
26809.138400
26809.601090
