59408.046490
59408.338867
59409.180441
59409.761431
59410.976766
59411.660513
59412.514372
59412.968703
59413.606822
59414.048001
59414.848876
59415.397014
59416.368668
59416.622651
59417.444436
59418.165045
59419.293378
59419.825581
59420.350437
59420.973558
59421.855106
59422.341746
59423.628621
59423.920879
59424.340085
59424.882233
59425.856647
59426.511235
59426.814076
59427.644791
59428.933318
59429.452997
59430.228761
59430.793654
59431.500393
59432.089831
59432.672941
59432.960477
59434.119615
59434.925001
59435.403404
59436.071922
59436.832834
59437.110150
59438.434660
59439.234718
59439.542867
59440.419872
59440.967095
59441.872953
59442.442456
59442.893141
59443.489076
59444.178428
59444.596137
59445.905276
59446.481803
59447.463122
59448.190115
59448.347546
59449.205616
59449.883746
59450.487316
59451.374822
59451.982589
59452.581217
59453.152779
59453.840416
59454.569330
59455.406846
59455.874909
59456.702266
59457.918302
59458.588053
59458.801981
59459.379688
59460.137578
59460.675794
59461.407990
59462.049374
59462.918046
59463.469474
59464.250915
59465.102572
59466.089390
59466.373822
59466.793405
59467.891056
59468.547382
59468.934149
59469.967431
59470.617752
59471.074370
59471.581834
59472.075056
59472.951959
59474.148158
59475.017081
59475.353914
59476.086235
