70354.629799
70355.178028
70355.811058
70356.445008
70356.759820
70357.893932
70358.672577
70359.264738
70359.688997
70360.408523
70361.542800
70362.056282
70362.529066
70363.529636
70363.891668
70364.606114
70365.554953
70365.975495
70366.679641
70366.947917
70367.501209
70368.482883
70369.515681
70370.138176
70371.158688
70371.428342
70372.064163
70372.631263
70373.438378
70373.867765
70374.882387
70375.248271
70375.964850
70376.819337
70377.178084
70378.004712
70378.950680
70379.447533
70379.824131
70381.254569
70381.857657
70382.297634
70382.614715
70383.450223
70384.059806
70384.544598
70385.494716
70385.983359
70386.599851
70387.817406
70388.270881
70389.179633
70389.746281
70390.077629
70391.016051
70391.316019
70392.380410
70392.987454
70393.607151
70394.297339
70394.818956
70395.345335
70395.845907
70397.103735
70397.968330
70398.596093
70399.073737
70399.570052
70400.649261
70401.085744
70401.648468
70401.921497
70402.911124
70403.477119
70404.372229
70405.203147
70405.812771
70406.322946
70407.125014
70407.918742
70408.443604
70409.041515
70410.076447
70410.492007
70411.115291
70411.679519
70412.144003
70413.204139
70413.589865
70414.090045
70415.318700
70416.173603
70416.800853
70417.426888
70417.944456
70418.393229
70418.946488
70419.724752
70420.724129
70421.239269
