41650.321996
41650.582201
41651.446994
41652.305547
41653.547063
41654.049864
41654.696513
41655.411809
41656.118862
41656.638233
41657.501560
41657.767874
41658.544705
41659.742751
41660.177438
41661.136727
41661.596349
41662.266063
41663.349126
41664.062195
41664.618116
41665.387337
41665.992961
41666.819872
41667.367923
41667.845319
41668.790537
41669.115950
41670.083903
41671.543849
41671.903524
41672.455712
41673.400603
41673.919378
41674.217808
41675.083974
41676.224986
41676.855323
41677.156007
41677.912708
41678.623220
41679.724960
41680.331478
41680.846623
41681.980218
41682.486896
41683.551633
41683.924544
41684.429698
41685.152036
41685.520298
41686.708417
41687.153456
41688.071612
41689.253579
41689.508522
41690.472625
41690.972835
41691.895395
41692.180144
41693.404243
41693.598493
41694.492370
41695.586168
41695.782627
41696.340011
41697.081474
41698.023870
41699.315808
41699.927402
41700.346324
41700.982696
41701.596979
41702.567268
41702.939997
41703.758716
41704.123573
41705.278782
41706.006118
41706.651097
41707.543234
41708.457999
41708.685145
41709.347549
41710.571648
41711.075392
41711.913185
41712.219062
41713.089185
41713.505802
41714.180168
41715.182422
41716.183159
41716.586605
41717.781299
41718.420594
41718.986985
41719.480879
41720.033475
41720.734559
