40864.169552
40864.902402
40865.623982
40866.282107
40866.837320
40867.677624
40868.018919
40868.891326
40869.569618
40870.496834
40870.855589
40871.896932
40872.551614
40873.193412
40873.796809
40874.904686
40875.799070
40876.387202
40876.710239
40877.627030
40878.169216
40878.734682
40879.874356
40880.028104
40880.685938
40882.123047
40882.932871
40883.533636
40883.929848
40884.780543
40885.416248
40885.963839
40886.907491
40887.721159
40888.437171
40888.772267
40889.330401
40890.381882
40891.010730
40892.075426
40892.953779
40893.262953
40894.102248
40895.286502
40895.382537
40895.835732
40896.743955
40897.088309
40898.528563
40898.858918
40899.909080
40900.342011
40901.369903
40902.192835
40902.366645
40903.412026
40904.192553
40904.682062
40905.560814
40906.215343
40906.629473
40907.514002
40908.046823
40908.714766
40910.077191
40910.850440
40911.495551
40912.128580
40912.438054
40913.053505
40914.128174
40914.887858
40915.157858
40916.086823
40916.905045
40917.463168
40918.581407
40919.072361
40919.842587
40920.315340
40921.559214
40922.223962
40922.608888
40923.252718
40924.109548
40924.583089
40925.076952
40925.921232
40927.131329
40927.861770
40928.444152
40929.220866
40930.088748
40930.558066
40931.025619
40931.892109
40932.404092
40933.579725
40934.104638
40934.861358
