1981.748768
1982.663279
1983.923804
1985.416540
1986.757107
1987.873473
1988.251876
1989.702002
1990.478352
1992.001706
1992.784987
1993.577493
1995.168739
1996.796176
1997.390914
1998.279006
1999.545764
2000.434515
2000.929620
2002.896408
2004.139669
2005.077848
2005.900934
2007.125180
2008.418240
2009.176634
2010.153324
2011.020705
2012.538935
2013.872097
2015.186728
2016.029638
2016.800075
2017.386767
2019.264600
2019.884367
2021.196042
2022.545617
2023.572911
2024.488262
2025.878906
2026.738258
2027.573317
2028.582459
2029.385479
2031.750550
2032.420780
2033.017892
2034.554828
2035.077440
2036.527526
2037.217111
2038.841738
2039.443218
2040.839119
2042.344586
2043.217116
2044.121593
2045.037320
2045.802760
2047.098336
2048.454094
2049.847525
2050.906055
2051.718388
2052.407790
2054.059916
2055.180267
2055.572602
2056.620866
2058.450651
2059.448021
2060.868247
2061.367059
2062.572650
2063.283559
2064.304867
2065.832672
2066.985229
2068.345638
2068.669941
2070.504717
2071.377083
2071.990454
2073.397603
2074.171064
2075.028065
2077.117570
2078.155484
2078.939288
2079.567628
2080.910343
2081.799686
2083.300276
2083.779992
2085.389813
2086.580318
2087.473340
2088.712281
2090.036206
