42149.324629
42150.235947
42151.674176
42152.281052
42152.670201
42153.475441
42154.156334
42154.658293
42155.287784
42156.332331
42157.011544
42157.377491
42158.375958
42158.878120
42159.534628
42160.653523
42161.355835
42161.825533
42162.751628
42163.821407
42164.174962
42164.844964
42165.078079
42165.939437
42166.704588
42167.483473
42168.305109
42169.158534
42169.783880
42170.733725
42171.477941
42171.764021
42172.542144
42173.191345
42174.262854
42174.758747
42175.361366
42176.087205
42176.872904
42177.159888
42178.047765
42179.415320
42180.021839
42180.873395
42181.066667
42181.799724
42182.592122
42183.361779
42183.822250
42184.529905
42185.139655
42186.272387
42186.804625
42187.986154
42188.309230
42188.727013
42189.870890
42190.584018
42191.332381
42191.789205
42192.904631
42193.015794
42193.697037
42194.559179
42195.113617
42196.097652
42197.101172
42197.669455
42198.720619
42199.114112
42199.631898
42200.440743
42201.032158
42201.330612
42203.033627
42203.193541
42203.883503
42204.241657
42205.420865
42206.460943
42206.684637
42207.694210
42208.506505
42208.941490
42209.927877
42210.415671
42210.987591
42211.572727
42212.325897
42212.837384
42214.026331
42214.904841
42215.783292
42216.213100
42216.770777
42217.368075
42218.364654
42218.968331
42219.794842
42220.156398
