10980.236506
10980.729510
10982.358943
10982.796343
10983.423077
10984.054162
10984.915329
10985.821956
10987.304181
10988.178214
10988.578194
10989.707597
10990.270802
10990.932964
10991.868291
10992.779772
10993.443479
10994.539329
10995.345669
10996.243316
10996.786954
10998.275984
10999.032082
10999.580865
11000.303852
11001.088842
11001.964372
11002.730514
11003.283543
11004.780230
11005.899115
11006.462089
11007.162978
11007.923559
11008.592215
11009.809645
11010.351968
11011.638163
11011.916802
11012.395335
11014.068129
11014.758507
11015.773042
11016.529405
11017.400615
11018.229036
11018.831810
11019.345591
11020.136405
11021.511488
11022.444203
11022.961423
11024.341696
11024.809837
11025.494472
11026.639542
11027.432155
11028.024600
11029.052135
11029.637801
11030.441643
11031.168729
11032.408026
11033.808768
11034.400583
11034.795445
11035.680581
11036.268434
11037.526304
11038.051273
11038.918492
11039.759274
11040.945569
11041.730798
11042.421130
11043.299792
11044.326498
11045.220076
11045.852534
11046.633528
11047.126333
11048.059385
11048.809344
11050.416299
11051.098780
11051.716247
11052.754187
11053.558388
11054.250163
11054.474973
11056.135372
11056.751523
11057.402882
11058.355126
11058.915523
11060.389820
11061.265430
11061.837618
11062.897534
11063.418389
