43430.828061
43432.319053
43432.997319
43433.215135
43434.015306
43434.713132
43434.986264
43436.160437
43436.544965
43437.517903
43438.242156
43439.332185
43440.038825
43440.570821
43441.202240
43441.455244
43442.589963
43443.378072
43443.760094
43444.880592
43445.433430
43445.724607
43446.472618
43447.640447
43448.215522
43449.430427
43449.761256
43450.405748
43451.126528
43451.803254
43452.668145
43452.982978
43453.498996
43454.276238
43455.490523
43456.231465
43456.913370
43457.420690
43458.350623
43458.839458
43459.670462
43460.397572
43461.069438
43461.771795
43462.391021
43463.008721
43463.740424
43464.256810
43465.163410
43466.043571
43467.251925
43467.445549
43468.453315
43468.960465
43469.513548
43469.821363
43470.793380
43471.924706
43472.273243
43472.946331
43473.560749
43474.744051
43475.371492
43475.960988
43476.786126
43477.257853
43478.204909
43479.216420
43479.570514
43479.877828
43480.802990
43481.438298
43481.952821
43482.874793
43484.131428
43484.833278
43485.341947
43485.760270
43486.714804
43487.546241
43487.788025
43488.569817
43489.463577
43490.032473
43490.898574
43491.559734
43492.258883
43492.644386
43493.788188
43494.863177
43495.253293
43496.039799
43496.606846
43497.123146
43498.003314
43498.584851
43499.074498
43499.806685
43500.882160
43501.458030
