3534.062588
3535.772576
3536.633250
3537.708013
3538.500568
3539.089936
3540.456758
3541.357522
3542.340883
3543.322306
3543.816796
3545.699212
3546.864134
3547.314781
3548.351252
3549.458356
3550.065059
3550.853298
3552.080209
3553.840680
3554.165034
3555.534145
3556.065234
3557.427102
3558.349345
3559.265664
3560.019248
3560.776183
3562.162435
3563.215121
3564.760770
3565.396422
3566.284910
3566.916683
3567.733251
3569.343132
3570.008671
3570.822916
3572.513965
3573.079804
3574.100016
3575.493155
3575.955379
3577.205283
3577.981184
3578.410382
3579.750102
3581.585338
3582.394916
3582.923042
3583.945574
3585.206278
3585.684448
3586.840745
3587.968813
3588.859444
3589.745006
3590.983471
3592.405889
3593.028558
3594.227274
3594.469272
3595.779063
3596.421772
3597.802641
3598.948560
3600.166323
3601.104013
3601.791282
3602.418894
3604.248053
3604.754984
3605.494474
3606.359317
3607.574809
3609.283333
3609.700266
3611.101631
3611.910994
3612.324192
3613.549021
3614.327814
3615.606268
3616.840689
3617.802842
3618.452558
3619.885723
3620.705570
3621.886132
3622.179274
3623.558468
3624.437503
3624.881726
3627.060315
3627.949114
3628.610375
3629.407217
3630.363425
3631.308684
3632.478178
