53263.600576
53263.810488
53265.036646
53265.874498
53266.152616
53266.895043
53267.566415
53268.241635
53268.932465
53269.674226
53270.456711
53270.938692
53271.822313
53272.108339
53272.580441
53274.026770
53274.842198
53275.493329
53276.113492
53276.521101
53277.257573
53278.175529
53278.732471
53278.912602
53279.879174
53280.646454
53281.448064
53282.381863
53282.855561
53283.566495
53284.281764
53285.102994
53285.476258
53286.607882
53287.140829
53287.910096
53288.105613
53288.840062
53289.689529
53290.340872
53290.880525
53292.138887
53292.688219
53293.597550
53294.212214
53294.847205
53295.282616
53295.695235
53296.487277
53297.755659
53298.141873
53298.612759
53299.304525
53300.223000
53300.841858
53301.805522
53302.302826
53303.156246
53303.849408
53304.432879
53305.359362
53305.671747
53306.276899
53307.044868
53307.662435
53308.034278
53309.324802
53310.514198
53310.822715
53311.148322
53312.250996
53312.548381
53313.521783
53314.216925
53314.667363
53315.337567
53316.295795
53316.888169
53317.327902
53318.197482
53318.728551
53319.704119
53320.752933
53321.351524
53321.813338
53322.749101
53322.847108
53323.862511
53324.278619
53324.948207
53325.854043
53326.586367
53327.344776
53327.801353
53329.251372
53329.511513
53330.052726
53330.544875
53331.497824
53332.363120
