30613.650715
30613.893534
30614.749749
30615.821175
30616.516281
30616.904024
30617.539363
30618.455105
30618.786799
30619.702918
30620.926782
30621.652798
30622.358287
30623.058916
30624.017793
30624.520224
30624.821510
30625.476839
30626.854321
30627.303588
30628.199450
30628.571995
30629.413155
30630.373479
30631.283641
30631.902048
30632.661231
30633.553308
30634.067515
30634.677245
30635.561906
30635.963452
30636.709879
30637.428721
30638.421309
30639.680072
30640.278603
30640.745265
30641.270577
30642.040305
30643.119986
30643.622087
30644.408732
30645.044647
30645.644456
30646.664509
30647.025312
30648.239233
30648.547424
30650.011836
30650.701977
30651.070351
30651.835980
30652.448684
30653.228066
30653.647164
30654.474148
30655.572237
30656.340295
30656.716841
30657.980650
30658.699919
30659.089541
30660.024483
30660.659601
30661.280597
30662.395218
30663.147263
30663.315724
30664.096056
30664.580027
30665.802828
30667.059991
30667.406714
30668.297411
30668.881796
30669.681957
30670.144057
30670.921375
30671.595354
30672.388212
30673.156770
30673.977174
30674.621019
30675.696800
30676.211004
30676.726104
30677.934920
30678.691993
30679.357332
30679.944715
30680.360470
30681.087154
30682.297104
30682.553613
30683.110366
30684.755474
30685.229793
30686.138971
30686.799151
