42078.452336
42079.245726
42080.100571
42080.533354
42081.364322
42082.103566
42083.064293
42083.552836
42083.928809
42084.702793
42085.578615
42086.211430
42086.522987
42087.908596
42088.624508
42089.503414
42090.364679
42090.635057
42091.071714
42091.657851
42092.947457
42093.271301
42094.243309
42094.784785
42095.263441
42096.432121
42096.937876
42097.926478
42098.425492
42099.251499
42100.046196
42100.819316
42101.315961
42101.914001
42102.662070
42103.221071
42103.638044
42104.694679
42106.001150
42106.485662
42107.024680
42107.820993
42108.402695
42109.483610
42109.637092
42110.411411
42111.202398
42112.092268
42112.734009
42113.313274
42113.776704
42114.792099
42115.445148
42116.769865
42117.220573
42117.737497
42118.597045
42119.032327
42119.810087
42120.356318
42120.911201
42122.106546
42122.510294
42123.147468
42124.583625
42124.950169
42125.695158
42126.217460
42126.722909
42127.784198
42128.752305
42129.033327
42129.995073
42130.225251
42130.787668
42131.866053
42132.686793
42133.270409
42134.552264
42135.027374
42135.649068
42136.285709
42137.066260
42137.517702
42138.061049
42139.021531
42139.668605
42140.620572
42141.191727
42141.917447
42142.608180
42143.436010
42144.180866
42145.092750
42145.578270
42146.302632
42146.739109
42147.791950
42148.419724
42148.738480
