44708.902414
44709.254134
44709.662530
44710.424221
44711.090317
44711.711612
44712.398920
44713.397307
44714.011974
44714.484690
44715.173193
44716.025989
44716.895452
44717.481076
44718.531871
44719.058447
44719.588313
44720.538040
44721.288852
44721.750821
44722.170758
44722.653003
44723.723219
44724.583645
44725.667411
44725.971303
44726.897356
44727.539821
44728.119414
44729.069140
44729.360466
44730.131514
44731.071907
44731.900910
44732.115468
44732.822243
44733.807781
44734.206454
44735.233241
44736.340721
44736.852456
44737.774873
44737.911913
44738.734609
44739.154986
44740.156195
44740.970957
44741.165596
44742.361829
44742.746922
44744.083051
44744.602102
44745.275173
44745.665355
44746.398675
44747.598621
44748.206281
44748.531735
44749.456342
44749.842152
44750.585123
44751.336867
44751.819048
44753.472854
44753.726753
44754.359040
44755.413650
44755.830992
44756.422266
44757.050760
44757.892790
44758.172553
44759.301913
44760.232525
44760.657746
44761.222108
44761.926590
44763.239066
44763.501998
44764.551636
44764.907830
44765.980371
44766.243058
44767.077873
44767.813505
44768.231441
44768.836096
44769.672643
44770.823744
44771.656171
44772.306656
44772.837634
44773.657224
44773.935877
44774.657246
44775.808456
44776.388113
44776.916072
44777.655800
44778.008001
