7620.983924
7621.693574
7622.017492
7623.423298
7624.987382
7625.594493
7626.265292
7627.127213
7627.690979
7628.742026
7629.642702
7630.569927
7631.506758
7632.009099
7633.651861
7634.312300
7634.771788
7636.387151
7636.822989
7637.940366
7638.237099
7639.039294
7639.934790
7641.505667
7642.166837
7643.295177
7644.035703
7644.927813
7645.331599
7646.560905
7647.399804
7648.197821
7649.210368
7649.787924
7650.778131
7651.918000
7653.356680
7653.702814
7654.580638
7655.121494
7656.261966
7656.956407
7657.717933
7658.652286
7660.264422
7660.874842
7661.578687
7662.331833
7663.456194
7664.203009
7665.444059
7665.801809
7666.502822
7667.549329
7668.365665
7669.936029
7670.581042
7671.447129
7672.450691
7673.103534
7673.740632
7674.241511
7676.061473
7676.404517
7677.306367
7678.489609
7679.283816
7680.369729
7681.049611
7681.945482
7683.018167
7683.593964
7684.205667
7685.305556
7685.782993
7687.513293
7688.591692
7689.156619
7689.858001
7690.429650
7691.802176
7692.342743
7693.479401
7693.897005
7695.112272
7696.136385
7696.779476
7697.898469
7699.071025
7700.036047
7700.216724
7701.157954
7702.194731
7702.589229
7703.831003
7705.213166
7705.703216
7706.962196
7707.736760
7708.220972
