47321.031093
47321.621400
47322.193384
47322.969800
47323.402136
47324.314058
47324.869072
47325.268582
47326.301086
47327.200226
47328.416298
47328.680195
47329.178370
47330.225304
47330.439293
47331.215821
47331.842635
47333.092220
47333.493829
47333.892912
47334.886352
47335.076427
47336.461635
47337.156719
47337.780484
47338.353194
47339.444749
47339.952771
47340.629856
47341.009668
47341.901762
47342.121662
47343.012671
47344.197698
47344.696663
47345.525867
47346.383268
47346.922547
47347.568578
47348.206410
47348.898271
47349.940982
47350.269681
47350.883653
47351.716337
47352.539763
47353.093054
47353.256817
47354.664416
47355.494096
47356.457510
47357.007978
47357.388778
47357.872977
47358.680527
47359.539136
47360.158396
47360.619681
47361.486717
47362.302839
47363.088286
47363.835526
47364.608161
47365.117796
47365.765839
47366.654040
47367.419668
47368.096149
47368.714968
47369.187066
47369.917037
47370.316778
47371.224745
47372.279872
47373.338286
47373.546310
47374.345879
47375.407718
47375.683284
47376.300245
47377.022410
47377.349786
47378.763705
47379.257083
47379.745299
47380.486514
47381.137144
47382.224021
47382.621407
47383.731720
47384.395596
47384.846862
47385.586324
47386.364872
47386.963959
47387.166388
47388.425640
47388.770988
47389.382085
47390.780514
