68329.360568
68330.385729
68331.093519
68331.804610
68332.241175
68333.295836
68333.537505
68334.415140
68335.328551
68335.502040
68336.306954
68336.715081
68337.544515
68338.059409
68339.166825
68340.106026
68340.875883
68341.326605
68341.608838
68342.236205
68343.296736
68343.770145
68344.307205
68345.247210
68345.815957
68346.172806
68347.161537
68348.080208
68348.455670
68349.044937
68349.984097
68350.931702
68351.469920
68352.075818
68352.501678
68353.186120
68353.916232
68354.293503
68355.078878
68355.783453
68356.822905
68357.380664
68358.142317
68359.085698
68359.224954
68360.267969
68360.566052
68361.238301
68361.968993
68362.926025
68363.570134
68364.009021
68364.437168
68365.307665
68365.662035
68367.330472
68367.612892
68368.152717
68369.051270
68369.590124
68370.401887
68370.628018
68371.479496
68371.975723
68372.668958
68373.364674
68374.243696
68375.033710
68375.652001
68376.470528
68376.882660
68377.731094
68378.042092
68379.248903
68379.920243
68380.352182
68380.760836
68381.373905
68382.496924
68382.722269
68383.489214
68384.119521
68385.429325
68385.961245
68386.672384
68387.271780
68387.832207
68388.137661
68388.876481
68389.818963
68390.401785
68391.070265
68391.790342
68392.303690
68393.173610
68393.737603
68394.737363
68395.238394
68395.911664
68396.813093
