31647.422969
31647.786925
31648.810659
31648.954690
31650.370936
31651.002429
31651.649131
31652.097882
31652.755786
31653.936264
31654.712368
31655.233505
31656.240506
31657.054812
31657.832250
31658.265269
31658.937493
31659.548412
31660.378013
31660.679394
31662.223214
31662.472428
31663.780441
31664.218455
31665.018970
31665.565894
31666.464662
31667.256872
31667.889083
31668.283144
31669.643082
31669.945643
31670.636486
31671.051461
31672.105402
31673.289834
31674.346605
31674.567596
31675.261226
31675.820556
31676.864792
31677.183025
31678.054900
31678.677288
31679.599778
31680.443213
31680.925550
31682.185519
31682.703202
31683.273137
31683.926796
31685.095628
31685.682218
31686.554816
31686.755673
31687.650542
31687.945184
31689.158072
31689.834456
31690.911530
31691.618336
31692.389288
31693.127356
31693.863639
31694.227269
31694.651648
31696.049160
31696.485588
31697.370224
31697.883265
31698.808515
31699.294152
31700.383856
31701.094707
31702.142318
31702.634223
31703.168105
31704.082201
31704.620491
31705.248511
31706.182098
31706.502743
31707.214182
31708.935004
31709.449363
31709.817087
31710.591122
31711.342988
31712.057188
31712.807486
31713.641479
31714.322039
31714.832993
31715.570682
31716.597496
31716.765736
31718.005432
31718.914126
31719.639443
31720.475762
