27110.845716
27111.567611
27112.100633
27113.426170
27114.105060
27114.951012
27115.570951
27116.405570
27116.907039
27118.064106
27118.228478
27119.106845
27119.261849
27120.898082
27121.456415
27122.513581
27123.307417
27123.767702
27124.322703
27125.290045
27125.995170
27126.833717
27127.545561
27128.071893
27128.746729
27129.829643
27130.121276
27131.385661
27131.864153
27133.425256
27133.700143
27134.248132
27135.050113
27135.362847
27136.409548
27137.117971
27137.933636
27138.573096
27139.516160
27140.414123
27141.263310
27141.665670
27142.641327
27143.137134
27144.145751
27144.909087
27145.519161
27146.164405
27146.800825
27147.402349
27148.085311
27149.900036
27150.252368
27150.715399
27151.558678
27152.514244
27153.042314
27153.539984
27154.280877
27155.192105
27155.953495
27156.800505
27157.543785
27158.049216
27159.136103
27159.795356
27160.771038
27161.412430
27162.137682
27162.956587
27163.318413
27163.869998
27165.073190
27165.467035
27166.243856
27167.530619
27168.359105
27168.976889
27169.834740
27170.093557
27170.618359
27171.946254
27172.582598
27173.443578
27173.762719
27174.494278
27175.339084
27176.481763
27176.876406
27178.027870
27178.858623
27179.342989
27180.161842
27180.765257
27181.437080
27182.120652
27182.520593
27183.736105
27184.636097
27185.611216
