45698.801731
45699.503908
45700.024730
45700.979737
45701.393831
45701.882211
45703.224080
45703.509635
45704.627621
45705.280294
45705.909558
45706.733657
45707.000092
45707.993081
45709.100866
45709.557403
45709.832727
45710.593383
45711.231239
45712.100255
45712.617636
45713.861708
45714.306263
45715.337686
45716.148653
45716.509283
45717.064202
45717.859459
45718.136964
45719.246736
45720.108822
45720.646937
45721.160196
45722.050469
45722.799655
45723.614816
45724.166791
45725.247248
45725.956899
45726.096795
45727.177865
45727.758924
45728.472588
45728.896017
45729.632561
45730.097699
45731.352151
45732.614321
45732.825813
45733.469093
45733.937757
45734.840467
45735.767517
45736.037469
45736.825387
45737.736144
45738.259847
45738.957048
45739.539569
45740.388070
45741.227404
45741.782279
45743.069301
45743.470599
45744.036615
45744.971986
45745.289060
45746.045454
45746.259662
45747.547605
45748.194108
45748.878598
45749.610270
45750.471966
45751.444687
45752.011369
45752.237097
45753.024957
45754.011239
45754.688723
45755.516165
45755.935582
45756.473413
45757.115443
45757.856526
45758.776756
45759.936128
45760.411505
45761.288019
45761.649145
45762.406109
45763.121287
45763.524898
45764.555096
45764.999418
45765.553394
45766.711808
45767.572381
45767.855982
45768.746092
