10558.213143
10559.137973
10559.773322
10561.155235
10561.717051
10562.476243
10563.779979
10564.006692
10565.518709
10565.913182
10566.587772
10567.001320
10568.221388
10569.433377
10570.456590
10571.144617
10571.982177
10572.897664
10573.491551
10574.048493
10575.149880
10576.231119
10577.003025
10577.244954
10578.752976
10579.260968
10580.533537
10581.670054
10582.012889
10582.812208
10583.633312
10584.284015
10585.443594
10585.682845
10586.924153
10588.359321
10589.048675
10589.739778
10590.180134
10591.237631
10592.435170
10593.015860
10593.684051
10594.482073
10595.486325
10595.907510
10597.420376
10598.282071
10599.136170
10600.041148
10600.623643
10601.433895
10601.955295
10602.804389
10603.939475
10605.017344
10605.587957
10606.390610
10607.756601
10608.309920
10608.892795
10610.077947
10610.848082
10611.537091
10612.355233
10613.079158
10613.468642
10615.246487
10616.162421
10616.936555
10617.696035
10618.207399
10619.095453
10619.896774
10621.026544
10621.582060
10622.229605
10623.637918
10624.198644
10625.221255
10625.806387
10627.298279
10628.016474
10628.270594
10629.327855
10629.810319
10630.843271
10631.643694
10632.689747
10633.921549
10634.770975
10635.177634
10636.169928
10637.021751
10637.448912
10638.782262
10639.617564
10640.201443
10640.779626
10641.761070
