11567.391551
11568.238387
11568.861584
11569.856839
11570.713560
11571.372587
11572.373477
11573.110248
11573.533780
11574.229783
11575.532716
11577.159221
11577.559289
11577.813155
11579.051947
11579.844750
11580.562916
11581.100263
11582.245964
11583.162004
11583.781059
11584.718832
11585.797743
11586.262897
11587.785374
11588.237678
11589.033305
11589.820238
11590.541133
11590.936347
11592.224869
11593.021168
11593.951801
11595.273897
11595.921633
11596.477118
11597.270605
11597.786584
11599.452894
11599.634660
11600.754893
11601.064364
11602.029102
11603.275985
11604.064157
11605.278120
11605.715873
11606.751657
11607.258882
11608.037290
11608.984897
11609.316380
11610.542724
11611.831414
11612.486893
11613.171689
11614.017179
11614.984665
11615.815224
11616.617915
11617.346743
11617.955077
11619.229905
11619.573447
11620.086537
11621.946221
11622.694026
11623.392332
11624.398877
11624.673870
11625.513317
11626.349371
11627.433394
11628.160782
11628.909479
11629.726849
11631.020976
11631.628302
11632.488062
11633.101177
11634.532677
11635.138098
11635.463467
11636.263762
11637.079724
11637.951513
11639.396198
11639.988689
11641.154498
11641.620869
11642.400193
11643.262344
11643.904265
11644.871957
11645.865740
11646.377483
11647.350867
11648.175813
11648.884749
11650.344983
