13059.321205
13060.034856
13060.681083
13061.217560
13062.805771
13063.685773
13064.746805
13065.042891
13065.924146
13066.394722
13067.518418
13068.249849
13069.157996
13069.663091
13070.774152
13072.097399
13072.238755
13073.166638
13074.285437
13075.241081
13076.037319
13076.303497
13077.274747
13077.834590
13078.941176
13079.502784
13081.025181
13081.777125
13082.461236
13083.176850
13084.264483
13084.458346
13085.350492
13086.623584
13087.268841
13088.022086
13088.515090
13089.564562
13090.707661
13091.883142
13092.337793
13092.785581
13094.245257
13094.619941
13095.067238
13096.060984
13096.803450
13098.003010
13099.022404
13099.844186
13100.424051
13101.238248
13101.911174
13103.156827
13103.692600
13104.609975
13105.036942
13105.868423
13106.970233
13107.618678
13108.732785
13109.914887
13110.648070
13111.094219
13111.920290
13112.293383
13113.509357
13114.338443
13115.037312
13116.116407
13116.663903
13118.158280
13118.380151
13119.247323
13120.457904
13120.930664
13121.841633
13122.597043
13123.451220
13123.770608
13124.493512
13126.533334
13126.800930
13127.781861
13128.314761
13129.341612
13129.851832
13130.914598
13131.304060
13132.425375
13133.353699
13134.045551
13134.667971
13135.941140
13136.580811
13137.650069
13138.600978
13139.081962
13139.741714
13140.461692
