16060.365151
16061.321982
16061.833878
16062.931574
16063.509982
16064.360977
16065.733590
16066.109948
16066.811995
16067.706845
16068.357322
16068.921198
16069.731514
16070.634777
16071.641029
16072.652996
16073.604750
16074.227822
16074.796301
16075.443534
16076.198179
16077.543249
16078.079999
16078.674125
16079.309437
16080.147219
16081.481642
16082.086988
16082.941757
16084.003928
16084.530684
16085.343578
16085.902805
16086.522212
16087.452983
16088.137870
16089.334754
16090.388957
16090.825583
16091.634196
16092.694901
16093.023505
16094.358860
16095.046747
16095.163065
16096.578655
16097.125184
16097.957244
16098.181471
16100.049374
16100.831428
16101.530258
16102.040521
16102.871543
16103.465963
16104.301798
16105.168436
16106.016050
16106.614709
16107.839917
16108.265139
16109.710047
16109.957878
16110.744912
16111.831825
16112.855227
16113.169229
16114.047968
16114.417467
16115.209048
16116.460755
16117.390750
16118.345315
16118.975931
16119.878355
16120.642134
16121.002309
16121.880585
16122.779943
16123.853963
16124.358025
16124.952587
16126.126555
16126.687013
16127.765584
16128.908515
16129.557819
16130.001784
16130.683409
16131.827521
16132.175072
16133.022979
16133.751185
16134.798545
16136.279323
16136.602994
16137.352589
16137.738064
16139.026359
16139.756701
