63647.255914
63647.924189
63648.483425
63649.306514
63650.114024
63650.727166
63651.180469
63652.112145
63652.808211
63653.377149
63654.057122
63655.260755
63655.762616
63656.299594
63656.776106
63657.504657
63658.008560
63658.946638
63659.390575
63659.987317
63660.658466
63661.987013
63662.551286
63663.194557
63663.870299
63664.303864
63664.754708
63665.766572
63666.664164
63666.964791
63667.688565
63668.549556
63668.995608
63669.323430
63670.440712
63671.217877
63672.189952
63672.675681
63673.171517
63674.352301
63674.591752
63675.202433
63675.766105
63676.596556
63676.724683
63677.971452
63678.814245
63679.556197
63679.760545
63680.758971
63681.778052
63682.045370
63682.646359
63683.477118
63684.440726
63684.576366
63685.617320
63685.980037
63686.758254
63687.274532
63687.808812
63688.852429
63689.889250
63690.610568
63691.117480
63691.806965
63692.154375
63692.818174
63693.470092
63694.436703
63694.992475
63695.509028
63696.276743
63696.821647
63698.094271
63698.408981
63699.047547
63699.700151
63700.631704
63701.367174
63702.069618
63702.574617
63702.989041
63703.848657
63704.272405
63704.869944
63705.847230
63706.481799
63707.612739
63708.167471
63708.792391
63709.267075
63710.139152
63710.832848
63711.307547
63711.520044
63713.072592
63713.334782
63714.088081
63714.663076
