28980.659423
28981.191705
28981.790321
28982.241742
28983.319762
28983.964204
28984.570606
28985.285015
28986.105723
28986.923352
28987.551465
28988.160729
28988.949215
28990.001683
28990.655872
28991.800629
28992.328394
28992.915606
28993.465932
28994.275498
28994.855099
28995.477240
28996.629484
28997.393530
28997.732791
28999.296493
28999.772399
29000.312256
29000.925985
29001.586594
29002.833342
29003.322743
29004.143386
29004.526044
29005.371056
29005.711770
29007.098680
29007.750204
29008.937058
29009.335568
29010.198660
29010.731533
29011.391969
29012.135588
29012.945403
29013.226268
29014.492857
29015.148321
29016.140714
29016.552332
29017.516202
29018.023433
29019.295841
29019.836467
29020.347492
29021.212501
29021.749212
29022.561906
29023.363757
29023.688082
29024.484255
29026.112901
29026.621436
29027.232253
29027.967476
29028.715259
29029.169891
29029.753078
29031.094516
29031.464199
29032.326170
29032.866761
29033.474310
29034.796124
29035.224920
29036.280488
29036.813848
29037.587778
29038.722453
29039.165236
29039.566449
29039.982278
29041.089604
29041.814103
29042.677299
29043.829638
29044.235222
29045.132613
29045.943012
29046.348712
29047.179330
29047.942028
29048.743510
29049.468358
29050.042726
29050.852524
29051.543631
29052.063594
29053.123234
29054.515156
