63033.910984
63034.559982
63034.945170
63035.712855
63036.599012
63037.633890
63038.169766
63039.105817
63039.487714
63039.904595
63040.508563
63041.216435
63041.991980
63042.896350
63043.278980
63043.725338
63045.022145
63045.604909
63046.292788
63046.926644
63047.630539
63047.930109
63049.241179
63049.807836
63050.186840
63050.904920
63051.533803
63052.038363
63052.718699
63053.359094
63054.564173
63055.413759
63055.827002
63056.588968
63056.990188
63058.026682
63058.456977
63058.911432
63059.538019
63060.370531
63061.397487
63061.846461
63062.334239
63063.140653
63063.768688
63064.729579
63065.433834
63066.167936
63066.857243
63067.221497
63067.977860
63068.826176
63069.209772
63069.756526
63070.334895
63071.445780
63071.873036
63073.086467
63073.731659
63074.446938
63074.811958
63075.242502
63076.095412
63076.896624
63077.657374
63078.260965
63078.956186
63079.359825
63079.817342
63081.061440
63081.707537
63082.123293
63083.200621
63083.879274
63084.764822
63085.178300
63085.539683
63086.494345
63086.705900
63087.665913
63088.118562
63089.251347
63089.740016
63090.572229
63091.278076
63092.057468
63092.455828
63093.339343
63093.976296
63094.639127
63095.197839
63095.959343
63096.877323
63097.035437
63097.976451
63098.275628
63098.870688
63100.560984
63101.056234
63101.593457
