4792.408824
4793.347319
4794.286764
4795.780117
4796.352903
4797.097933
4798.420841
4799.673211
4800.097767
4800.671002
4802.188369
4802.377850
4803.704592
4805.072216
4806.371973
4806.921270
4807.541012
4808.604499
4809.346880
4810.531881
4811.632288
4812.160772
4813.045552
4814.681559
4815.324276
4816.451758
4817.232875
4818.240133
4819.028426
4819.754628
4820.210030
4822.221164
4822.905726
4824.137537
4824.678397
4825.736295
4826.494341
4827.767321
4828.337946
4829.386309
4830.136823
4831.185693
4832.224866
4833.663263
4834.665341
4835.144026
4835.951966
4836.608965
4838.026709
4838.660483
4839.647158
4841.064723
4842.043504
4842.585412
4843.621336
4844.699612
4845.696734
4846.657760
4846.916049
4848.107405
4848.885041
4850.871518
4851.468722
4852.001065
4853.425815
4854.027006
4854.574296
4855.718462
4856.921830
4857.815380
4858.604172
4859.680531
4860.809330
4862.076654
4862.359349
4863.760153
4864.191948
4865.055351
4866.071578
4866.954021
4868.588327
4869.466636
4870.517253
4870.696564
4871.705539
4873.193181
4873.818446
4874.789996
4875.237660
4876.743142
4877.725299
4878.629005
4880.058127
4880.609661
4881.311012
4882.304462
4882.890785
4883.927414
4885.362074
4886.270478
