64464.255091
64464.575684
64465.445547
64465.967379
64466.920587
64467.639987
64468.466188
64469.038395
64469.928119
64470.517934
64471.139324
64471.457413
64472.536873
64473.214291
64473.637451
64474.394353
64475.226695
64475.684540
64476.408499
64476.547245
64477.959724
64478.874571
64479.656848
64479.978839
64480.621488
64481.058653
64482.124724
64482.388183
64483.386219
64483.555355
64484.515656
64485.263469
64486.126033
64486.847943
64487.373329
64488.211830
64488.542880
64489.670329
64490.042043
64490.983283
64491.645040
64492.035145
64492.728887
64493.014555
64494.195683
64494.474402
64495.680837
64496.396061
64497.008449
64498.034462
64498.214440
64499.104278
64499.652582
64499.906661
64500.670358
64501.952550
64502.455058
64502.936803
64503.226119
64504.493496
64505.019702
64505.747114
64506.657576
64507.199609
64508.005955
64508.429807
64509.282472
64509.929031
64510.172198
64511.100151
64511.613925
64512.161529
64513.177112
64514.361123
64514.813516
64515.436740
64515.929480
64516.345549
64517.480370
64518.187528
64518.419771
64519.461140
64519.960061
64520.428458
64521.485870
64521.908332
64522.485291
64523.400018
64524.362650
64525.053054
64525.772709
64526.185938
64527.029909
64527.180570
64528.098545
64528.744686
64529.171090
64530.308150
64530.979222
64531.448396
