52498.845805
52499.042932
52500.003771
52500.470554
52501.370224
52501.781568
52503.038928
52503.869635
52504.351497
52505.042796
52505.807067
52506.594672
52506.809794
52507.253516
52508.628683
52509.198184
52509.898575
52510.241718
52510.981259
52511.663324
52512.686818
52513.592116
52514.209837
52514.653409
52515.516591
52516.278287
52516.788465
52517.385662
52517.754283
52518.855498
52519.096828
52520.350669
52520.990825
52521.954245
52522.569358
52522.958223
52523.573295
52524.483451
52525.237600
52525.952678
52526.485494
52527.156338
52527.582975
52528.596067
52529.250980
52529.596237
52530.725744
52531.583659
52532.656287
52532.887780
52533.682863
52533.801891
52534.749876
52535.565620
52535.986343
52536.821995
52537.705891
52538.340069
52538.771688
52539.991506
52540.638088
52540.994762
52541.871083
52542.709850
52543.123807
52544.077111
52544.660804
52545.306606
52545.849395
52546.216317
52546.894611
52548.402278
52549.167979
52549.384390
52550.418080
52550.948872
52551.590321
52552.211050
52552.982073
52553.359416
52554.214211
52555.152632
52555.815422
52556.065619
52557.198940
52557.652709
52558.763039
52559.049632
52560.333517
52560.779207
52561.453990
52561.870676
52562.561869
52563.120480
52564.003963
52564.714361
52565.085733
52566.143679
52567.222742
52567.854763
