23934.839231
23935.739369
23936.820360
23937.126915
23937.544788
23938.403203
23939.161137
23940.490053
23941.381300
23941.662930
23942.919137
23943.356178
23944.147241
23944.555447
23945.463769
23945.964031
23947.207582
23947.918189
23948.391718
23949.590296
23950.116473
23950.950601
23951.701881
23952.755605
23953.340498
23954.034236
23954.291309
23955.610069
23956.203470
23956.430900
23957.493888
23959.010215
23959.471386
23960.479328
23960.987345
23961.128654
23962.211267
23963.427960
23963.572304
23964.610879
23965.289546
23965.976706
23966.800188
23967.681332
23968.565437
23969.352672
23970.031604
23971.065828
23971.519794
23972.252293
23972.791556
23973.497395
23974.042408
23975.456005
23976.147189
23976.980304
23977.568045
23978.582931
23979.255532
23979.744660
23980.468352
23981.401955
23982.366817
23982.800486
23983.536536
23984.046380
23985.042067
23985.953202
23987.195896
23987.826649
23988.207848
23989.102008
23989.710015
23990.332588
23991.097282
23992.033451
23992.683133
23993.240374
23994.724762
23995.331111
23995.844808
23996.415671
23997.439476
23998.447057
23999.047246
23999.656032
24000.272055
24001.009462
24001.592050
24002.712284
24003.201611
24004.764158
24005.175244
24005.940495
24006.509308
24007.464354
24008.014587
24008.271832
24009.676110
24010.249310
