43217.893503
43218.198515
43219.050809
43219.871181
43220.904567
43221.875804
43222.369555
43223.100258
43223.624508
43223.976278
43225.056737
43225.730605
43226.501683
43227.332541
43227.524649
43228.279102
43229.270336
43230.217819
43230.608195
43231.364060
43232.576777
43233.035580
43233.710634
43234.314973
43234.736631
43235.411217
43236.230034
43236.978080
43237.644572
43238.910271
43239.125771
43240.217497
43240.717792
43241.414993
43242.189087
43242.632007
43243.690840
43244.119635
43244.965056
43245.611494
43246.432465
43246.551912
43247.326072
43249.032229
43249.486125
43250.036824
43250.696921
43251.361345
43252.091758
43252.632643
43253.467108
43253.781043
43255.026148
43255.217996
43256.551478
43257.096780
43257.613800
43258.763602
43259.047040
43259.773756
43260.815412
43261.597942
43262.042984
43262.520560
43263.075787
43264.051620
43264.529637
43265.477063
43266.393211
43267.102019
43268.086759
43268.606356
43269.175968
43269.702528
43270.325238
43270.964972
43272.346514
43272.538127
43273.192335
43273.920717
43274.688986
43275.533289
43276.299276
43277.058578
43277.867763
43278.526504
43279.191883
43279.534131
43280.747859
43281.132507
43281.377338
43282.273850
43283.212819
43284.305323
43285.122795
43285.686933
43286.014121
43286.735079
43287.847848
43288.280457
