70556.568801
70557.130066
70557.953738
70558.485629
70559.384010
70560.142891
70560.863662
70561.442455
70562.147410
70562.747696
70563.391036
70563.841251
70565.327599
70565.521240
70565.715965
70566.616251
70567.136073
70567.738309
70568.762639
70569.850771
70570.440102
70570.661441
70571.740429
70572.275757
70572.912224
70573.323086
70574.057590
70574.484468
70575.704838
70576.057541
70576.859747
70577.375908
70578.521793
70578.673129
70579.616574
70580.242922
70581.180524
70581.891439
70582.350361
70582.633434
70583.627175
70584.144246
70584.764699
70585.641617
70585.745339
70587.002885
70588.003348
70588.662534
70589.326250
70589.550536
70590.144873
70590.864253
70591.821164
70592.394715
70592.935862
70593.659590
70594.459169
70594.747302
70595.469242
70596.593297
70597.090236
70597.829872
70598.631476
70599.327427
70599.892887
70600.393351
70601.296011
70601.633973
70602.150680
70602.633401
70603.890729
70604.597932
70605.285100
70605.861784
70606.489963
70607.536625
70607.928390
70608.319889
70609.266429
70609.899582
70610.520631
70611.236968
70612.102714
70612.324214
70612.749304
70613.837455
70614.475594
70615.661465
70616.170543
70616.917039
70617.309608
70617.998737
70618.513814
70619.104643
70619.869371
70620.711585
70621.271702
70621.635164
70622.648891
70623.629052
