36470.835285
36471.696215
36472.520638
36472.826286
36473.702085
36474.010950
36475.095265
36475.859004
36476.159757
36477.851765
36478.153811
36479.006008
36479.638187
36480.303544
36480.887618
36481.556943
36481.947786
36483.173213
36484.022647
36484.350716
36485.248816
36486.079861
36486.718036
36487.767228
36488.292704
36489.025880
36489.457768
36490.742027
36491.228200
36491.514248
36492.286627
36492.964996
36493.642146
36495.145022
36495.660415
36496.407298
36496.963653
36497.752490
36498.155416
36499.072942
36499.714896
36500.525371
36501.238962
36501.861916
36502.400206
36503.639338
36504.068614
36504.794761
36505.637629
36506.760770
36507.341016
36507.830624
36508.468369
36508.775368
36510.166385
36510.195922
36511.234655
36512.067020
36512.946668
36513.801240
36514.613269
36515.117677
36515.589097
36516.351891
36517.306960
36518.011780
36518.503258
36519.650228
36519.861715
36520.473508
36521.126748
36522.511874
36523.426747
36523.763158
36524.660265
36525.182113
36525.922092
36526.791165
36527.073300
36527.872315
36528.367688
36529.689352
36530.319658
36530.985576
36531.723927
36532.511578
36533.241918
36533.789023
36534.827787
36535.479369
36536.046608
36536.596755
36537.385186
36538.097433
36538.531418
36539.692595
36540.292003
36541.688248
36542.056064
36542.646767
