39645.455091
39646.220861
39646.812157
39646.977991
39648.201626
39648.842963
39649.688336
39650.382311
39651.254425
39651.848314
39652.773012
39653.512735
39653.812788
39654.477953
39655.343982
39655.743206
39656.404095
39657.734053
39658.389897
39659.216011
39659.836208
39660.221743
39661.445928
39661.872365
39662.357523
39663.267282
39663.961068
39664.856346
39665.357546
39665.946733
39666.499862
39667.446144
39668.749499
39669.175599
39670.143976
39670.472310
39671.064798
39671.921871
39672.649778
39672.911677
39673.900300
39674.890212
39675.243593
39676.126517
39677.401093
39677.795509
39678.250410
39678.862748
39679.946096
39680.726792
39681.372748
39682.017973
39682.458238
39683.005408
39683.873580
39684.716335
39685.624715
39686.293969
39687.492412
39687.812550
39688.487174
39689.162422
39689.664867
39690.475435
39691.043333
39692.025957
39692.763859
39693.356165
39694.050951
39694.791117
39695.715691
39696.297758
39697.479399
39697.813413
39698.457953
39699.063394
39700.114886
39700.503238
39701.023792
39701.904130
39702.187812
39703.997528
39704.558077
39704.874281
39705.834260
39706.305039
39707.129494
39707.570405
39708.711383
39709.175658
39709.904729
39710.552241
39711.206398
39711.966549
39712.738982
39713.743954
39714.282264
39715.199709
39715.937468
39716.703317
