22404.485627
22405.540049
22405.996386
22406.984658
22407.374641
22408.999305
22409.847224
22410.396415
22410.898574
22411.332698
22412.715841
22412.852672
22414.065643
22414.707704
22415.462093
22415.928593
22417.163226
22417.935748
22418.451658
22419.756404
22420.207009
22420.921106
22421.921272
22422.475981
22422.852141
22423.584249
22424.361389
22425.815979
22426.291128
22427.200629
22427.903389
22428.808653
22429.258087
22430.264667
22430.577004
22431.657776
22432.625333
22433.193744
22433.498024
22434.590945
22435.236271
22436.622414
22437.218845
22438.112834
22438.702471
22439.336767
22439.789653
22440.833834
22441.455905
22442.353355
22442.799001
22444.088934
22444.886257
22445.765662
22446.273711
22446.692660
22447.882028
22448.969876
22449.388074
22449.863581
22450.596712
22451.509559
22452.161083
22452.819760
22454.462862
22454.727403
22455.646775
22456.526040
22456.938296
22457.747805
22458.190687
22459.188716
22459.987093
22460.917540
22461.580918
22462.229442
22462.933256
22464.407838
22464.640667
22465.535840
22466.368169
22466.911786
22467.907355
22468.436694
22468.991899
22469.577966
22470.618284
22471.897779
22472.740923
22473.204136
22473.945058
22474.702280
22475.254861
22476.122524
22477.142024
22477.687075
22478.333357
22478.986736
22479.958449
22480.924670
