27486.143740
27486.616732
27487.890098
27488.452494
27489.039255
27489.693426
27490.328604
27490.743606
27491.838130
27492.859793
27493.782434
27494.213628
27495.308621
27496.080448
27496.188225
27497.172998
27498.225229
27498.672059
27499.315654
27500.452665
27500.790619
27501.481545
27502.328374
27503.228793
27504.504530
27505.110853
27505.546641
27506.273769
27506.776610
27507.665140
27508.612699
27508.868460
27509.754150
27510.716697
27511.755829
27512.436393
27512.970907
27513.906384
27514.254203
27515.466076
27516.155092
27516.694280
27517.676779
27517.976385
27518.499142
27519.605900
27520.365495
27521.735181
27522.066688
27522.823177
27523.662241
27524.553472
27524.990912
27525.117588
27526.292745
27527.543446
27527.821227
27528.655506
27529.260902
27530.453373
27530.880930
27531.991646
27532.621346
27533.255337
27534.137301
27534.734510
27535.441085
27535.876497
27536.847169
27537.367953
27538.342702
27539.843282
27540.200125
27540.887798
27541.240777
27542.209595
27542.865392
27543.861457
27544.504822
27545.073912
27545.731715
27546.608775
27547.563637
27547.992413
27549.030983
27549.922655
27550.906845
27551.294476
27551.939465
27552.709845
27553.162691
27554.145444
27554.455261
27555.925864
27556.397293
27557.288406
27558.099881
27558.871136
27559.568330
27560.146089
