48866.546089
48867.174376
48867.945130
48868.396998
48869.330371
48870.036714
48870.948621
48871.800935
48872.038062
48872.516682
48873.582720
48874.241901
48874.503262
48875.384172
48875.942734
48877.187396
48878.016199
48878.656329
48879.164377
48879.934908
48880.474369
48880.959071
48881.760465
48882.982746
48883.236357
48883.898873
48884.443637
48885.191165
48886.055107
48887.024778
48887.611979
48888.356590
48888.938739
48890.024343
48890.551581
48890.799625
48891.512154
48892.040762
48892.988408
48893.797656
48894.439868
48895.460321
48896.172049
48896.513842
48897.503291
48898.155451
48898.539992
48899.662844
48900.087558
48900.827366
48901.606670
48901.904822
48903.046339
48903.421787
48903.804482
48905.541756
48906.125986
48906.672430
48907.160293
48907.888707
48908.353194
48909.223470
48909.962978
48910.420207
48911.209572
48912.043580
48912.650552
48913.696979
48914.260545
48914.837737
48915.516326
48916.439770
48917.059230
48917.836207
48918.469048
48919.082870
48919.480867
48920.210098
48920.760168
48921.947282
48922.776193
48923.480666
48923.988230
48925.091165
48925.610987
48925.798018
48926.726620
48927.325518
48927.972634
48929.153403
48929.774737
48929.948787
48930.625966
48931.821583
48932.488119
48933.102726
48934.113162
48934.672237
48935.383856
48935.770656
