7885.310055
7886.697844
7887.902634
7888.582508
7889.247759
7890.199885
7890.829109
7891.738485
7892.471581
7893.753775
7894.146224
7895.752701
7896.284146
7896.810706
7898.443975
7899.189387
7899.737784
7900.699743
7901.203724
7902.431940
7902.845882
7904.000011
7905.495359
7906.307057
7907.033279
7907.462023
7908.754089
7909.071081
7910.496345
7911.290474
7911.974654
7912.521894
7913.958900
7914.898228
7916.139083
7916.249620
7917.846984
7918.206299
7919.009503
7919.702077
7920.394917
7922.053034
7922.723312
7923.710141
7924.582047
7925.391338
7926.044750
7927.227859
7928.007764
7928.684234
7929.540229
7930.604941
7930.948076
7932.471666
7933.645643
7934.495415
7935.214648
7935.570718
7936.442237
7937.745180
7938.315574
7939.086639
7940.354012
7941.265683
7942.317604
7942.745097
7943.785515
7944.959519
7945.740693
7946.220788
7947.289771
7947.729600
7948.634211
7950.265470
7951.314030
7951.584851
7952.794489
7953.594656
7954.308997
7954.747608
7956.152267
7956.989578
7957.947945
7958.317455
7959.688750
7960.661379
7961.649596
7962.562547
7962.956507
7964.203600
7964.684089
7965.315678
7966.568849
7967.266107
7968.909886
7969.629440
7970.220548
7970.847928
7971.821330
7972.995331
