73246.255715
73247.074230
73247.302768
73248.140326
73248.747882
73249.140392
73249.824334
73250.374857
73251.423531
73252.222885
73252.991914
73253.573269
73254.200877
73255.043827
73255.507809
73255.929693
73256.714790
73257.148221
73258.419553
73258.767723
73259.500328
73260.051728
73260.272110
73261.614535
73262.400049
73262.812631
73263.702871
73264.540948
73264.840717
73265.378629
73266.234021
73266.830546
73267.482766
73267.579255
73268.956383
73269.287691
73270.386531
73271.340266
73271.633984
73272.193740
73272.975626
73273.181868
73274.620258
73274.986123
73275.605496
73276.028387
73276.772996
73277.636100
73277.956642
73278.800917
73279.561794
73280.331246
73281.309236
73281.938403
73282.535983
73282.790731
73283.599287
73284.279332
73284.609409
73285.549436
73286.228943
73287.025147
73287.598500
73288.319584
73289.032818
73289.770443
73290.482832
73291.195841
73291.567709
73292.288963
73293.360931
73293.634662
73294.398905
73294.929786
73295.360179
73295.925426
73296.915483
73298.177273
73298.710451
73299.129691
73299.669138
73300.642910
73301.147928
73301.566694
73302.260195
73302.975798
73303.938796
73304.231411
73304.925562
73305.757909
73306.505567
73307.179140
73307.576438
73308.621856
73309.401694
73309.947049
73310.683729
73311.234446
73311.644642
73311.987234
