69005.040334
69005.856740
69006.601212
69007.121815
69007.650226
69008.819471
69009.259230
69010.056497
69010.869017
69011.630191
69012.054915
69012.671631
69013.266918
69014.140341
69014.909461
69015.485877
69016.050572
69016.747034
69017.062142
69017.591035
69018.916739
69019.900639
69020.274087
69020.749644
69021.853717
69022.328565
69022.714437
69023.492225
69023.959648
69024.841421
69025.196614
69026.544247
69026.725155
69027.416787
69028.415690
69029.004919
69029.484964
69030.330173
69031.200418
69031.813552
69032.440843
69032.901469
69033.431593
69034.135752
69035.207190
69035.307345
69035.901667
69037.130462
69038.021872
69038.857106
69039.154823
69039.705700
69040.236038
69041.041565
69041.589523
69042.667468
69042.973051
69043.774400
69044.367135
69044.778366
69045.922786
69046.420542
69047.103096
69048.204135
69048.656133
69049.158983
69049.978290
69050.820808
69051.154491
69051.648430
69052.208527
69052.865902
69053.955517
69054.614280
69055.562484
69055.940963
69056.673528
69057.306884
69058.228016
69058.572822
69059.268093
69059.787060
69060.923322
69061.379062
69061.822524
69062.519970
69063.122050
69063.810115
69064.768540
69065.609085
69066.580376
69066.854969
69067.417160
69068.052281
69068.871294
69069.043514
69070.030466
69070.815714
69071.334386
69071.912290
