1872.441566
1872.865667
1874.508361
1874.913774
1877.095064
1878.022251
1879.153303
1880.082325
1880.611766
1882.321974
1883.408724
1884.005778
1885.198075
1887.053894
1887.808841
1888.938182
1890.348128
1890.612128
1891.678510
1892.867701
1894.558537
1895.697155
1896.585494
1897.513692
1898.829372
1900.006144
1900.571884
1901.891305
1902.805059
1904.089325
1906.102756
1906.597678
1907.332780
1908.433063
1909.465930
1910.733659
1911.704690
1913.182489
1914.352300
1915.054629
1916.606371
1917.344704
1918.786498
1919.207778
1919.937457
1922.101625
1923.280837
1924.055831
1925.231987
1926.211583
1926.820092
1928.417518
1929.487560
1930.258387
1931.760069
1932.875754
1934.416436
1934.907943
1935.924848
1936.873093
1937.968633
1939.050029
1940.977326
1941.822862
1942.633568
1943.367947
1945.153796
1945.922716
1946.609945
1947.917047
1949.030030
1950.743201
1951.536695
1952.850129
1953.448556
1954.418588
1955.315809
1956.848164
1958.314403
1958.851883
1960.418845
1961.359277
1962.233571
1963.621184
1964.357390
1965.377829
1966.117658
1968.471602
1969.047617
1970.305009
1970.855547
1971.970312
1973.182663
1974.347201
1975.080610
1977.173943
1977.271446
1978.801448
1980.371772
1980.910043
