14528.919411
14529.764147
14531.060133
14531.745479
14532.885002
14533.356197
14534.500147
14535.059025
14535.782218
14536.284669
14537.193938
14537.878129
14539.076373
14540.004216
14541.041856
14541.405677
14542.197540
14543.149798
14544.170929
14544.637305
14545.380983
14546.303295
14547.277934
14547.482563
14548.485292
14549.616964
14551.090736
14551.402284
14552.015117
14552.702833
14553.579025
14554.406645
14554.887286
14556.139311
14556.804830
14557.498048
14558.722540
14559.564355
14560.018823
14560.906756
14561.920561
14562.798991
14563.363710
14564.126125
14564.695560
14565.149791
14566.834847
14567.488652
14568.488804
14569.257723
14569.973836
14570.790134
14571.264769
14572.008637
14573.203249
14573.857420
14574.588970
14575.505521
14576.123078
14577.245860
14578.055260
14579.222126
14579.712065
14580.434489
14580.953999
14581.999037
14582.646794
14583.422096
14583.999436
14585.680256
14586.492684
14586.916002
14587.569917
14588.571247
14589.117920
14590.386703
14591.150215
14591.295791
14592.463031
14593.209190
14593.878153
14595.169859
14596.245778
14596.546412
14597.710449
14598.395034
14599.020360
14599.481813
14600.240597
14601.578036
14602.197324
14603.246684
14603.764844
14604.922528
14605.759880
14606.247410
14607.181913
14607.956545
14609.181533
14609.283036
