9106.474161
9106.705267
9107.191202
9108.613643
9109.023970
9110.230386
9111.375084
9112.381582
9113.302297
9113.658797
9114.444853
9115.042930
9116.424405
9117.137058
9117.860968
9118.810944
9120.116281
9120.569264
9121.584902
9122.504965
9123.393854
9124.084874
9125.059677
9125.604247
9126.235472
9127.121392
9128.945962
9129.473000
9130.446701
9130.768159
9131.957373
9132.877022
9133.253132
9134.299136
9135.427457
9136.139601
9136.679196
9138.105910
9138.600382
9140.231969
9140.578259
9141.357179
9142.266523
9142.836907
9143.596977
9144.619980
9145.638522
9146.526358
9147.808894
9148.555047
9149.117996
9149.558123
9151.026455
9151.817672
9152.649018
9153.267808
9153.740200
9155.111134
9156.088026
9157.200853
9157.957603
9158.830116
9159.438824
9160.353847
9160.796139
9161.926432
9162.627075
9164.011258
9164.765021
9165.448663
9166.381734
9167.382447
9168.304925
9169.005615
9169.689672
9170.658946
9171.402013
9172.213321
9172.683910
9174.799448
9175.208835
9175.927458
9176.891017
9177.479208
9178.130377
9179.285979
9180.321113
9180.739286
9181.702974
9182.811173
9183.699837
9184.767194
9185.136000
9186.578146
9187.345086
9187.811497
9188.464829
9189.187313
9190.366779
9191.463118
