28383.621992
28384.458083
28385.118316
28386.200461
28386.850430
28387.212231
28387.904674
28388.372906
28389.495689
28390.240286
28391.518465
28392.074315
28392.743705
28393.283455
28394.379645
28394.623343
28395.415805
28396.573558
28396.844726
28397.772718
28398.445725
28399.330292
28399.974355
28400.557923
28402.022779
28402.655390
28403.293295
28403.611965
28404.531102
28405.179707
28405.900171
28406.549317
28407.422888
28408.016061
28409.451882
28410.020234
28410.503093
28411.297031
28412.164657
28412.432656
28413.940143
28414.093289
28415.057572
28415.721168
28416.144759
28416.767727
28418.127699
28418.958936
28419.657509
28420.367924
28421.158777
28421.902107
28422.416590
28423.072472
28423.483826
28424.637224
28425.545239
28426.264212
28426.756896
28427.733366
28428.706284
28429.163195
28429.883399
28431.001512
28431.566355
28432.007244
28432.791280
28433.694690
28434.273151
28434.582511
28435.835395
28436.922635
28437.854359
28438.422981
28438.872801
28439.457994
28440.151152
28441.266723
28442.059719
28442.237845
28443.335416
28443.936752
28444.849718
28445.679832
28446.311784
28447.197145
28448.033101
28449.017497
28449.243781
28450.161968
28450.643642
28451.320395
28452.005267
28452.812257
28454.140432
28454.638907
28455.372133
28456.274974
28456.850241
28457.658664
