58996.072500
58996.895620
58997.421395
58997.993047
58998.444851
58999.585034
58999.995751
59000.779989
59001.447388
59002.357358
59002.971863
59003.541451
59004.176219
59005.310748
59005.839843
59006.437924
59007.236266
59007.551105
59007.994789
59009.146159
59009.616872
59010.194171
59010.910384
59012.199398
59013.004933
59013.290627
59013.924995
59014.543452
59015.228982
59015.765532
59016.671060
59017.475073
59018.108985
59018.402935
59019.226683
59019.941049
59020.746493
59021.477018
59022.599547
59022.929763
59023.457056
59024.324869
59025.183582
59025.566647
59025.902621
59026.890466
59027.042953
59028.357233
59029.289278
59029.717760
59030.430981
59031.238214
59031.779353
59032.477294
59033.201869
59033.828519
59034.431108
59035.302180
59035.951212
59036.272070
59037.177404
59037.622313
59038.447087
59039.540356
59040.186023
59041.056937
59041.698148
59042.048649
59042.593628
59043.101300
59044.284686
59044.569119
59045.490951
59045.993363
59046.829784
59047.430285
59048.728704
59048.985720
59049.524855
59050.084439
59051.236600
59052.026787
59052.385775
59052.917641
59053.704119
59054.184411
59054.974308
59055.301560
59056.550012
59057.552587
59058.029878
59058.572728
59059.550672
59059.857773
59060.566030
59061.272525
59061.892699
59062.332230
59063.557925
59063.963849
