38494.318449
38494.859147
38495.780998
38496.391693
38497.434770
38498.152909
38499.166503
38499.532268
38499.999622
38500.963688
38501.759388
38502.673069
38503.147356
38503.640609
38504.371011
38504.995541
38506.006302
38506.450012
38507.300022
38508.537544
38509.337964
38509.767059
38510.128874
38511.132255
38511.621061
38512.086557
38513.208582
38514.147926
38514.276408
38515.289783
38516.072158
38516.823829
38517.668205
38518.241285
38519.193604
38519.805928
38520.196535
38521.461365
38521.886756
38522.248242
38522.916047
38523.525285
38524.801328
38525.792021
38526.454457
38526.960943
38527.485325
38528.510283
38529.179660
38529.418564
38530.452504
38531.261609
38531.758155
38532.786968
38533.022840
38533.981429
38534.847365
38535.565885
38536.353162
38537.437139
38537.894093
38538.385775
38538.881513
38539.756750
38540.254300
38541.315480
38541.777626
38542.570643
38543.682203
38544.331288
38545.373238
38545.522726
38546.125568
38546.836387
38548.160139
38548.569605
38549.064268
38549.856396
38550.456483
38551.210791
38551.669815
38553.129962
38553.794382
38554.389928
38555.183526
38555.721476
38556.599938
38556.874291
38557.907111
38558.237807
38558.941445
38560.274933
38560.682703
38561.684620
38561.940961
38562.942446
38563.827742
38564.394401
38565.216316
38565.830886
