26584.803763
26585.114437
26586.373850
26587.096692
26587.968272
26588.936947
26589.360125
26590.411767
26591.137444
26591.726274
26592.247300
26592.513260
26593.822621
26594.640966
26595.381672
26596.263440
26597.120682
26597.789250
26598.475830
26599.146301
26599.961166
26600.615417
26601.601695
26602.164244
26602.735432
26603.444944
26604.434477
26604.684613
26606.497657
26607.022167
26607.603865
26608.330845
26608.737588
26609.593193
26610.620221
26610.934291
26611.705990
26612.654574
26613.448777
26614.403899
26615.142196
26615.615504
26616.418555
26617.437934
26618.266654
26618.745070
26619.421470
26620.212134
26620.696050
26621.402304
26622.236669
26623.688513
26624.014101
26624.856255
26625.977837
26626.274686
26626.940185
26627.467606
26628.423615
26629.173934
26630.382957
26630.609920
26631.157647
26632.064982
26633.339744
26633.909415
26634.525669
26635.704897
26635.977830
26636.946365
26637.346150
26638.204816
26638.893873
26639.299408
26640.494408
26641.511189
26642.490550
26642.927535
26643.489599
26644.259264
26644.941754
26646.083058
26646.695099
26647.102635
26647.819372
26648.943624
26649.259562
26650.290390
26650.906368
26652.247032
26652.905250
26653.588062
26654.007045
26654.831937
26655.533531
26655.907166
26657.033447
26657.914301
26658.368109
26659.534092
