68194.352794
68195.195086
68196.097739
68196.663447
68197.231122
68197.493695
68198.803029
68199.149627
68199.641880
68200.043606
68200.959562
68201.612576
68202.614811
68203.564913
68203.825419
68204.747321
68205.273048
68205.706561
68206.665026
68207.198067
68208.098348
68208.742251
68209.007872
68209.846787
68210.383723
68211.153535
68211.890494
68212.671639
68213.429186
68214.285456
68215.111323
68215.529563
68215.961924
68216.402520
68217.198228
68217.986340
68218.619426
68219.568254
68219.801268
68220.726155
68221.542960
68222.222939
68223.013169
68223.466965
68223.961013
68225.196457
68225.469840
68226.264875
68226.748650
68227.467062
68228.175914
68228.617804
68228.858359
68230.648827
68231.246269
68231.664621
68232.426701
68232.963564
68233.577445
68234.310473
68235.055927
68235.392337
68236.128436
68237.007679
68237.606300
68238.475786
68238.811584
68239.598431
68240.376611
68241.233996
68241.932300
68242.459984
68243.486479
68243.808180
68244.054676
68245.186280
68245.453495
68246.213757
68246.999071
68247.821011
68248.424814
68249.547468
68250.052254
68250.703321
68251.141608
68251.760709
68252.309511
68253.250347
68254.299186
68254.552555
68255.020505
68255.601084
68256.343565
68257.452213
68257.763574
68258.862419
68259.538087
68260.193549
68260.689190
68261.556573
