51872.045662
51872.720815
51873.593024
51874.292589
51874.783200
51875.182419
51876.173359
51877.037082
51877.516512
51878.209686
51879.275089
51880.180850
51880.557536
51881.308210
51881.766739
51882.327185
51883.103756
51883.677983
51884.423477
51885.364429
51885.977322
51886.778300
51887.622953
51888.092572
51889.074048
51889.398147
51890.113910
51891.103554
51891.396071
51892.517135
51893.030613
51893.421501
51894.126019
51894.474280
51896.065552
51896.798954
51897.359439
51897.913819
51898.689175
51899.303517
51899.942284
51900.430285
51901.296215
51901.819139
51902.563935
51903.751330
51903.868199
51904.728296
51905.948814
51906.118509
51906.674027
51907.869185
51908.650161
51909.113477
51909.696396
51910.064828
51910.956774
51911.691645
51912.213519
51913.030074
51913.880655
51915.005266
51915.417014
51916.388786
51916.567400
51917.304265
51917.645588
51919.011237
51919.341651
51920.224034
51920.677314
51921.529295
51921.909159
51922.888303
51923.799281
51924.338177
51925.509803
51925.772559
51926.275409
51927.403807
51927.780197
51928.506048
51928.761155
51929.642798
51930.297309
51931.520664
51932.304246
51932.745180
51933.433644
51933.976934
51934.999596
51935.585321
51935.982041
51936.881321
51937.681874
51938.163802
51938.921665
51939.329403
51940.224712
51940.858188
