19304.214660
19304.903113
19306.056359
19306.550650
19307.241000
19308.420804
19309.789600
19310.139560
19310.888565
19311.263025
19312.153971
19312.946945
19313.797361
19314.726551
19315.175251
19316.012648
19317.066170
19317.742155
19318.754752
19319.273710
19320.347049
19321.053043
19321.653648
19322.569598
19323.003604
19323.769748
19324.138596
19326.068667
19326.378846
19327.263159
19328.172826
19328.675920
19329.624046
19330.188123
19330.892925
19331.802770
19332.704395
19333.384794
19333.972311
19334.591059
19335.919218
19336.653609
19337.590476
19338.495443
19338.976155
19339.377526
19340.309008
19341.187037
19341.683182
19342.745045
19343.351309
19344.583806
19345.516462
19346.038321
19346.607559
19347.181078
19348.752589
19348.979111
19350.042195
19350.270090
19351.108139
19352.046505
19352.685466
19353.865503
19355.026760
19355.347340
19356.243604
19357.038803
19357.530255
19358.345409
19358.798261
19360.008230
19360.739209
19361.623788
19362.334300
19362.989851
19364.040373
19364.921781
19365.769222
19366.049144
19367.089523
19368.054669
19368.449466
19368.948047
19369.978183
19370.560293
19372.311989
19372.797832
19373.306416
19374.161440
19375.050368
19375.242963
19376.391411
19377.346607
19377.939042
19378.600817
19379.196951
19380.551519
19381.125552
19381.799655
