72373.447661
72373.807564
72374.603690
72375.164565
72375.706010
72376.889990
72377.303697
72377.883767
72378.531684
72378.903758
72379.916309
72380.312343
72381.262217
72381.489618
72382.799447
72383.682408
72384.280292
72384.570382
72385.424081
72385.726449
72386.488863
72387.165022
72387.837602
72388.634787
72389.272860
72390.078433
72390.253314
72391.528441
72391.989469
72392.894399
72393.264572
72394.155048
72394.756357
72395.396214
72396.149219
72396.680279
72397.346496
72397.731252
72397.988912
72399.557175
72400.276421
72400.904923
72401.495501
72402.259370
72402.795394
72403.327233
72404.190939
72404.580026
72405.343990
72406.072806
72406.788333
72407.469160
72407.837662
72408.632804
72409.635963
72409.936477
72411.007031
72411.682517
72412.559991
72413.048363
72413.254684
72413.831969
72414.929434
72415.242689
72416.031133
72416.676706
72417.453384
72418.166083
72419.415668
72419.747191
72420.062577
72420.807395
72421.501044
72422.146827
72423.203795
72423.611817
72424.222917
72424.610934
72425.511497
72426.032145
72426.598415
72427.718814
72428.706233
72429.063799
72429.715125
72430.295187
72431.216904
72431.614028
72432.111845
72432.802523
72433.268527
72434.312663
72435.118820
72435.571527
72436.485367
72436.973029
72437.493779
72438.729882
72439.087541
72439.707730
