49637.422281
49637.513700
49638.963691
49639.757393
49640.169084
49640.767676
49641.224197
49642.333367
49642.773400
49643.725105
49644.292588
49644.900478
49645.683036
49645.880414
49646.752523
49647.954597
49648.609051
49649.467895
49649.988361
49650.687595
49651.279353
49652.093817
49652.613818
49653.229099
49653.395319
49655.092727
49655.514068
49655.905214
49657.101438
49657.454649
49658.353579
49659.166058
49659.628607
49660.484602
49661.305756
49661.594079
49662.464775
49663.100857
49663.632565
49664.232204
49665.057009
49666.097475
49667.028173
49667.674242
49668.336818
49668.714957
49669.255877
49670.005162
49670.814433
49671.785973
49672.241094
49672.618595
49673.520851
49674.395755
49675.238582
49675.660935
49676.529852
49677.288263
49678.028436
49678.973781
49679.284032
49679.785612
49680.419270
49681.290479
49681.725520
49682.513943
49683.623442
49684.581231
49684.915393
49685.470593
49686.584872
49686.990207
49687.610424
49688.180937
49689.098731
49689.780008
49690.488188
49691.192640
49691.663306
49692.155578
49693.153341
49694.404610
49695.042995
49695.399811
49696.054009
49696.982027
49697.423930
49697.992301
49698.682108
49699.401882
49700.098811
49700.855751
49701.835600
49702.422578
49703.455979
49703.781295
49704.253680
49705.098452
49706.150033
49706.696274
