9364.532422
9365.565561
9366.263485
9366.856452
9367.994621
9368.900918
9369.264875
9370.763366
9371.178734
9371.587599
9372.784751
9374.379510
9375.170795
9375.736537
9376.328130
9377.450651
9377.983702
9379.018437
9379.494344
9380.793873
9381.675840
9382.560440
9383.568374
9384.090451
9385.110359
9386.234914
9386.888612
9387.733832
9388.121802
9388.979169
9390.090466
9391.049764
9392.305852
9392.964477
9393.984756
9394.689784
9395.103416
9395.826310
9397.472564
9397.818267
9398.618868
9399.494206
9400.580871
9401.427516
9402.552909
9403.382930
9403.920835
9405.062878
9405.517985
9406.317820
9407.247627
9407.745436
9409.471336
9410.603937
9410.808666
9411.457048
9412.787360
9413.355204
9414.366649
9415.106792
9415.823151
9416.804191
9417.532924
9418.349184
9419.744269
9420.582583
9421.526892
9422.040011
9422.810743
9423.591008
9424.174561
9425.411963
9426.506903
9426.874533
9428.235207
9429.379144
9429.574025
9430.535514
9431.485551
9432.713826
9433.125018
9433.826715
9434.666665
9435.196314
9437.178849
9437.419496
9438.835191
9439.288351
9439.978628
9440.804069
9441.857096
9442.274634
9443.449249
9444.311353
9445.247610
9446.162804
9446.796122
9447.907524
9449.201580
9449.609725
