3731.652937
3732.847475
3733.671696
3735.007644
3736.462855
3737.426702
3737.847779
3738.588055
3739.831690
3740.875153
3741.925079
3742.485013
3743.859616
3744.846671
3746.135972
3746.840953
3747.997127
3748.752860
3749.672707
3750.303158
3751.164644
3753.186449
3753.946989
3754.507321
3755.922818
3756.524972
3757.481439
3758.696426
3759.359216
3760.582729
3761.085334
3762.475079
3763.999842
3764.644280
3765.746026
3766.455967
3766.872421
3768.338640
3769.293394
3770.105497
3771.728992
3772.512331
3773.467327
3773.941580
3775.752711
3776.258807
3777.143244
3777.833370
3778.839373
3780.226486
3781.668646
3782.390575
3783.126649
3784.265550
3784.865105
3785.791018
3786.935697
3788.263664
3788.800050
3790.041776
3791.020914
3792.560247
3792.872479
3793.790990
3795.021653
3795.808588
3796.139177
3797.854055
3799.298497
3800.132426
3800.877635
3801.590617
3802.640239
3803.829200
3804.790840
3805.434646
3806.297896
3808.093049
3808.459507
3809.874248
3811.184712
3811.428221
3812.544754
3812.978308
3814.327017
3815.531819
3816.602598
3817.768707
3818.505533
3819.414498
3820.438313
3821.438059
3822.371913
3823.148110
3824.418553
3824.541037
3826.947627
3827.576335
3828.339520
3829.144810
