52359.661932
52360.574057
52361.159189
52361.727023
52362.246876
52362.858008
52363.193414
52364.495902
52365.019448
52365.437444
52366.503505
52367.338857
52367.973602
52368.777081
52369.245851
52369.874155
52370.649937
52371.394471
52372.325677
52372.492585
52373.645920
52373.808757
52374.511381
52375.069274
52376.377777
52377.231394
52378.111064
52378.285859
52378.786645
52379.997913
52380.288495
52381.129025
52381.429584
52382.194933
52383.265749
52383.858405
52384.564658
52385.176492
52386.045917
52386.731612
52387.226777
52388.409574
52389.002950
52389.268732
52390.198541
52390.852739
52391.199944
52392.037852
52392.588265
52393.642429
52394.248555
52395.210086
52396.179948
52396.719936
52396.904288
52397.582759
52398.388260
52399.036639
52400.091740
52400.667233
52401.047849
52401.773134
52402.332727
52403.611613
52404.011259
52404.770690
52405.662028
52406.311495
52407.077269
52407.524023
52408.099245
52408.938382
52409.356888
52409.916270
52410.792145
52411.897648
52412.566167
52413.410213
52413.658561
52414.526843
52415.196026
52416.046069
52416.575008
52417.148648
52418.030606
52418.587511
52419.252346
52420.159412
52420.366456
52420.997715
52422.595873
52423.239932
52423.511109
52424.489533
52425.006888
52425.499339
52426.134372
52426.897626
52427.522641
52428.442778
