57620.706463
57621.095604
57621.694677
57622.416717
57623.394792
57623.813262
57624.663212
57625.212920
57625.940516
57627.083704
57627.615870
57628.227579
57628.983956
57629.131152
57629.941234
57630.887710
57631.310962
57631.926882
57632.634309
57633.940936
57634.494229
57635.090866
57635.801921
57636.412566
57636.893377
57637.544337
57638.583379
57639.043943
57639.945733
57640.530379
57640.733055
57641.540592
57642.418824
57643.505631
57644.018759
57644.886786
57645.344213
57646.021521
57647.065834
57647.281452
57647.779832
57648.473444
57649.019060
57650.428223
57650.682413
57651.400266
57652.377692
57653.130927
57653.342191
57654.392143
57654.937503
57655.775892
57656.373953
57656.978612
57657.638489
57658.260152
57659.032592
57659.279939
57660.481778
57660.880873
57662.372690
57662.838952
57663.479175
57663.830005
57664.249332
57665.324410
57665.840807
57666.526186
57667.397590
57667.964994
57668.354964
57669.486496
57670.176498
57670.926801
57671.320969
57672.221975
57673.038961
57673.720916
57674.324794
57674.908252
57675.461162
57676.216415
57676.608380
57677.196561
57678.521695
57679.276115
57679.814525
57680.687015
57680.997437
57682.069122
57682.527135
57683.036943
57683.531285
57684.718342
57685.164406
57686.011323
57686.467154
57687.209022
57687.543158
57688.823764
