56033.854870
56034.891665
56035.447089
56035.959210
56036.514596
56037.616557
56038.804081
56039.227995
56039.712970
56040.213640
56041.133847
56041.806965
56042.441394
56043.313603
56043.920811
56044.239219
56045.027637
56046.025403
56046.403727
56046.856343
56048.370784
56048.727701
56049.832745
56050.002711
56050.961117
56051.494508
56051.931902
56052.475613
56053.324989
56054.193907
56054.975232
56055.472291
56056.122267
56057.130055
56057.872537
56058.374230
56059.162706
56059.555368
56060.450211
56061.452740
56061.806060
56062.363350
56063.020593
56063.453429
56064.208932
56065.391456
56066.128949
56066.984565
56067.474055
56068.103229
56068.734455
56069.195554
56070.297573
56070.478293
56071.371592
56072.154256
56072.652068
56073.695997
56073.988475
56075.211777
56075.487200
56076.053094
56077.657915
56077.865559
56078.367847
56078.932445
56079.634389
56080.497112
56080.807493
56081.751512
56082.115968
56083.296849
56084.071854
56084.935497
56085.451742
56086.072351
56086.495889
56087.291910
56087.960598
56088.874837
56089.302506
56090.389451
56090.658956
56091.094679
56091.836017
56093.096465
56093.707765
56094.433962
56095.224879
56095.543140
56096.577854
56097.147619
56097.684860
56098.031968
56098.737338
56099.675698
56100.460090
56101.299554
56102.070081
56102.382834
