58721.433279
58721.982509
58722.598204
58723.253031
58724.008673
58724.812418
58725.528953
58726.086096
58726.564331
58727.301182
58728.048907
58728.685595
58729.210179
58729.725797
58731.050319
58732.045027
58732.534284
58732.912533
58733.522365
58734.176667
58735.030808
58735.354976
58736.450283
58736.863931
58737.704666
58738.316031
58738.873931
58739.842846
58740.736804
58741.093899
58741.780449
58742.840368
58743.321285
58743.881867
58744.785151
58745.328280
58745.545313
58746.081414
58747.219808
58748.303135
58748.662605
58749.577980
58750.270967
58750.854358
58751.684817
58751.977170
58752.714056
58753.461901
58754.178807
58754.970102
58755.589717
58756.143542
58756.587455
58757.569250
58758.433383
58759.023726
58760.139184
58760.760013
58761.080967
58761.560468
58762.388263
58763.114851
58763.672261
58764.273975
58765.183385
58765.498265
58766.969838
58767.473425
58768.020677
58768.779231
58769.076265
58769.930832
58771.118213
58771.310467
58772.224284
58772.530628
58773.316321
58773.895113
58774.855496
58775.000692
58776.570353
58776.996861
58777.971103
58778.131399
58779.227055
58779.803247
58780.060794
58780.803410
58781.361960
58782.411050
58783.175497
58783.647718
58784.414654
58785.054145
58785.767553
58786.837568
58787.332379
58787.833646
58788.505623
58789.649690
