1064.071551
1065.121855
1066.463223
1067.418860
1067.990000
1070.535041
1071.618623
1072.543998
1073.570353
1074.747771
1076.266625
1076.924056
1078.647198
1079.809965
1081.171002
1082.952749
1083.295466
1084.183264
1085.647831
1086.911998
1088.755724
1089.795337
1090.863191
1091.728472
1093.440873
1094.284457
1095.433084
1096.401917
1098.841015
1099.360667
1100.574460
1101.839111
1102.551779
1103.732297
1105.617188
1106.774371
1107.774531
1109.158918
1110.444142
1111.443504
1112.432995
1113.397595
1115.065359
1116.787253
1117.965919
1118.684134
1119.473247
1121.155937
1122.458621
1123.101117
1125.314729
1125.763442
1127.658023
1128.430224
1129.728996
1130.391597
1131.495085
1133.708625
1134.885654
1135.562213
1136.929293
1138.151589
1138.992341
1140.721848
1141.261022
1142.858659
1144.782299
1145.485327
1146.576814
1147.501776
1148.615277
1149.982601
1151.562814
1152.943128
1153.890303
1154.697519
1156.621567
1157.432314
1158.001609
1159.480657
1161.396644
1162.487528
1163.701031
1164.737586
1165.271227
1166.943613
1168.086271
1169.698356
1170.463638
1172.120681
1173.305687
1174.232766
1175.215452
1176.632875
1177.106304
1179.701223
1180.653543
1181.267318
1182.582270
1183.712775
