29946.437142
29947.090936
29948.017958
29948.727935
29949.100035
29950.169157
29950.861195
29952.052133
29953.007337
29953.269067
29953.566826
29954.738134
29955.208388
29956.038953
29956.720030
29957.259172
29958.381281
29959.384534
29960.036231
29960.637723
29961.412627
29961.965900
29962.755369
29963.749552
29964.436008
29965.039502
29965.538404
29966.257815
29966.923503
29967.958564
29969.150705
29969.714056
29970.134028
29971.373934
29971.859594
29972.339284
29973.055178
29973.414498
29974.889949
29975.358420
29976.014566
29977.003322
29977.567305
29978.471367
29979.305875
29979.934726
29980.711794
29981.472368
29982.397571
29982.471794
29983.409355
29984.309664
29984.713867
29985.408912
29987.079007
29987.511223
29988.493935
29988.658607
29989.299001
29990.204552
29991.025772
29991.738268
29992.490920
29993.062106
29993.708652
29994.793159
29995.489451
29996.010577
29997.165208
29997.808918
29998.728208
29999.379225
29999.710029
30000.637707
30001.248319
30001.638329
30002.639078
30003.986962
30004.196972
30005.257971
30005.987677
30006.865648
30007.159856
30008.140122
30008.629836
30009.477868
30010.559507
30011.013867
30011.693900
30011.898750
30013.075925
30014.281446
30014.981357
30015.635195
30016.582736
30016.911355
30017.518625
30018.561774
30018.926709
30019.675261
