59476.618051
59477.610299
59477.968094
59478.496391
59479.276602
59479.751055
59480.958190
59481.446161
59482.022182
59482.722777
59483.662889
59484.185948
59484.897011
59485.786368
59486.568030
59486.877878
59487.819382
59488.147187
59488.639938
59489.697651
59490.248713
59490.633975
59491.761406
59492.982074
59493.084986
59494.253270
59494.540570
59495.073311
59495.436318
59496.651655
59497.420031
59497.975737
59498.422709
59499.035564
59499.967298
59500.479701
59501.403097
59502.082575
59503.113461
59503.351544
59504.371314
59504.910166
59505.492789
59506.057682
59506.607493
59507.339925
59507.874729
59508.803050
59509.983424
59510.395061
59510.888644
59511.660790
59512.512336
59513.145170
59513.618891
59514.419999
59515.029276
59515.820476
59516.409729
59517.273595
59517.401860
59518.153030
59519.064477
59520.313682
59520.807401
59521.451374
59522.129394
59522.593332
59523.197198
59524.001447
59524.418241
59525.205384
59526.257045
59526.621000
59527.034406
59528.480587
59528.835642
59529.717801
59530.091236
59530.622266
59531.894491
59532.435287
59533.031844
59533.505302
59534.185065
59534.665262
59535.314265
59536.308167
59537.090717
59537.727217
59538.871341
59539.296495
59539.854879
59540.369314
59541.191476
59541.872760
59542.152496
59543.229957
59543.967237
59544.540998
