52707.077484
52707.971539
52708.911136
52709.285984
52710.157898
52710.619801
52711.392263
52712.534512
52713.017112
52713.681881
52714.249334
52715.315046
52715.765869
52716.586718
52717.104626
52717.440932
52717.988847
52719.073771
52719.822427
52720.813898
52721.531928
52722.075002
52722.640277
52723.703593
52723.880860
52724.601194
52725.389321
52726.221440
52726.925717
52727.255682
52728.119059
52728.910268
52729.497176
52730.053760
52731.356663
52732.064986
52732.758344
52732.957038
52733.776054
52734.372827
52735.010202
52735.795399
52736.422464
52737.093316
52737.717538
52739.023039
52739.610772
52740.214404
52740.505562
52741.548946
52742.054423
52742.921144
52743.702742
52744.211675
52744.949331
52745.365524
52745.942982
52746.823115
52747.571032
52748.922202
52749.183004
52749.765939
52750.743678
52751.433296
52751.683291
52752.549472
52753.028883
52753.525076
52754.866968
52755.443027
52755.924263
52756.508957
52757.642742
52758.107303
52759.097273
52759.404617
52760.489861
52760.936851
52761.650573
52762.254007
52762.857786
52763.578219
52764.178575
52764.566670
52766.094861
52766.540201
52767.657076
52768.040302
52768.610628
52769.082340
52769.623553
52770.968993
52771.370785
52771.754897
52772.879253
52773.050261
52774.063977
52774.825424
52775.652616
52776.021247
