33264.108917
33264.623924
33265.358325
33266.125064
33266.628852
33267.518021
33268.713459
33269.174968
33270.206027
33270.901535
33271.352506
33272.019034
33272.600744
33273.143264
33274.246714
33275.040244
33275.725488
33276.228083
33277.415777
33278.039037
33278.938816
33279.410818
33279.784534
33281.273843
33281.769262
33282.166883
33282.884630
33283.811498
33284.002808
33284.929397
33286.400934
33286.909738
33287.859694
33288.087653
33289.129050
33289.463912
33290.295806
33291.119626
33291.787986
33292.327908
33293.239813
33294.246950
33294.702953
33295.420110
33296.168544
33297.266775
33297.939320
33298.790950
33299.018908
33299.895973
33300.375276
33301.445353
33301.757135
33302.490467
33303.670469
33304.537485
33305.418884
33305.767042
33306.724869
33307.123912
33307.798402
33308.595711
33309.586951
33310.321324
33310.854529
33311.291434
33311.941003
33313.356034
33313.844767
33314.767503
33315.651942
33315.896405
33317.047013
33317.646274
33318.016276
33318.605802
33319.369813
33320.364433
33321.392876
33321.687874
33323.016144
33323.390153
33324.089182
33324.680465
33325.851103
33326.376467
33326.900713
33327.756046
33328.473422
33328.961685
33329.781563
33330.509408
33331.179266
33332.734847
33333.206388
33333.821769
33334.290850
33334.868110
33335.773739
33336.408875
