55826.840669
55827.360987
55828.385091
55828.714972
55829.339829
55830.292475
55831.565147
55831.876370
55832.760553
55833.152495
55833.559079
55834.414358
55835.195484
55835.795517
55836.213946
55837.273029
55837.660021
55838.957726
55839.520371
55840.097395
55840.628975
55841.353984
55842.158154
55843.122664
55843.340375
55844.252310
55844.941260
55845.341607
55845.737602
55846.786024
55847.544393
55848.553888
55849.234210
55849.825645
55850.576606
55851.173158
55851.893237
55852.311352
55852.819429
55853.565264
55854.906744
55855.130260
55855.933802
55856.141863
55857.462050
55858.228037
55858.510338
55859.620922
55860.306833
55860.659589
55861.577736
55862.109399
55862.792153
55863.319652
55863.801457
55864.791134
55865.338456
55866.730595
55867.280036
55867.798723
55868.400644
55869.023027
55869.416304
55870.612718
55871.301937
55871.611275
55872.397481
55873.041332
55873.782124
55874.498813
55875.281841
55875.812089
55876.805605
55877.807728
55878.068419
55878.952669
55879.324085
55880.072722
55880.402165
55881.434189
55881.913956
55882.692613
55883.783545
55884.345972
55884.862228
55885.854860
55886.454148
55887.226007
55887.391975
55888.314674
55889.339333
55889.771653
55890.415465
55891.182397
55891.531580
55891.989147
55893.235676
55894.552194
55894.708202
55895.264100
