57069.219062
57069.621663
57070.557950
57070.827001
57072.428898
57073.191760
57073.467478
57074.272042
57074.838505
57075.436022
57076.095523
57076.702222
57077.438715
57078.294670
57078.799039
57079.557500
57080.114220
57081.321280
57081.845027
57082.299624
57082.882961
57084.096297
57084.659209
57085.311270
57085.868579
57086.144930
57087.133895
57087.482332
57088.425412
57089.424803
57089.893943
57090.912354
57091.696712
57092.164533
57092.705533
57093.287863
57094.011480
57094.723901
57095.520957
57096.043491
57097.043184
57097.410190
57097.914612
57098.763532
57099.770813
57100.457592
57101.252171
57102.155868
57102.274904
57102.743130
57104.010542
57104.516567
57104.703882
57105.589141
57106.109349
57107.388521
57108.108185
57108.834609
57109.279886
57109.936649
57110.660252
57111.327424
57112.042626
57112.890405
57113.453293
57113.906661
57114.653980
57115.382082
57115.789821
57116.812493
57117.742054
57118.266137
57119.282782
57119.815752
57120.374002
57121.173745
57121.561400
57121.765423
57122.951114
57124.050123
57124.288566
57124.798801
57125.942451
57126.517609
57127.356763
57128.047599
57128.504518
57129.235995
57130.091103
57130.784597
57131.474496
57131.836326
57132.396340
57133.400743
57133.598902
57134.550420
57136.038330
57136.378407
57137.056288
57137.442977
