15900.528664
15901.315272
15901.902783
15902.582188
15903.543162
15903.831481
15904.654849
15906.115386
15906.563735
15907.064214
15907.881743
15909.103692
15909.922569
15910.667776
15911.662950
15912.057597
15913.531112
15913.689495
15914.220594
15915.072514
15915.822210
15917.082477
15917.880001
15919.021596
15919.484549
15920.098504
15921.036188
15921.846428
15922.557003
15923.472279
15924.104185
15924.782005
15925.867854
15926.314070
15927.226765
15928.691634
15929.304003
15930.256080
15930.423785
15931.123102
15932.255803
15932.855729
15933.578356
15934.491807
15935.497630
15936.332856
15937.406632
15937.739680
15938.565218
15939.493066
15940.369687
15941.263602
15941.717924
15942.458330
15943.236669
15943.647170
15945.484057
15946.168134
15946.532346
15947.810848
15948.427796
15948.935571
15949.695873
15950.385867
15951.347059
15952.522432
15952.842894
15953.756290
15954.629614
15955.774394
15956.168861
15957.383541
15958.089319
15958.618850
15959.321166
15960.144283
15960.935937
15961.524753
15962.443470
15963.985249
15964.580108
15965.248058
15965.981255
15966.281169
15967.541206
15968.402247
15969.215842
15969.572190
15970.526971
15971.355630
15972.373023
15972.983311
15974.208952
15974.988999
15975.632965
15976.299269
15977.278733
15977.678304
15978.091448
15979.530447
