58308.574300
58309.540438
58310.111791
58310.544184
58311.210222
58312.141150
58312.327739
58313.658247
58314.698773
58315.320495
58315.533429
58316.313031
58316.773441
58317.563188
58318.424100
58319.282307
58319.371992
58320.337684
58320.925563
58321.773978
58322.468322
58323.064360
58324.010880
58324.504530
58325.655449
58326.087798
58326.650555
58327.203814
58327.825299
58328.622824
58328.924526
58329.795279
58330.783353
58331.688351
58332.093108
58332.773794
58333.868201
58334.313844
58334.598603
58335.600527
58336.018190
58337.101067
58337.665185
58338.236059
58338.882423
58339.430451
58339.809521
58341.335473
58342.143276
58342.412850
58343.247089
58344.146932
58344.376052
58345.005317
58345.833660
58346.412505
58346.943284
58347.863411
58348.530421
58349.239537
58350.394589
58350.670757
58351.330684
58351.949988
58352.737581
58353.708847
58354.422630
58354.657193
58355.453126
58355.750328
58356.859435
58357.401066
58357.918500
58358.895805
58359.932221
58360.631740
58361.200790
58361.808547
58362.172549
58362.991756
58363.680640
58364.096395
58365.363709
58365.718292
58366.453528
58366.829627
58368.078129
58368.365307
58369.347262
58370.222084
58370.821322
58371.163626
58372.044066
58372.916706
58373.350256
58373.936886
58374.309966
58374.978853
58376.125193
58377.021941
