24543.557022
24544.364524
24544.826602
24545.690187
24546.263197
24547.598848
24548.530026
24549.110723
24549.819943
24550.658005
24551.023946
24551.532843
24552.950225
24553.633375
24554.136419
24554.670620
24555.553969
24556.586207
24557.372758
24558.249811
24558.775560
24559.835951
24560.564941
24561.260285
24561.448480
24562.365542
24563.010800
24564.121780
24564.683223
24566.158824
24566.496811
24566.998845
24568.142710
24568.658721
24569.362481
24570.358122
24570.915012
24571.524685
24572.531225
24573.186573
24573.579093
24574.478257
24575.892638
24576.746103
24577.361911
24577.573076
24578.485553
24579.424901
24579.768515
24580.754140
24581.331970
24582.421709
24582.914920
24584.208044
24584.597704
24585.576918
24586.016980
24586.898079
24588.003805
24588.496003
24589.125094
24590.019805
24590.239932
24590.950134
24592.401134
24593.093097
24593.859670
24594.770244
24595.568928
24596.010462
24596.679614
24597.356587
24598.066532
24599.125685
24599.976695
24600.376777
24601.080644
24602.132932
24603.079488
24603.475331
24604.968194
24605.118666
24605.934269
24606.532676
24607.345714
24608.116496
24608.787373
24609.084803
24610.555961
24611.572422
24612.410257
24612.709858
24613.370663
24614.083286
24615.196399
24615.796273
24616.503307
24617.191915
24617.866979
24618.683919
