18283.769956
18284.942912
18285.626283
18286.513320
18287.156486
18287.763285
18288.476616
18288.882786
18290.341108
18290.726144
18291.652362
18292.886471
18292.981337
18294.320404
18294.837675
18295.984949
18296.539195
18297.202863
18297.971946
18298.976107
18299.444526
18299.920447
18300.781830
18302.341273
18303.313200
18303.610409
18304.373571
18304.964082
18306.146381
18306.388540
18307.552248
18308.102597
18309.119991
18309.634122
18310.477400
18311.648529
18312.265655
18312.909640
18314.408356
18314.641482
18315.263817
18316.274824
18316.536282
18317.279363
18318.510571
18319.379433
18320.031882
18321.116584
18322.088825
18322.482364
18323.015912
18323.916647
18324.974966
18325.568216
18326.593491
18326.837853
18327.732202
18328.435580
18329.698201
18330.637433
18331.466791
18332.040217
18332.633661
18333.352342
18334.451276
18334.690423
18335.604559
18336.366590
18337.614808
18338.441758
18339.111823
18339.589980
18340.600687
18341.620781
18342.179697
18343.077915
18343.592572
18344.308330
18345.122708
18345.885579
18346.510094
18348.130875
18348.647215
18349.321382
18350.440619
18350.681137
18351.433021
18351.970920
18353.227195
18354.136905
18354.673335
18355.068181
18356.518461
18357.060162
18358.242503
18358.638721
18359.470085
18360.499732
18361.308797
18361.699251
