21712.207894
21712.971907
21713.328763
21714.383585
21715.197597
21715.731264
21716.674317
21717.174869
21718.323100
21718.997628
21719.845201
21720.382296
21721.462273
21722.482367
21723.054623
21723.594665
21724.304794
21724.963580
21725.809043
21726.363764
21727.310507
21728.611672
21729.107015
21729.994414
21730.770127
21731.423222
21731.987187
21732.548810
21733.903705
21734.535718
21735.066252
21735.764914
21736.389546
21737.373147
21738.816175
21739.232179
21739.686991
21740.953886
21741.523379
21741.918935
21742.871358
21743.258266
21744.279662
21745.106196
21746.115371
21747.032897
21747.669145
21748.181110
21749.148791
21749.811451
21750.911217
21751.423475
21752.158969
21752.497211
21753.749297
21754.359217
21754.788965
21756.162723
21757.222163
21758.028211
21758.269808
21759.159281
21759.529061
21760.636150
21761.226850
21762.118856
21763.165190
21763.285727
21764.555350
21765.639893
21765.779932
21767.130357
21767.478961
21768.580654
21769.110974
21770.028624
21770.646864
21771.115447
21771.518691
21773.048352
21774.173629
21774.548883
21775.527842
21776.084693
21776.874382
21777.698901
21778.137396
21778.995566
21779.917551
21780.918740
21781.150730
21781.909528
21783.278370
21783.540066
21784.770531
21785.878451
21786.066960
21786.824330
21787.528103
21788.135623
