60984.478136
60985.349059
60985.608632
60986.234707
60986.832833
60987.786541
60988.809657
60989.246510
60989.988792
60990.592922
60991.411384
60992.057187
60992.629081
60993.095613
60993.792204
60994.263296
60995.065407
60996.245947
60996.896775
60997.432478
60998.409228
60998.791881
60999.354461
60999.973898
61001.000890
61001.624730
61002.116895
61002.676974
61003.521772
61004.058898
61005.067666
61005.149313
61006.258842
61007.276070
61007.893314
61008.731729
61009.208737
61009.641120
61009.959934
61011.053240
61011.876747
61012.098880
61012.945430
61014.075330
61014.207166
61015.552227
61015.847857
61016.711646
61017.197871
61017.870907
61018.717495
61019.412606
61020.043453
61020.730882
61021.202022
61021.717313
61022.320325
61023.168545
61024.642685
61024.909679
61025.541520
61026.139332
61027.056712
61027.579712
61028.114743
61028.764886
61029.173329
61030.299613
61030.958062
61031.736354
61031.917020
61033.175228
61033.554546
61034.339676
61035.206468
61036.036037
61036.430778
61037.204358
61037.769339
61038.387303
61038.803179
61039.812279
61040.166211
61041.214432
61041.575910
61043.232970
61043.565780
61043.814946
61044.689438
61045.165499
61045.788308
61046.710115
61047.630610
61047.895122
61048.759356
61049.019645
61049.904597
61050.834528
61051.411967
61052.146065
