18834.013906
18835.255535
18835.553601
18836.432443
18837.662235
18838.330046
18839.117967
18839.660164
18840.877889
18841.591615
18841.824598
18842.885423
18843.169943
18844.063148
18845.576962
18846.247251
18846.969584
18847.656616
18848.661565
18849.157978
18849.648621
18850.961078
18851.446646
18852.223054
18852.937398
18854.083031
18854.175226
18855.543448
18856.347396
18857.585976
18858.019330
18858.535474
18859.245931
18859.929258
18860.931308
18861.514496
18862.355450
18863.134052
18864.639845
18864.967212
18865.681640
18866.321571
18867.268233
18868.047892
18869.169501
18869.370599
18870.272885
18871.057117
18871.357725
18872.715633
18873.807014
18874.507120
18875.485169
18875.660439
18876.817770
18877.633101
18877.872210
18878.444783
18880.054457
18880.525197
18881.225088
18882.132347
18882.973842
18883.805283
18884.621743
18885.536576
18886.004284
18886.873068
18887.740860
18888.153509
18888.887733
18889.670300
18890.710694
18891.855591
18892.805022
18893.333065
18893.829454
18894.458908
18895.383280
18896.358157
18897.069732
18897.874705
18898.124888
18899.409393
18900.218479
18901.054187
18901.656419
18902.913943
18903.543968
18904.274616
18904.835937
18905.364399
18906.295712
18906.950861
18907.805566
18909.141703
18909.758745
18910.330948
18911.461879
18911.974040
