46192.817445
46194.052709
46194.451484
46195.525847
46196.222419
46196.829070
46197.546247
46197.775839
46198.482837
46199.273870
46200.362046
46200.880652
46201.449949
46202.106001
46202.803806
46204.079522
46204.455164
46204.986621
46206.064114
46206.734625
46207.172139
46208.144884
46208.447790
46209.182941
46209.749979
46210.510458
46211.171608
46212.724475
46213.221838
46213.477686
46214.358953
46214.923288
46215.774212
46216.288048
46217.288898
46217.688928
46218.341978
46219.121938
46220.044720
46220.460091
46221.061330
46222.059198
46223.151776
46223.779588
46224.195412
46224.988153
46225.579493
46226.215020
46226.601418
46227.535534
46228.435199
46228.825368
46229.916360
46230.656797
46231.310274
46232.150951
46232.720110
46233.338483
46233.729248
46234.958426
46235.764426
46236.085005
46236.774552
46237.157356
46237.935319
46238.915945
46239.893682
46240.788148
46241.095026
46241.979883
46242.818438
46243.044370
46243.839459
46244.564241
46244.960186
46246.054274
46246.784257
46247.252065
46248.327987
46248.918007
46249.571922
46250.147152
46251.183640
46252.084996
46252.432461
46253.040004
46253.558358
46254.534880
46255.161275
46255.634485
46256.183465
46257.447172
46258.285626
46259.253272
46259.599412
46260.133980
46260.587793
46261.554723
46262.316800
46262.849512
