36616.164324
36616.639209
36617.258993
36617.793950
36618.190231
36619.145617
36620.184626
36620.729547
36621.689340
36622.355223
36623.319529
36623.886781
36624.354111
36625.215028
36625.773443
36626.706430
36627.617141
36628.036053
36628.408534
36629.476124
36629.968035
36630.833158
36632.167127
36632.832164
36633.369781
36633.709170
36634.588551
36635.415840
36635.907518
36636.556694
36637.419643
36638.000100
36638.911855
36640.211668
36640.327181
36641.008117
36641.799522
36642.756819
36643.477864
36644.336555
36644.491632
36645.541375
36646.096286
36646.528235
36647.455178
36648.217731
36649.277183
36650.227398
36650.578501
36651.641785
36651.955579
36652.785001
36653.172794
36653.836862
36655.162168
36655.618517
36656.225762
36657.018149
36657.378374
36658.949084
36659.275278
36660.036003
36660.716878
36661.857712
36662.063156
36662.816609
36663.651977
36664.021756
36664.660301
36665.484342
36666.648258
36667.445434
36668.311563
36668.658361
36669.403623
36670.162266
36670.562206
36672.029213
36672.274684
36672.613505
36673.649508
36674.565027
36674.969139
36675.691144
36676.609020
36677.551365
36678.453674
36679.264145
36679.450506
36680.128857
36680.804875
36681.607851
36682.294770
36682.907870
36683.872380
36684.595435
36685.476257
36686.187941
36686.907948
36687.598670
