74653.661847
74654.246751
74654.859791
74655.723699
74656.293033
74656.986522
74657.881066
74658.385124
74659.335082
74660.320490
74660.436545
74661.269928
74661.704373
74661.973891
74663.187502
74663.540987
74664.429892
74664.897414
74666.123954
74666.388652
74667.198118
74668.084262
74668.532742
74669.035681
74669.884743
74670.522901
74671.232501
74671.832717
74672.523251
74673.161151
74673.577807
74673.939445
74675.087676
74676.380573
74676.768534
74677.300718
74677.910178
74678.423005
74679.481219
74679.885932
74680.152697
74681.039021
74681.902581
74682.326649
74683.429336
74683.696443
74684.553016
74685.468581
74685.775077
74686.480403
74687.613723
74688.009829
74688.627982
74689.376520
74689.735847
74690.528813
74690.744787
74691.883396
74692.557769
74693.029132
74694.104990
74695.096039
74695.437191
74695.987887
74696.638702
74697.036546
74697.808131
74698.580209
74699.497537
74700.007332
74700.455917
74700.956589
74701.864055
74702.660933
74703.405997
74703.954688
74705.023938
74705.490542
74706.001507
74706.590880
74707.479347
74708.021103
74708.295352
74709.042127
74709.678986
74710.701706
74711.678897
74712.088480
74712.874504
74713.242121
74713.967128
74714.878349
74715.418287
74715.955984
74716.747625
74717.257913
74717.999166
74718.820030
74719.037782
74719.776502
