33190.804967
33191.343189
33192.177603
33192.533597
33193.483417
33194.062563
33195.405005
33196.002019
33196.950421
33197.517503
33198.057590
33198.406263
33199.435775
33200.524516
33201.073597
33201.474860
33202.298659
33202.894451
33203.923230
33204.681437
33205.472250
33206.195691
33207.158601
33207.849838
33208.369965
33208.978559
33209.356710
33210.554464
33210.853063
33211.798490
33212.989117
33213.635530
33213.989998
33215.344259
33215.468004
33216.397333
33217.213724
33217.846569
33218.469308
33219.371579
33220.053945
33220.599643
33221.121204
33221.837087
33223.601371
33223.953465
33224.523654
33225.226588
33226.034211
33226.437553
33227.402076
33227.812836
33228.766886
33229.452019
33230.256126
33230.951031
33231.973980
33232.596680
33233.238999
33233.828790
33234.977409
33235.630281
33236.223064
33236.959656
33237.460497
33237.726447
33239.162601
33239.577715
33240.688856
33241.408376
33242.507008
33242.843028
33243.499091
33244.197824
33244.760907
33245.470485
33246.611624
33247.150960
33247.879111
33248.211618
33249.400757
33250.009753
33250.862842
33251.916620
33252.559434
33253.054688
33253.597767
33254.535120
33255.350274
33255.692934
33256.152388
33257.251079
33258.166764
33259.501235
33259.713917
33260.196879
33261.067913
33261.785365
33262.755318
33263.162826
