25377.606951
25378.268034
25378.788672
25379.704006
25380.426007
25381.431605
25382.197431
25383.249832
25384.078138
25384.573471
25384.883640
25386.046690
25386.443363
25387.106353
25388.297992
25388.972009
25389.635739
25390.369484
25391.389364
25392.010428
25392.832620
25393.890962
25394.167752
25394.894982
25395.924583
25396.681492
25396.926062
25397.542359
25398.462523
25400.075444
25400.524915
25401.194969
25401.983479
25402.489454
25403.299420
25404.072414
25404.720155
25405.695203
25406.202672
25407.054159
25407.635437
25408.708270
25409.465610
25410.083521
25411.165417
25411.965922
25412.590311
25413.287109
25413.602688
25414.228530
25415.493648
25416.008100
25416.778137
25417.988319
25418.547972
25419.536061
25420.086143
25420.690075
25421.168187
25422.557082
25422.981226
25423.764358
25424.476569
25424.889912
25425.981843
25426.391790
25428.066191
25428.664696
25429.077511
25429.806903
25430.699932
25431.326790
25431.892243
25432.661367
25433.334383
25434.167161
25435.515756
25435.834673
25436.628199
25437.338947
25438.215127
25439.070645
25439.791092
25440.398423
25441.262070
25441.654609
25442.700753
25442.937037
25444.024701
25444.964059
25446.110757
25446.598623
25447.670703
25447.835271
25448.815642
25449.010557
25450.147918
25451.108575
25451.824528
25452.519844
