46968.822398
46969.628403
46969.872967
46970.542597
46971.113997
46972.351060
46972.863740
46973.844495
46974.665651
46975.112150
46975.827109
46976.196478
46977.340238
46978.073857
46978.598012
46979.169249
46979.927037
46980.504167
46981.172740
46982.063686
46982.684544
46983.540125
46984.700064
46985.337701
46985.740775
46986.105379
46986.903553
46987.743645
46988.083862
46989.326043
46989.633560
46990.491795
46991.194983
46992.097884
46992.810311
46993.376091
46994.259658
46994.670203
46995.701073
46996.317348
46996.787259
46997.823661
46998.058007
46998.668236
46999.165405
47000.554638
47001.549734
47002.175116
47002.418567
47003.217501
47004.277442
47004.621363
47005.071622
47005.921471
47006.784928
47007.367271
47008.153042
47008.809907
47009.538125
47010.066245
47011.191298
47011.824163
47012.502817
47013.477388
47013.886975
47014.421295
47015.064997
47015.559012
47016.746447
47016.973429
47017.866741
47018.711687
47019.982364
47020.213674
47021.015584
47021.534450
47022.163124
47022.643013
47024.077822
47024.528281
47024.812788
47025.629567
47026.264838
47026.983511
47027.852253
47028.601219
47029.735016
47030.120526
47030.785109
47031.644329
47032.035216
47032.842421
47033.298375
47034.005213
47034.556222
47035.864467
47036.308739
47037.186922
47037.791633
47038.434671
