28532.601987
28533.555414
28534.389040
28535.255516
28536.008420
28536.574117
28537.301808
28538.476844
28538.908812
28539.843233
28540.371898
28541.096203
28541.897848
28542.345448
28542.987327
28544.062196
28544.663371
28546.033930
28546.719158
28547.122134
28548.073042
28548.420054
28549.104626
28549.883629
28551.151350
28551.679203
28551.962962
28552.696002
28553.889517
28554.850174
28555.101231
28556.246754
28556.965873
28557.738533
28558.427444
28559.095342
28559.396781
28560.386041
28560.839201
28561.975569
28562.873726
28563.796063
28564.509980
28564.874546
28565.804914
28566.519815
28567.303573
28568.008459
28568.539480
28569.505031
28570.283025
28570.764605
28571.371582
28572.247084
28573.782002
28574.161479
28574.842222
28575.631023
28576.083627
28576.698611
28577.820774
28578.148740
28578.857870
28579.990254
28580.668011
28581.390299
28582.508831
28583.031470
28583.485132
28584.326339
28585.313207
28586.244217
28586.648288
28587.086409
28587.931101
28588.504956
28589.399100
28590.668918
28591.314979
28591.833007
28593.104118
28593.444379
28594.029423
28594.537654
28595.450857
28596.276146
28597.084418
28597.823796
28598.435398
28599.195741
28600.284348
28600.626133
28601.928903
28602.435057
28603.206940
28603.736997
28604.446640
28605.271910
28605.815816
28606.717646
