8586.174833
8587.197320
8587.711288
8588.094852
8589.642476
8590.127188
8591.095567
8591.803792
8592.920901
8594.055748
8594.502062
8595.550909
8596.787241
8597.384498
8598.230072
8599.006813
8599.431780
8600.495518
8601.336163
8602.800930
8603.667158
8604.204875
8605.372037
8606.065011
8606.596847
8607.469584
8608.874054
8609.476576
8609.969946
8610.900549
8612.007241
8613.349092
8614.153530
8614.570297
8615.778990
8616.334145
8617.170423
8617.682388
8619.004610
8619.610075
8621.154330
8621.952650
8622.390314
8623.284603
8624.220096
8625.481069
8626.016582
8626.570046
8627.469440
8628.431748
8629.276843
8630.330799
8631.669465
8632.398793
8633.071914
8633.591393
8634.592755
8635.206921
8636.439865
8637.187563
8638.150805
8638.929026
8640.056739
8640.930858
8641.656960
8642.643422
8643.454487
8644.166494
8645.314890
8645.629539
8646.021671
8648.180817
8648.774619
8649.780880
8650.239461
8651.375577
8651.868483
8652.861534
8653.778576
8654.501099
8655.647399
8656.072710
8657.338800
8658.222107
8659.065463
8660.464749
8660.894985
8661.469178
8662.186065
8663.160874
8664.068204
8664.933277
8666.008296
8667.232034
8668.106266
8668.375532
8669.317504
8670.233446
8671.639127
8671.820091
