9878.654772
9879.036733
9879.884490
9881.102360
9882.192215
9882.831960
9883.648049
9884.820980
9885.417235
9885.831209
9886.927710
9887.495618
9888.361557
9890.123508
9890.457523
9891.628625
9892.017784
9892.882951
9893.964140
9894.773148
9895.597360
9896.023338
9897.287439
9898.182959
9898.405455
9900.125286
9901.066140
9901.825966
9902.414483
9903.156618
9903.791439
9904.892760
9905.493254
9906.664873
9907.434385
9908.602150
9909.272060
9910.349448
9910.681429
9911.831981
9912.738467
9913.738705
9914.211424
9914.653565
9915.596173
9917.067913
9918.138431
9918.705972
9919.625835
9920.376610
9921.243519
9921.715530
9922.554020
9923.879935
9924.433066
9925.273041
9926.413061
9927.151435
9927.864383
9929.442999
9929.761473
9930.426213
9931.256052
9932.269131
9932.650954
9933.826454
9934.527161
9936.297215
9936.799862
9937.375081
9938.090292
9938.884224
9940.057687
9940.795859
9941.500484
9942.487113
9942.896982
9944.195973
9945.165420
9946.088848
9947.064628
9947.591101
9948.742044
9949.102999
9949.990912
9950.398845
9951.907364
9952.854372
9953.866783
9954.182584
9955.724033
9956.068336
9956.810139
9958.007999
9958.649698
9959.512987
9960.295355
9960.856547
9961.770868
9963.326931
