47391.629311
47392.069661
47392.520641
47393.190441
47393.845029
47394.877494
47395.414646
47396.153542
47396.724072
47397.341041
47397.909413
47399.119978
47399.347323
47400.206761
47401.560595
47401.795123
47402.667064
47403.193957
47403.902714
47404.443023
47405.006102
47405.583323
47406.671421
47407.286317
47408.248850
47408.677245
47409.470076
47410.608658
47410.782756
47411.574308
47412.378406
47412.870320
47413.843723
47414.494961
47415.143862
47415.494220
47416.070094
47416.893301
47418.289870
47418.896532
47419.434545
47420.256923
47420.840628
47421.355321
47421.971655
47422.831072
47423.426724
47424.130219
47424.857194
47425.595945
47426.343990
47427.167119
47427.911650
47428.361668
47429.089310
47430.293416
47431.036281
47431.263525
47431.560206
47432.600535
47433.300214
47433.879901
47434.519881
47435.491280
47436.436271
47437.176907
47437.964233
47438.327702
47438.959430
47439.648849
47440.216059
47441.370998
47441.673196
47442.705744
47443.002691
47443.945738
47444.217515
47445.394182
47446.423797
47446.961452
47447.512966
47448.350837
47448.825922
47449.736157
47450.306878
47450.773655
47451.131326
47452.247400
47453.228596
47453.884081
47454.917846
47455.137780
47455.784063
47456.839691
47457.394331
47457.829814
47458.933948
47459.514660
47459.982876
47460.666218
