65551.826666
65552.178386
65552.967614
65553.677472
65554.205716
65555.317550
65555.618984
65556.569697
65557.395158
65557.897804
65558.439997
65559.032104
65560.390454
65560.713507
65561.248474
65561.603139
65562.668724
65562.724551
65563.978834
65564.286258
65565.599533
65565.977866
65566.948460
65567.623290
65568.205812
65568.709122
65569.047260
65570.000653
65570.589583
65571.702883
65571.935241
65572.579572
65573.547260
65573.884852
65574.712843
65575.723520
65576.271194
65577.120963
65577.758029
65578.103249
65578.818822
65579.741243
65580.139172
65580.728776
65581.142921
65582.059623
65583.053421
65584.087335
65584.613890
65584.977257
65585.431724
65586.578341
65587.034874
65587.644833
65588.424316
65589.142207
65589.658437
65590.387657
65590.809591
65591.675888
65592.400898
65593.133950
65594.077922
65594.735381
65595.481864
65595.968540
65596.496031
65597.222103
65597.769338
65597.989909
65599.453845
65600.023782
65600.393738
65601.088540
65602.386819
65602.720441
65603.390058
65604.153341
65604.455135
65605.481446
65606.183861
65606.897266
65607.371079
65607.898062
65608.512875
65609.120014
65609.904062
65610.983309
65611.814264
65612.498021
65612.926774
65613.446786
65614.271598
65614.764783
65615.513118
65616.330911
65616.509237
65617.508170
65618.317364
65618.992564
