73581.218909
73582.378640
73582.487063
73583.631648
73584.260615
73584.639751
73585.436394
73586.084469
73586.542559
73587.673032
73588.077933
73588.956904
73589.670592
73590.583581
73591.016615
73591.740480
73591.996530
73592.705442
73593.171945
73594.134168
73594.963184
73595.564703
73595.883917
73597.364905
73597.662889
73598.260631
73599.075260
73599.507501
73600.160397
73600.997392
73601.764356
73602.415363
73602.711349
73603.517814
73604.056884
73604.587295
73605.514393
73606.547435
73607.455436
73607.925416
73608.218354
73608.777080
73609.879834
73610.474968
73610.650346
73611.368731
73612.344778
73612.794586
73613.758621
73614.384932
73615.143845
73615.619723
73616.193564
73617.373474
73617.718791
73618.579846
73619.090741
73619.682765
73620.304050
73620.956680
73621.469109
73622.100438
73622.880220
73623.915205
73624.435757
73625.501058
73625.900369
73626.544566
73627.068080
73627.795020
73627.906771
73629.223053
73629.938454
73630.379755
73631.062895
73631.470340
73632.203033
73633.267051
73634.106777
73634.336691
73635.221531
73636.008763
73636.785156
73637.125614
73637.778685
73638.272051
73639.013649
73639.666220
73640.022429
73641.350295
73642.035308
73642.667474
73643.254229
73644.024068
73644.440476
73645.071379
73646.075329
73646.673773
73647.015334
73647.799478
