10049.391328
10049.926325
10050.486340
10051.349057
10052.163555
10053.327193
10054.354850
10055.203177
10056.143956
10056.617249
10057.603014
10058.329123
10058.811934
10059.844775
10060.775329
10062.309512
10062.656191
10063.479254
10064.311095
10065.325453
10066.345378
10066.713406
10067.636020
10068.698969
10069.253551
10069.832670
10071.099619
10072.355741
10073.479214
10073.648643
10074.589654
10075.291872
10076.112937
10076.835141
10078.110533
10078.837457
10079.243864
10080.860166
10081.549987
10082.171789
10083.006831
10084.414566
10084.692785
10085.765052
10086.299054
10086.688407
10087.985149
10089.271409
10090.058993
10091.029958
10091.799143
10092.338767
10093.220539
10094.085166
10094.852038
10095.871378
10096.593534
10097.435473
10098.349034
10099.069323
10100.692196
10101.057303
10102.052180
10102.506272
10103.279650
10104.399915
10104.989014
10105.546035
10107.048063
10108.278190
10108.649560
10109.477910
10110.341554
10110.989128
10112.204258
10112.940879
10113.849020
10114.014153
10115.277431
10116.012498
10117.551403
10118.175293
10118.790580
10120.258762
10120.473986
10121.075650
10121.811872
10122.938099
10124.103683
10124.618205
10125.685579
10126.596546
10127.447135
10128.281282
10129.028309
10130.045754
10130.849810
10131.335457
10132.299913
10132.997104
