16460.132308
16460.877644
16462.192515
16462.493114
16463.493091
16464.285897
16465.081271
16465.554410
16466.749402
16467.304495
16468.305651
16468.648077
16469.550468
16470.023924
16472.087199
16472.322053
16473.049929
16473.718887
16474.726326
16475.365853
16475.744588
16476.936199
16477.483744
16478.564834
16479.274961
16480.384067
16480.936955
16481.652767
16482.707754
16483.383468
16484.591770
16484.873163
16485.422216
16486.135141
16487.307233
16487.796518
16488.991771
16489.975034
16490.826971
16491.692449
16491.991790
16492.616382
16493.578447
16494.508848
16495.426205
16496.024620
16496.590555
16497.558404
16498.672212
16499.239528
16500.482099
16501.089135
16501.620423
16502.553229
16503.277827
16503.955314
16504.578130
16505.100068
16506.965021
16507.287504
16508.365643
16508.950506
16509.429388
16510.654539
16511.335254
16511.995203
16512.705033
16513.800059
16514.283181
16514.861814
16515.946414
16517.001182
16517.871812
16518.865076
16519.424451
16519.928647
16520.791800
16521.252193
16522.292383
16523.221124
16524.067987
16524.547730
16525.885653
16526.701575
16527.402420
16527.638746
16528.954016
16529.866869
16530.559181
16531.024398
16531.722970
16532.473952
16533.325472
16534.636944
16535.581172
16536.206397
16536.832282
16537.608806
16538.545335
16538.824477
