30390.967514
30391.842144
30392.496229
30393.697516
30394.261983
30394.953288
30395.782886
30396.382288
30397.139246
30398.334671
30398.645583
30399.221916
30399.885731
30401.084597
30401.354669
30401.889146
30402.844718
30404.225356
30405.042074
30405.398702
30406.128127
30406.672513
30407.438923
30408.124151
30408.897741
30409.867524
30410.304235
30411.075039
30411.934164
30412.704929
30413.768406
30414.064561
30415.082284
30415.757280
30416.566493
30417.382936
30417.876014
30418.220274
30418.868951
30420.007141
30420.937811
30421.818977
30422.458059
30423.285968
30423.859372
30424.621874
30425.410613
30425.639993
30426.810374
30427.664173
30428.318870
30428.573614
30429.638049
30430.513752
30430.964175
30432.453910
30432.954363
30433.595645
30434.356547
30434.572734
30435.672252
30436.307631
30436.838445
30437.858289
30438.271158
30439.647129
30440.446678
30441.095586
30441.340593
30442.171472
30443.269423
30443.925912
30444.579424
30445.310775
30445.925537
30446.383820
30447.522423
30447.798129
30449.373755
30449.927395
30450.568437
30451.436310
30452.235548
30452.519742
30453.263063
30453.999552
30454.562839
30455.862886
30456.504074
30456.900962
30457.764825
30458.760986
30459.601702
30460.142382
30460.814233
30461.735509
30462.545219
30462.831205
30463.840915
30464.273960
