69072.746607
69073.925264
69074.174615
69074.964542
69075.403169
69075.985574
69077.303285
69077.749767
69078.174390
69078.769735
69079.433871
69080.100665
69080.604540
69081.358014
69082.304221
69083.278668
69083.749560
69084.504920
69085.174736
69085.588307
69086.326074
69086.944132
69087.363861
69088.365723
69088.878349
69089.862588
69090.386188
69090.904162
69091.328570
69092.739986
69093.256382
69093.715184
69094.760419
69095.188154
69095.597372
69096.570557
69097.127186
69097.637699
69098.193694
69098.676660
69099.852124
69100.784662
69101.419392
69101.943701
69102.673854
69103.374510
69103.576155
69104.431607
69105.439653
69105.933242
69106.657554
69106.997429
69107.680933
69108.571906
69109.100660
69110.157049
69110.487493
69111.480791
69112.313883
69112.986389
69113.334424
69114.041572
69114.327626
69115.179101
69115.777164
69116.842977
69117.226903
69117.889465
69118.972817
69119.548157
69120.159989
69120.790376
69121.415488
69122.275396
69122.679316
69123.489999
69124.256721
69124.886433
69125.266066
69125.839654
69126.722521
69127.039447
69128.677834
69129.260819
69129.693762
69130.152941
69130.852358
69131.600439
69132.395675
69132.788914
69133.172599
69134.233979
69134.919575
69135.605298
69136.142182
69137.264134
69137.554437
69138.151030
69139.176227
69139.907024
