5074.911470
5076.598637
5077.152989
5078.001109
5079.612726
5080.123622
5081.130097
5081.694344
5082.317781
5083.769848
5084.387439
5085.944230
5086.999761
5087.532668
5088.598901
5089.178093
5090.345876
5091.262957
5092.401941
5092.837760
5093.668880
5095.086913
5096.637933
5096.959423
5097.814429
5098.956789
5099.610743
5100.491462
5101.034063
5102.645948
5103.728341
5104.418093
5105.638635
5106.052225
5107.385740
5108.447770
5108.959096
5109.838982
5110.806041
5111.503124
5113.010157
5113.946042
5115.372842
5115.726762
5116.560557
5117.025993
5118.533838
5119.365669
5120.240023
5121.083490
5122.454781
5123.302893
5124.061784
5125.253686
5126.279118
5126.729993
5127.741716
5128.681624
5128.964483
5131.043898
5132.007167
5132.683137
5133.306575
5134.663043
5135.171964
5136.129936
5137.206291
5138.042957
5139.121530
5139.679125
5141.096623
5142.447907
5142.902032
5143.933700
5144.587752
5145.480449
5146.149645
5147.562791
5148.253527
5149.768260
5150.709614
5151.141849
5152.186214
5152.953127
5154.656845
5154.899143
5155.493362
5156.509447
5157.819065
5158.954824
5160.057736
5160.852779
5161.605392
5162.587186
5163.060164
5164.102312
5165.306771
5166.191972
5167.483594
5167.990828
