48726.173460
48726.730702
48727.594459
48728.311523
48729.034959
48729.577309
48730.319204
48730.951556
48731.613701
48732.350400
48733.455512
48734.146610
48735.089444
48735.335856
48735.948996
48736.545046
48737.237008
48738.059514
48738.775678
48739.314304
48739.870368
48741.368294
48741.739420
48742.324365
48743.194260
48743.654715
48744.250076
48745.393903
48746.092837
48746.471535
48747.002704
48747.967727
48748.288007
48749.028752
48749.915344
48751.187802
48751.662719
48752.176154
48752.940397
48753.810536
48754.293896
48754.811301
48755.234145
48756.223589
48757.206993
48757.676696
48758.503130
48759.015864
48759.728015
48760.831643
48761.379589
48762.037258
48762.768982
48763.590249
48763.919243
48764.859271
48765.451445
48765.771051
48766.564646
48767.446255
48768.260525
48769.534654
48769.844083
48770.527103
48771.235019
48771.406654
48772.459403
48773.254803
48773.946029
48774.582409
48775.172917
48775.690959
48776.616991
48777.549983
48778.122335
48778.604408
48779.840387
48780.625607
48780.981537
48781.594448
48782.146094
48783.046369
48783.330951
48784.120295
48785.079435
48785.952996
48786.456136
48787.483646
48788.131931
48788.527148
48789.385716
48790.168831
48790.563222
48791.419111
48792.132616
48793.164716
48793.316718
48793.861519
48794.521901
48795.568539
