13715.656537
13716.087378
13717.184990
13717.586911
13718.318091
13719.215370
13719.902914
13721.105177
13721.465504
13722.178491
13723.476717
13724.177958
13724.694607
13725.950825
13726.929389
13727.666684
13728.405412
13728.871256
13729.467424
13730.756095
13731.107283
13732.113630
13733.368971
13734.220097
13734.900000
13735.629213
13736.519623
13736.959412
13738.016249
13739.112801
13739.668439
13740.170758
13741.044046
13741.753510
13743.441466
13743.999687
13744.579490
13745.585531
13746.225342
13747.234352
13747.459449
13748.222635
13749.413278
13750.375195
13751.097852
13752.063388
13752.978526
13753.314643
13754.533621
13755.382270
13756.281684
13756.471909
13757.713988
13758.062443
13759.082701
13759.905814
13760.983672
13762.322996
13762.798155
13763.495970
13763.860985
13764.763439
13765.962029
13766.403145
13767.637946
13767.883589
13768.958616
13770.105793
13770.804563
13771.440396
13772.680808
13773.424240
13773.764480
13775.097703
13775.350817
13775.952741
13776.819281
13778.269290
13779.342685
13779.695472
13780.501722
13781.573319
13782.116110
13782.804971
13783.796303
13784.420405
13785.725938
13785.930137
13786.700240
13787.766870
13788.865677
13789.960702
13790.396653
13791.276315
13792.007703
13792.491227
13793.298659
13794.351286
13795.056716
13795.793031
