31868.548549
31868.919369
31869.553927
31870.381375
31870.977061
31871.620938
31873.057203
31873.646424
31874.460414
31874.789323
31875.585027
31876.471024
31877.032869
31877.706089
31878.037022
31879.095508
31880.287511
31880.820935
31881.688674
31882.387217
31882.840122
31883.729768
31884.537349
31885.395690
31885.826928
31886.703836
31887.231152
31887.884539
31888.579173
31889.524949
31890.577903
31891.047160
31892.490998
31892.588782
31893.418921
31893.772344
31894.501511
31895.326237
31896.275771
31896.943569
31897.749218
31898.064099
31899.311394
31900.260780
31900.670342
31901.148922
31902.476910
31903.021877
31903.488889
31904.404107
31905.054012
31905.439459
31906.208274
31906.945726
31908.393383
31909.151969
31909.614678
31910.155484
31911.064744
31911.595743
31912.513307
31913.062424
31913.773433
31914.501018
31915.446138
31916.149280
31916.541183
31917.563385
31918.319094
31919.569437
31919.923538
31920.578520
31921.339014
31922.006310
31922.494777
31923.161870
31924.139596
31924.771082
31925.607878
31926.853814
31927.176432
31928.049271
31928.951732
31929.138003
31929.746401
31931.186349
31931.635844
31932.445039
31932.821014
31933.222728
31934.519627
31935.133887
31936.295476
31936.908579
31937.688672
31938.241223
31939.251943
31939.551082
31940.132866
31940.881195
