30908.953422
30909.579422
30910.452130
30911.217480
30912.507129
30913.105142
30913.551833
30914.526525
30915.054577
30915.777822
30916.093229
30917.288769
30917.781849
30918.440300
30919.507066
30920.667627
30921.149650
30921.563360
30922.460566
30922.977457
30924.135945
30924.908365
30925.452479
30925.756805
30926.688228
30927.410480
30928.299343
30928.812418
30930.183853
30930.815208
30931.557161
30932.107840
30932.821925
30933.415364
30934.021850
30934.726658
30935.780802
30936.456656
30937.232198
30937.800451
30938.724579
30939.544635
30940.373042
30940.946341
30941.774818
30942.353396
30943.153191
30944.037672
30944.493812
30944.866162
30945.536808
30947.156000
30947.667969
30948.764262
30949.060178
30949.809043
30950.416366
30951.330701
30951.770778
30952.829600
30953.380230
30954.077665
30954.905646
30955.435332
30956.582168
30957.350562
30957.611441
30959.050787
30959.924850
30960.067185
30960.636107
30961.446941
30962.127877
30962.853290
30963.698319
30964.553340
30965.229787
30966.526745
30966.905458
30967.483428
30968.293774
30968.762757
30969.813434
30970.651558
30971.082904
30971.948508
30972.519291
30973.121270
30973.803244
30975.269760
30975.924530
30976.641962
30977.139875
30977.780327
30978.816631
30979.349972
30979.644843
30980.624463
30981.312395
30982.396142
