47461.365898
47462.049904
47462.887611
47463.580806
47464.752569
47465.515340
47465.789311
47466.566841
47467.123276
47467.587295
47468.343984
47469.292530
47470.098873
47470.653223
47470.890232
47472.626393
47472.707302
47473.699003
47473.983035
47475.104836
47475.606940
47476.623790
47476.996830
47477.717468
47478.332513
47478.768102
47479.571590
47480.231939
47481.653529
47482.154155
47482.954301
47483.306679
47484.032835
47484.917908
47485.521187
47485.845032
47486.961280
47487.205484
47488.624219
47488.894484
47489.398932
47490.301619
47491.088114
47491.947626
47492.865344
47493.307812
47493.998192
47494.677171
47495.193234
47495.829718
47496.781112
47496.974385
47497.877385
47498.987760
47499.669488
47500.386699
47501.356203
47501.741716
47502.221168
47502.629731
47504.094349
47504.520516
47505.162545
47505.937029
47506.121363
47507.084327
47507.805229
47508.947215
47509.348814
47510.295458
47511.006226
47511.756107
47512.335494
47512.801429
47513.267852
47514.203995
47514.843409
47515.493813
47516.589214
47517.175137
47517.865532
47518.601706
47519.347193
47519.842528
47520.975176
47521.333940
47522.022252
47522.669649
47523.582688
47524.008694
47524.709992
47525.215145
47525.890848
47527.533923
47527.986399
47528.588739
47529.104343
47529.648066
47530.699289
47530.950520
