19460.468486
19461.501412
19462.706851
19463.403754
19464.220923
19464.986420
19465.542071
19466.455813
19466.751481
19467.813915
19468.510110
19469.376349
19470.410591
19470.847462
19472.027798
19472.451850
19473.374102
19474.664984
19475.044267
19475.648277
19476.245876
19477.345288
19477.919816
19478.510191
19479.198697
19480.874813
19481.405484
19482.249421
19482.826626
19483.493488
19483.974356
19485.362344
19485.698033
19486.623367
19487.470075
19487.977517
19488.687662
19490.022149
19490.771778
19491.286094
19492.497231
19492.918602
19494.021116
19494.350549
19494.852070
19495.645637
19496.666918
19497.748401
19498.568738
19499.112311
19500.175007
19500.934643
19501.364199
19502.219847
19503.172162
19503.863880
19504.607229
19505.366863
19505.795221
19506.909131
19507.478680
19509.131221
19509.527733
19510.511847
19510.635531
19511.569935
19512.363757
19513.045558
19513.973842
19514.671587
19515.228605
19516.826598
19517.221298
19517.824408
19518.615454
19519.612359
19520.579316
19520.976658
19521.993218
19522.436654
19522.981290
19523.967940
19524.669794
19525.997180
19526.778086
19527.560271
19528.030951
19529.117123
19529.595238
19530.165162
19530.836802
19532.249292
19532.937260
19533.117050
19534.211333
19535.010085
19536.136594
19536.927889
19537.454085
19538.435557
