54581.542741
54582.285525
54582.850868
54583.253140
54584.157143
54584.785053
54585.649697
54586.472887
54586.848372
54587.252483
54588.448050
54589.184834
54589.961356
54590.695722
54591.300463
54591.887570
54592.491016
54593.198420
54593.651661
54594.430831
54595.148279
54595.774515
54596.735789
54597.640588
54598.545745
54598.758939
54599.343268
54600.134858
54600.615032
54601.841991
54602.307757
54603.052298
54603.376480
54603.824916
54605.147597
54605.439150
54606.366094
54607.198636
54608.232093
54608.505605
54609.349757
54609.917168
54610.493906
54611.069786
54611.623558
54612.402531
54613.566422
54613.715069
54614.799282
54615.574782
54616.020510
54616.741325
54617.668415
54618.375276
54618.909233
54619.297467
54620.516503
54620.941694
54621.435587
54622.159760
54622.763875
54623.179740
54624.967498
54625.266378
54625.988188
54626.662560
54627.089023
54627.788033
54628.692826
54628.956036
54629.867284
54630.616019
54631.428340
54631.690308
54632.601812
54633.656533
54634.064885
54634.824016
54635.436080
54636.384623
54637.298155
54637.680158
54638.043590
54638.766398
54639.328340
54640.189268
54640.788825
54641.785521
54642.505092
54643.188539
54644.113510
54644.839861
54645.139413
54645.479869
54646.621963
54647.272141
54647.915629
54648.750656
54649.178341
54649.960655
