67991.492586
67992.483212
67992.627431
67993.441907
67993.609326
67994.969225
67995.880397
67996.446704
67997.229930
67997.659700
67998.419635
67998.627949
67999.752055
68000.186097
68000.594163
68001.608397
68002.309315
68002.922048
68003.679009
68004.731611
68005.184441
68005.644915
68006.182358
68007.098323
68008.145738
68008.563694
68009.120037
68009.384384
68010.328525
68010.978290
68011.383311
68012.699385
68013.116230
68013.988589
68014.902222
68015.354737
68015.987907
68016.333992
68017.195092
68017.624114
68018.466555
68019.309094
68019.915082
68020.413115
68021.326900
68021.827714
68022.547552
68023.448035
68024.238919
68024.800897
68025.388415
68026.023481
68026.629989
68027.457339
68027.918026
68028.449004
68029.071828
68029.663529
68031.227409
68031.608881
68032.346816
68032.857422
68033.189067
68034.338631
68034.814222
68035.210051
68036.256745
68036.959532
68037.418189
68037.819505
68038.926757
68039.258361
68040.308740
68040.794384
68041.858334
68042.391282
68043.097533
68043.784519
68044.447318
68044.764468
68045.147345
68046.043047
68047.056349
68047.678516
68048.056092
68049.145425
68049.743209
68050.761820
68051.006514
68051.641304
68052.293432
68053.109156
68053.799743
68054.637433
68054.979188
68055.682683
68056.068537
68056.988414
68057.449118
68058.644208
