26208.298589
26209.515646
26209.635439
26210.155537
26211.550423
26212.107691
26212.796214
26213.569662
26214.160000
26214.669087
26216.142513
26216.844198
26217.659030
26217.997443
26219.110850
26219.846109
26220.302908
26220.833621
26221.529282
26222.472153
26223.367558
26224.494551
26224.909907
26225.768652
26226.455151
26227.300880
26227.753707
26228.878701
26229.610118
26229.995621
26230.736449
26231.662842
26232.169931
26233.019410
26233.899283
26235.122345
26235.981887
26236.292475
26236.853764
26237.639071
26238.181855
26239.299950
26239.792986
26240.851329
26241.126287
26242.267462
26243.284258
26243.902181
26244.247203
26245.456860
26246.191063
26246.782112
26247.657604
26248.234463
26248.880275
26249.398790
26250.033468
26251.593468
26252.224495
26253.065098
26253.609819
26254.377427
26255.070141
26255.898558
26256.455123
26256.866329
26258.515744
26258.614366
26259.457480
26260.040406
26261.149059
26261.844090
26262.893023
26263.583875
26264.208720
26264.971259
26265.395242
26266.312341
26266.831027
26267.691681
26268.356738
26269.464498
26270.264400
26271.446309
26271.762827
26272.088282
26272.985951
26273.910751
26274.957403
26275.451680
26275.994170
26276.507727
26277.596149
26278.272376
26279.086718
26280.340929
26280.727918
26281.679220
26282.432484
26282.924332
