73983.335328
73984.778764
73985.091591
73985.673895
73986.388937
73987.147996
73988.026355
73988.340534
73989.469590
73989.848122
73990.528968
73991.041711
73991.987703
73992.504667
73992.853229
73993.466228
73994.354051
73994.962911
73996.297502
73996.688701
73997.351239
73998.221492
73998.410628
73998.921425
73999.703026
74000.650887
74001.262813
74001.795921
74002.506046
74002.880176
74003.801848
74004.696403
74005.463974
74005.575758
74006.797204
74007.336895
74008.359039
74008.617027
74009.182264
74009.747206
74010.292923
74011.068284
74011.962169
74012.166829
74013.604193
74014.108398
74014.652831
74015.312845
74016.217622
74016.593318
74017.173886
74017.910793
74018.719372
74019.219015
74019.988700
74020.839380
74020.911667
74021.863703
74022.150426
74023.645045
74024.550805
74024.777356
74025.236016
74026.087262
74026.880582
74027.144021
74027.900628
74028.594962
74029.024411
74030.002750
74030.570664
74031.500427
74032.225192
74032.725175
74033.457433
74034.060346
74034.610426
74035.497278
74036.404106
74036.823740
74037.188402
74037.978453
74038.362115
74039.255235
74039.944353
74040.765305
74041.524609
74042.261019
74043.260428
74043.672102
74043.832948
74044.857491
74045.196166
74045.806640
74046.934766
74047.436871
74048.146264
74048.561592
74049.284398
74050.295344
