19225.995593
19226.790186
19228.181146
19228.791173
19229.559601
19230.054381
19230.808153
19231.702427
19232.236314
19233.116725
19233.545739
19234.835536
19236.027117
19236.591607
19237.008197
19237.911758
19238.689141
19239.723498
19240.392814
19240.867244
19242.093937
19242.169499
19243.145605
19244.011413
19245.107386
19246.061828
19246.703274
19247.662082
19248.195047
19248.746296
19249.465984
19250.113831
19251.227477
19252.299174
19252.596768
19253.275205
19254.748840
19255.435221
19255.662306
19256.867612
19257.680682
19258.281307
19259.190913
19259.724905
19260.335653
19260.937589
19262.085466
19263.366722
19264.031437
19264.786310
19265.394073
19265.927747
19266.806079
19267.782326
19268.529682
19268.798143
19270.190774
19270.565508
19271.633446
19272.377029
19272.965914
19274.462598
19274.911663
19275.656058
19276.150829
19277.014983
19277.511822
19278.687052
19278.918024
19280.238362
19281.173133
19282.133301
19282.453611
19283.710881
19283.915712
19284.651582
19285.716112
19286.740141
19287.207111
19287.782786
19288.444845
19289.307575
19290.628316
19291.523816
19292.072792
19292.676696
19293.794056
19294.394383
19294.851508
19295.369608
19296.586799
19297.285077
19298.208648
19299.120003
19300.136082
19300.215441
19301.442365
19302.202097
19302.983608
19304.037320
