46263.663079
46264.517503
46264.922817
46265.401545
46266.615612
46267.242008
46268.100093
46268.747223
46269.347002
46270.370979
46270.898352
46271.216209
46272.237858
46272.609297
46272.874894
46274.375657
46275.139920
46275.734889
46276.406787
46277.376726
46277.815362
46278.538371
46279.221440
46279.723628
46280.844057
46281.212979
46282.123701
46282.471048
46283.275970
46283.943169
46284.640665
46285.887098
46286.556404
46287.334577
46287.666517
46288.412282
46288.959828
46289.494123
46290.645891
46290.959299
46291.855309
46292.258738
46293.480998
46294.497688
46294.642865
46295.297719
46296.193459
46296.837752
46297.806853
46298.415531
46298.981187
46299.512182
46300.088152
46300.920913
46301.521782
46302.317386
46303.595043
46304.233543
46304.619881
46305.320906
46306.377748
46306.711717
46307.143847
46307.792661
46308.911316
46309.565171
46310.266551
46310.963481
46311.301053
46312.396532
46313.262395
46313.934606
46314.704067
46315.223886
46315.902601
46316.711245
46317.364018
46317.805433
46318.299856
46319.264258
46319.875967
46321.171353
46321.709832
46322.608766
46322.986116
46323.591526
46324.198767
46324.995414
46326.064963
46326.523924
46326.913051
46327.809405
46328.430287
46329.091179
46330.154292
46330.703963
46331.301138
46332.708777
46333.211052
46333.358872
