16300.790865
16301.583680
16301.748251
16302.787234
16303.756790
16304.152703
16304.962064
16305.707719
16306.934113
16307.880098
16308.532297
16309.165142
16310.180971
16310.636002
16311.849911
16312.649044
16313.084104
16313.787078
16314.689076
16315.165785
16316.408839
16317.400871
16318.289376
16318.925455
16320.030352
16320.456528
16320.869148
16321.547815
16323.108924
16323.458393
16324.248153
16325.129730
16325.935680
16326.993060
16327.816940
16328.277970
16329.518579
16330.028735
16330.861582
16331.385931
16332.261560
16332.877913
16333.547665
16335.126588
16336.137371
16336.538618
16336.949501
16338.077493
16338.711631
16339.587098
16340.509385
16340.856242
16341.912931
16342.837873
16343.323209
16344.345371
16345.210657
16346.437145
16347.138604
16347.386916
16348.642000
16348.778236
16349.859104
16350.315569
16351.653578
16352.337529
16353.169998
16354.346359
16354.925373
16355.495535
16356.312559
16357.053678
16358.096942
16359.092617
16359.330518
16360.027139
16360.634640
16362.134392
16362.935887
16363.818502
16364.556709
16365.344586
16365.801712
16366.792279
16367.311625
16368.034915
16369.116994
16369.931795
16370.715299
16371.825499
16372.379143
16372.848468
16374.320130
16375.054828
16375.381670
16376.401856
16376.782338
16377.914944
16378.707569
16378.863667
