33849.837694
33850.329800
33850.747070
33852.014415
33852.860856
33853.269836
33853.837586
33854.551046
33855.312973
33856.070788
33856.894251
33857.823273
33858.550066
33859.532776
33860.292016
33860.501601
33861.050388
33862.002237
33862.551142
33863.433998
33864.232613
33864.988719
33865.714674
33866.524275
33867.310159
33867.944477
33868.860421
33869.341918
33870.294043
33870.704132
33871.845825
33872.130275
33872.875965
33873.294271
33874.156726
33875.674108
33876.484757
33876.754842
33877.285900
33878.275044
33879.038015
33879.414352
33880.148726
33881.170933
33881.644199
33882.572024
33883.059338
33884.056101
33884.954457
33885.205900
33886.443689
33887.207845
33887.759761
33888.583220
33889.246209
33889.414136
33890.214756
33891.254052
33892.160128
33892.400492
33893.885338
33894.451109
33895.213592
33895.776450
33896.382749
33896.874518
33897.956715
33898.873013
33899.324364
33899.930388
33900.680919
33901.175275
33902.385372
33902.975959
33904.270970
33904.594587
33905.409072
33905.745912
33907.007010
33907.176239
33907.880177
33908.778694
33909.102005
33910.611381
33911.176728
33911.890819
33912.628628
33913.105164
33914.162077
33914.738876
33915.761684
33916.069285
33916.716845
33917.734880
33918.275605
33918.760267
33919.457184
33920.806138
33921.501088
33922.280100
