66975.755293
66976.557703
66977.220791
66978.248450
66978.969231
66979.214701
66980.463592
66981.025956
66981.702703
66982.152317
66982.657861
66983.578457
66984.389383
66984.959048
66985.617103
66986.273533
66986.579104
66987.050928
66988.512803
66989.048038
66989.836413
66990.669819
66991.198132
66991.620425
66992.335526
66993.024891
66993.638758
66994.105824
66995.089851
66995.472661
66996.464909
66997.202441
66997.867169
66998.477256
66999.257332
66999.518955
67000.900067
67001.437339
67001.877479
67002.332390
67003.088841
67003.781149
67004.500535
67004.960900
67005.557958
67006.659165
67007.640524
67008.255513
67008.835914
67009.144214
67010.152138
67010.580989
67010.913605
67012.122297
67012.755648
67013.294751
67013.975581
67014.493567
67015.263829
67016.020019
67017.141010
67017.431778
67018.250461
67018.761271
67019.607564
67020.466778
67020.798874
67021.147753
67021.808062
67022.574777
67023.425459
67024.302321
67025.190357
67025.669902
67026.195253
67027.050597
67027.719731
67028.132137
67028.902996
67029.620881
67030.475335
67030.950487
67031.300474
67032.298807
67032.961838
67033.409137
67034.253042
67035.428046
67036.055456
67036.569181
67037.262157
67037.690970
67038.065271
67039.157810
67039.549018
67040.511745
67040.882119
67041.683086
67042.473314
67043.558369
