20473.471857
20474.342064
20475.296132
20476.042970
20476.869148
20477.894939
20478.633489
20479.142851
20479.889736
20481.070153
20481.911339
20482.243737
20483.068721
20483.446165
20484.682135
20485.030682
20486.282837
20487.076861
20488.193794
20488.848491
20489.410846
20490.038530
20490.530228
20491.613877
20492.624499
20492.979254
20493.942619
20494.851036
20495.099319
20496.679678
20497.085685
20498.068398
20498.895295
20499.442210
20500.138639
20501.069751
20501.623218
20502.181867
20502.746467
20504.439155
20505.173237
20505.830891
20506.264185
20507.432902
20507.840703
20508.749588
20509.543301
20510.381586
20510.797599
20512.042784
20512.239924
20513.150423
20514.338977
20515.055943
20516.096994
20516.809398
20517.361295
20517.933952
20518.763790
20519.105766
20520.500016
20521.196375
20521.602412
20522.855658
20523.780333
20524.607755
20524.796314
20525.787511
20526.652466
20527.619399
20528.337073
20528.705415
20529.418243
20530.155974
20531.079296
20532.155061
20533.351972
20533.818703
20534.293617
20535.177014
20535.960964
20536.787068
20537.023105
20538.127745
20539.124503
20539.647162
20540.741835
20541.357833
20541.891064
20543.208212
20544.073705
20544.495449
20545.133778
20546.055902
20546.770640
20547.233538
20548.129552
20548.779250
20550.200887
20550.923954
