68734.947820
68735.742758
68736.253242
68736.647049
68737.977650
68738.547941
68739.280816
68740.004600
68740.647750
68741.377155
68742.086207
68742.511835
68742.946872
68743.451014
68744.662672
68744.976768
68745.903067
68746.669408
68747.474535
68747.951315
68748.558296
68749.617562
68749.777677
68750.733914
68751.520331
68752.009508
68752.463569
68753.330453
68753.960016
68754.528505
68755.074315
68755.692589
68757.332724
68757.730870
68758.276607
68758.654651
68759.422495
68760.109830
68760.628214
68761.294482
68762.230358
68762.730159
68763.160389
68764.247455
68764.804752
68765.511435
68766.315122
68766.868483
68767.537529
68768.479595
68768.875127
68769.880544
68770.190952
68770.852078
68771.197004
68771.952319
68772.672270
68773.803610
68774.376252
68775.121591
68775.724595
68776.666971
68776.976822
68777.700534
68778.218043
68778.744015
68779.773585
68780.418128
68781.158407
68781.638992
68781.932876
68783.052399
68783.685059
68784.702631
68785.105850
68786.256097
68786.575249
68787.060514
68787.611213
68788.511465
68789.135397
68789.528114
68790.244462
68790.970709
68792.004253
68792.646198
68793.709164
68793.959565
68794.332759
68794.966632
68796.193126
68796.803177
68797.122549
68798.072769
68798.323871
68799.185965
68799.841052
68800.395772
68801.098558
68802.319125
