39214.161270
39214.756464
39215.890315
39216.650058
39217.169196
39217.799391
39218.586528
39219.303936
39219.876117
39220.500036
39221.045783
39221.800271
39222.850344
39223.916681
39224.658382
39225.012847
39225.655795
39226.600659
39226.883230
39227.733453
39228.931320
39229.272448
39229.912243
39230.289853
39231.416984
39232.336210
39232.741746
39233.701940
39234.555871
39235.451708
39235.803118
39236.676065
39237.241135
39237.311532
39238.508721
39239.289658
39240.007530
39240.754121
39241.741431
39242.356121
39243.192101
39243.558838
39244.456990
39245.210405
39245.802115
39246.524219
39247.458408
39247.868285
39248.518988
39249.211925
39249.656107
39251.287273
39251.981073
39252.522420
39253.052604
39253.709247
39254.467238
39255.185641
39255.790825
39256.438524
39257.032913
39258.256791
39258.761792
39259.373008
39260.452709
39261.083659
39261.392229
39262.568432
39263.468997
39263.758373
39264.675521
39265.031498
39265.698814
39266.493303
39267.112578
39268.142695
39269.126752
39269.537341
39270.650753
39271.449360
39271.750452
39271.911401
39273.052468
39273.872760
39274.706752
39275.314910
39275.915971
39276.460035
39277.343226
39278.385130
39278.984793
39279.712815
39280.743972
39281.076578
39281.764356
39282.593861
39283.072492
39283.710012
39284.557458
39284.829752
