5355.347063
5356.538865
5357.711619
5358.669106
5359.633917
5360.877126
5361.630997
5361.916637
5362.990405
5363.717280
5365.296267
5365.742257
5367.380123
5367.905543
5368.813641
5369.807596
5370.713539
5371.538329
5372.680867
5373.219972
5374.114835
5374.869738
5376.722663
5377.719730
5378.207038
5378.768713
5380.103731
5380.877056
5381.348150
5382.809993
5383.528600
5384.819764
5385.689781
5386.311049
5387.705534
5388.449137
5389.608146
5389.909513
5390.992260
5391.505965
5392.981959
5394.083717
5395.116663
5396.115859
5397.003429
5397.261960
5398.277621
5399.712504
5400.418887
5401.194496
5401.947143
5403.389590
5404.287687
5405.354453
5406.184132
5407.075537
5407.735014
5408.588715
5409.577739
5410.101872
5412.119660
5412.756931
5413.448942
5414.391884
5415.225062
5416.511814
5417.190777
5417.730775
5419.145769
5419.647914
5420.595118
5422.107201
5423.364285
5423.582839
5424.990137
5425.205579
5426.077473
5427.327787
5428.200793
5429.307069
5430.093232
5431.518550
5432.081300
5432.867061
5433.939314
5435.224510
5435.614214
5436.658400
5436.820644
5438.486077
5439.874947
5440.645160
5441.565050
5442.197196
5443.283539
5443.795137
5444.966959
5445.925027
5446.765247
5447.861998
