50895.574118
50896.373274
50897.220330
50897.577303
50898.402016
50899.348252
50899.686427
50900.781835
50901.717199
50902.045632
50902.583836
50903.475371
50903.773810
50904.886298
50905.335145
50905.710795
50906.503681
50908.046165
50908.394499
50909.322945
50909.653730
50910.228883
50911.043268
50911.690169
50912.455173
50913.200940
50913.924565
50914.397115
50914.944743
50915.810004
50916.594898
50917.321713
50918.418370
50918.722542
50919.606725
50920.288588
50921.095303
50921.493620
50921.892534
50922.394993
50923.672187
50924.261622
50925.035236
50925.677278
50926.677441
50927.060184
50928.046932
50928.569206
50929.034196
50929.959906
50930.631087
50931.499155
50932.061135
50932.206312
50933.413983
50933.688617
50934.575159
50935.808438
50936.609198
50937.227081
50937.503945
50938.169058
50938.947640
50939.665560
50940.176976
50941.046617
50941.769140
50942.036461
50943.395349
50943.920438
50944.631864
50945.240681
50945.849763
50946.809286
50947.819921
50948.096114
50948.566282
50949.439531
50950.016902
50950.665136
50951.089698
50952.182899
50953.098274
50953.852669
50954.519312
50955.158542
50956.077323
50956.236604
50957.002225
50957.600178
50958.496832
50959.305614
50960.086250
50960.431589
50961.030349
50961.686535
50963.211603
50963.478070
50964.043222
50965.089469
