48586.058009
48586.704238
48587.124867
48588.029493
48588.624671
48589.728870
48589.986025
48590.821349
48591.567572
48592.134182
48592.858577
48593.504920
48594.206011
48594.577847
48595.241072
48596.896626
48597.360179
48597.788678
48598.838968
48599.248571
48599.772738
48600.274624
48601.368424
48601.892230
48602.904238
48603.111699
48603.856392
48604.817850
48605.675870
48606.224803
48607.038926
48607.421145
48608.734383
48609.234003
48609.785719
48610.316061
48610.855515
48611.466711
48612.444494
48613.010683
48613.986747
48614.819069
48615.644390
48616.098330
48616.793060
48617.486059
48618.028031
48618.749498
48619.586408
48620.133607
48621.063227
48621.744176
48621.847833
48622.937104
48623.580175
48624.708891
48625.658129
48626.115721
48626.396289
48627.134994
48628.094777
48628.752717
48629.128234
48629.554508
48630.850120
48631.221649
48632.455105
48633.061315
48633.690981
48634.201224
48635.014022
48635.585662
48636.747616
48636.955270
48637.913219
48638.386442
48639.189163
48639.332516
48640.411715
48641.472467
48641.900576
48642.908352
48643.844396
48644.170346
48644.915792
48645.656067
48645.804176
48646.538241
48647.709601
48648.340453
48648.979970
48649.508976
48650.319488
48651.351928
48651.858791
48652.642513
48653.149276
48654.211270
48654.695520
48655.354321
