52985.774399
52986.233543
52986.612820
52987.485785
52988.152160
52988.960270
52989.676948
52990.319801
52991.040628
52991.337263
52992.152946
52993.282222
52994.237401
52994.506085
52995.214404
52996.058951
52996.748126
52997.338561
52997.764231
52998.483692
52999.061682
52999.687940
53001.139123
53001.500729
53002.163535
53002.973598
53003.720826
53004.142127
53004.883152
53005.662744
53006.632714
53006.791567
53007.771829
53008.089845
53009.005341
53009.687921
53010.189587
53011.233992
53012.142907
53013.033485
53013.427897
53014.024697
53014.656872
53014.930523
53016.036315
53016.586600
53017.536172
53018.006735
53018.498915
53019.695784
53020.495305
53020.840875
53021.701474
53022.165991
53023.256538
53023.806591
53024.336537
53025.332539
53025.612378
53026.225949
53026.744984
53027.599079
53028.627978
53029.607249
53030.286674
53030.690505
53031.201690
53032.205373
53032.899193
53033.342988
53033.646512
53034.821382
53035.572991
53036.271937
53036.689150
53037.420871
53038.300279
53038.948452
53039.973238
53040.556270
53041.260406
53041.874083
53042.249429
53043.291597
53043.683354
53044.115506
53045.079061
53045.980609
53046.346986
53047.839364
53048.189696
53048.801247
53049.565483
53049.890039
53050.493680
53051.910724
53052.137858
53053.045312
53053.247057
53054.005296
