12729.773830
12730.315410
12731.639218
12732.511817
12732.890588
12733.768964
12734.137042
12735.501035
12736.434440
12737.378437
12738.235111
12739.215046
12739.733911
12740.242307
12741.287366
12741.641354
12743.109905
12743.736901
12744.448362
12745.549291
12746.488331
12746.872680
12748.210375
12749.099222
12749.302553
12750.345051
12751.338763
12751.812391
12752.424295
12753.317813
12754.982129
12755.774321
12756.281511
12756.954013
12757.614212
12758.727579
12759.474300
12760.007415
12761.243040
12761.737243
12762.525217
12763.861621
12764.232565
12765.465484
12766.256043
12767.097096
12767.938335
12768.351471
12768.962886
12769.872734
12770.881152
12772.007724
12772.689617
12773.647020
12774.647629
12775.326030
12775.567974
12776.704501
12777.826747
12778.500091
12779.070359
12779.819758
12780.627437
12781.648932
12783.120755
12783.532268
12784.315566
12785.181747
12785.742820
12786.472683
12787.442571
12788.160480
12788.754943
12790.395740
12790.856989
12791.900549
12792.084229
12793.506556
12794.172275
12795.369944
12795.489968
12796.344024
12797.306399
12798.042411
12798.635101
12800.127155
12801.090531
12801.741839
12802.413952
12803.365737
12803.764436
12804.442220
12805.692528
12806.633999
12807.135639
12807.845505
12808.939291
12810.196864
12810.513558
12811.529420
