67788.743234
67789.263466
67790.016301
67790.671738
67791.232995
67791.818662
67792.820277
67792.939528
67793.780568
67794.252587
67795.452308
67796.216462
67796.990479
67797.554658
67798.241766
67798.755776
67799.108426
67799.927152
67800.491290
67801.652363
67802.130312
67802.485591
67803.180581
67804.318504
67804.789671
67805.764173
67806.054303
67806.811236
67807.546029
67808.620840
67808.971958
67809.475110
67809.842686
67810.802346
67811.213555
67812.052760
67812.815862
67814.140415
67814.361292
67815.018452
67815.626550
67816.481315
67816.942294
67817.510244
67818.254609
67819.228802
67819.296958
67820.537766
67820.890793
67821.576829
67822.406034
67822.647443
67824.229180
67824.749189
67825.121541
67825.965420
67826.312345
67827.138895
67827.731660
67828.305317
67828.973114
67829.548484
67830.389514
67831.396573
67832.002812
67832.756742
67833.297186
67834.083709
67834.195475
67835.340831
67835.931043
67836.851436
67837.238626
67837.877877
67838.560090
67838.649277
67840.026543
67840.722062
67841.418108
67842.175099
67842.954266
67843.479534
67844.382317
67844.644154
67844.983961
67846.036996
67846.401040
67847.423591
67848.302429
67848.642881
67849.223058
67850.414070
67850.935695
67851.364529
67852.146598
67853.249309
67853.552131
67854.081317
67854.761869
67855.762782
