71162.753191
71163.263032
71163.741339
71164.667551
71165.378901
71166.088624
71166.756077
71167.442289
71167.991396
71168.784078
71169.548926
71170.529601
71171.028944
71171.249444
71172.078288
71172.972806
71173.239628
71173.896133
71174.499831
71175.478666
71176.108930
71177.181741
71177.780408
71178.261831
71179.210835
71179.365195
71180.026165
71180.639609
71181.800048
71182.327822
71182.920724
71183.318544
71184.058141
71184.626932
71185.749509
71186.474003
71187.018272
71187.605133
71188.691546
71189.035961
71189.774286
71190.195724
71190.726300
71191.459754
71192.057873
71192.937034
71193.592289
71194.699999
71195.170226
71195.552100
71196.599355
71196.977004
71197.713118
71198.415442
71199.359258
71199.644922
71200.110489
71201.102403
71201.791970
71202.334570
71202.535462
71203.645084
71205.133212
71205.295173
71205.828756
71206.670949
71207.150594
71207.526066
71208.466741
71209.079345
71209.677773
71210.391176
71211.163386
71211.682884
71212.674507
71213.249332
71213.934106
71214.650683
71215.171863
71215.892607
71216.831610
71217.302179
71218.080819
71218.479646
71218.783488
71219.647715
71220.332181
71221.391616
71222.232797
71222.617878
71223.497034
71224.173321
71224.722082
71225.338361
71225.769687
71226.540721
71227.116843
71228.287894
71228.616717
71229.295900
