6638.090473
6639.075753
6639.859562
6641.055120
6641.786228
6642.644283
6643.292547
6644.119902
6645.918402
6646.611795
6647.322423
6648.077919
6649.384089
6649.647351
6650.383134
6651.545139
6652.583661
6653.941240
6654.366268
6655.334573
6656.446114
6657.053755
6658.335707
6659.055077
6659.521842
6660.503555
6661.461648
6662.346720
6663.719022
6664.872916
6665.432916
6666.236097
6666.808353
6667.616350
6669.097362
6669.810009
6670.175702
6671.713778
6672.526465
6673.539418
6674.254359
6675.608127
6676.021079
6677.034062
6677.773602
6678.438197
6679.147300
6680.890098
6681.885127
6682.565640
6683.184617
6684.323087
6685.084637
6685.936244
6686.656349
6688.040741
6688.503502
6689.259935
6690.508707
6691.704920
6692.647541
6693.499651
6693.981516
6694.823702
6695.938981
6696.272310
6697.779004
6698.507679
6699.761639
6700.871368
6701.375798
6701.784678
6703.336806
6704.270589
6704.873686
6705.640106
6706.214075
6707.535168
6708.721048
6709.726991
6710.545176
6711.503024
6712.089903
6712.731759
6713.825345
6714.552463
6715.865576
6716.558365
6717.809675
6718.186519
6719.559687
6720.626196
6721.043429
6722.047668
6722.914170
6723.649784
6724.573284
6725.062801
6727.203484
6727.861353
