55688.649698
55689.536894
55689.961242
55690.852190
55691.268642
55691.703650
55692.502631
55693.406236
55694.428603
55695.311651
55695.807753
55696.316947
55696.883592
55697.542548
55698.403882
55698.716370
55699.922039
55700.391348
55701.010352
55701.305874
55702.843326
55703.190906
55703.744500
55704.546338
55705.356003
55706.441209
55706.760218
55707.201949
55708.041345
55708.460098
55709.120478
55709.837814
55710.763798
55711.378769
55712.312568
55713.382618
55713.464039
55714.235070
55715.006170
55715.647560
55716.151342
55716.922106
55717.794775
55718.388459
55719.135560
55719.513886
55720.081529
55720.967693
55722.197365
55722.877135
55723.348432
55723.981546
55724.592264
55725.399084
55725.885766
55726.708646
55726.974000
55727.762042
55728.712612
55729.666874
55730.110193
55731.032841
55731.551302
55732.310645
55732.744702
55733.585367
55734.667917
55735.094822
55735.429371
55736.278746
55736.734586
55737.701950
55738.095816
55739.134593
55739.985507
55740.706014
55741.434871
55742.302682
55742.620548
55743.003930
55743.531814
55744.714334
55745.402111
55745.855206
55746.714058
55747.314345
55747.953700
55748.993685
55749.639407
55750.072380
55751.098873
55751.662880
55752.322928
55752.977876
55753.747342
55754.056847
55754.873353
55755.488492
55755.824443
55757.565182
