45274.644517
45275.347687
45275.728648
45276.693984
45277.166573
45277.633553
45279.097456
45280.136492
45280.461729
45280.756885
45281.777474
45282.454656
45282.966892
45283.705436
45284.273393
45285.051223
45285.723954
45286.861117
45287.335846
45288.000430
45288.705594
45289.453580
45290.416874
45290.987852
45291.560755
45292.516193
45292.948200
45293.307261
45294.206963
45295.085708
45295.352717
45296.700226
45297.454421
45298.106027
45298.943609
45299.515736
45299.975606
45300.489972
45301.219925
45302.429045
45302.891829
45303.580031
45304.127272
45304.546995
45305.962312
45306.541992
45307.024701
45308.160439
45308.595973
45309.462813
45310.011996
45310.624384
45311.237481
45311.809662
45312.456863
45313.289168
45314.372227
45315.201947
45315.667429
45316.647229
45316.868812
45317.527719
45318.841987
45319.147890
45319.665280
45320.451048
45321.365149
45321.894061
45322.518765
45323.050365
45324.042150
45325.026798
45325.984228
45326.525585
45326.887624
45327.552163
45328.263253
45328.990580
45329.572550
45330.216560
45331.232047
45331.827498
45332.486595
45333.446806
45334.332764
45334.670660
45335.414686
45335.967628
45337.103297
45337.674444
45338.315921
45338.912300
45339.372878
45339.883852
45340.906399
45341.912030
45342.864401
45343.192665
45344.130258
45344.763034
