66840.412489
66841.447220
66841.826140
66842.450668
66843.187927
66844.239031
66844.694250
66845.250355
66846.381025
66846.656200
66847.341779
66848.232150
66848.710858
66849.445959
66849.791508
66850.365374
66850.968326
66852.472090
66852.997711
66853.729665
66854.088002
66854.928959
66855.535048
66856.266339
66856.724128
66857.341634
66858.358414
66858.723963
66859.531890
66860.249952
66860.633320
66861.556370
66862.235405
66863.113717
66863.813067
66864.598100
66865.187318
66865.675826
66866.286209
66866.674099
66867.471429
66868.400992
66869.077366
66869.245072
66870.559224
66871.431521
66871.801628
66872.756580
66873.040849
66873.579108
66874.323764
66875.501129
66875.951237
66876.478167
66876.870348
66877.728309
66878.392036
66878.868950
66879.960599
66880.818904
66881.659967
66881.985354
66882.537919
66883.494682
66884.009904
66884.455643
66885.096992
66885.710930
66886.617370
66887.282117
66888.192287
66888.906966
66889.080514
66890.071821
66890.983058
66891.383647
66892.392923
66892.720776
66893.421327
66894.022143
66895.032000
66895.361746
66895.559523
66896.707748
66897.268249
66898.730889
66898.856122
66900.087473
66900.150163
66900.882708
66901.424849
66902.162004
66902.762550
66903.716741
66904.370514
66904.806492
66905.452140
66906.010291
66907.336275
66907.769517
