28159.628506
28160.125627
28160.992395
28161.792424
28162.107732
28163.471308
28164.119895
28164.861340
28165.466539
28166.299717
28167.267917
28167.830139
28168.853905
28169.185579
28169.966109
28170.384715
28171.361810
28171.947365
28173.003842
28174.193953
28174.568348
28175.342354
28176.356170
28176.805007
28177.271909
28177.793570
28179.283974
28179.770743
28180.359767
28181.082496
28181.657503
28182.752630
28183.872636
28184.109710
28185.314173
28185.793246
28186.428419
28187.495406
28187.689005
28188.321620
28189.366709
28189.820767
28191.002311
28192.171610
28192.527168
28193.341943
28193.757370
28194.570033
28195.673988
28196.241537
28196.997166
28197.277373
28198.619013
28198.815015
28199.723116
28200.567174
28201.433565
28202.624600
28203.254294
28203.804619
28204.113152
28205.168985
28205.751059
28206.298251
28207.310778
28208.169877
28208.854407
28209.493202
28210.625228
28211.289606
28211.900967
28212.485930
28213.589460
28214.044864
28215.038266
28215.670823
28216.197316
28216.484205
28217.487758
28218.978371
28219.546035
28220.187159
28221.093607
28221.592582
28222.386157
28222.924124
28223.709830
28224.368055
28225.391177
28225.978889
28226.621547
28227.711136
28228.209584
28229.017717
28229.913055
28230.929386
28231.433634
28232.209586
28232.534557
28233.221056
