74854.524152
74855.043425
74855.876813
74856.711710
74857.384171
74857.725459
74858.852048
74859.653838
74860.200305
74860.796111
74861.088630
74861.788677
74862.482513
74863.394617
74863.595260
74864.583450
74865.175046
74866.372985
74866.838932
74867.653671
74868.027725
74868.453599
74869.257916
74870.028118
74870.867575
74871.321791
74872.136001
74872.383694
74873.243175
74873.833333
74874.398009
74875.716299
74876.266315
74877.017539
74877.215506
74878.304965
74878.780019
74879.421978
74879.880440
74880.461940
74881.107830
74881.936849
74882.847182
74883.661121
74884.027239
74884.623248
74885.529020
74886.296675
74886.792121
74887.282994
74888.474111
74888.659244
74889.302116
74890.126912
74890.595442
74891.147234
74891.930006
74892.545228
74893.772049
74894.557183
74894.816027
74895.701255
74896.213255
74896.698786
74897.051712
74898.113411
74898.904105
74899.557368
74899.893005
74900.528247
74901.539905
74902.220383
74903.034377
74903.482489
74903.950487
74905.189461
74905.657749
74906.310649
74906.777467
74907.427421
74908.108191
74908.378228
74909.268963
74910.142643
74910.891110
74911.895139
74912.491786
74912.699720
74913.660851
74914.182211
74915.084230
74915.226336
74916.276453
74916.600137
74917.719415
74918.370580
74918.691433
74919.075161
74920.259793
74920.827498
