54096.090974
54096.373532
54097.505326
54098.650797
54099.497318
54099.652821
54100.431516
54101.383536
54101.899781
54102.429846
54102.873757
54104.055994
54104.333795
54105.453212
54105.954045
54106.293415
54107.403835
54108.081100
54108.648815
54109.689192
54110.542697
54111.031278
54111.357674
54112.252332
54112.736052
54113.379261
54114.193493
54114.831858
54115.463527
54116.342598
54117.653498
54117.917462
54118.514119
54119.092136
54119.558582
54120.678331
54121.418087
54121.860063
54122.609109
54123.265527
54123.812816
54124.243496
54125.597744
54125.911510
54127.032977
54127.809430
54128.379007
54128.727260
54129.718557
54130.430544
54130.583707
54131.337711
54132.002348
54133.146997
54133.863998
54134.307336
54135.095523
54135.864418
54136.601219
54137.240088
54138.052341
54138.503559
54139.327404
54139.920484
54140.798254
54141.128004
54141.826852
54142.282868
54143.262704
54144.458283
54145.075097
54145.725123
54146.405054
54146.835896
54147.569449
54147.951709
54148.950500
54149.749823
54150.415986
54150.701896
54151.555668
54152.578088
54153.157147
54153.888541
54154.542960
54155.119484
54156.283985
54156.825573
54157.399300
54157.997345
54158.124867
54159.267136
54160.101295
54160.208030
54161.602296
54162.395665
54162.932911
54163.835518
54164.114705
54165.097670
