39788.761014
39790.080586
39790.429055
39790.955502
39791.542066
39792.323193
39792.709548
39793.965046
39795.078810
39795.665422
39795.934579
39797.077210
39797.739166
39798.309687
39798.561135
39799.491064
39800.514409
39800.989362
39801.842922
39802.443004
39803.211664
39804.062046
39804.622864
39805.646280
39806.425374
39807.007865
39807.659609
39808.172426
39808.832771
39809.633410
39810.340067
39810.856610
39811.609508
39813.020922
39813.675508
39814.210201
39814.839221
39815.212436
39816.105779
39817.006787
39817.798514
39818.182562
39819.007911
39819.830070
39820.017091
39821.162346
39822.125493
39822.553790
39823.807747
39824.278756
39824.751741
39825.716193
39826.294466
39826.755025
39827.303313
39828.023752
39829.307993
39829.907297
39830.527550
39831.247545
39832.260087
39832.790545
39833.330702
39834.251604
39834.891309
39835.426658
39836.561211
39836.918937
39837.628874
39837.862359
39839.007847
39839.931306
39841.047958
39841.456541
39842.465446
39842.675582
39843.202246
39844.386964
39844.479183
39845.721827
39846.277610
39846.741775
39847.744614
39848.536963
39849.497676
39849.975552
39850.366498
39851.482206
39852.459169
39852.977514
39853.475781
39854.127068
39854.589921
39855.627450
39856.086299
39856.855781
39858.082303
39858.878915
39859.305754
39860.168339
