62078.491126
62079.168127
62079.450336
62080.400246
62080.984155
62081.445074
62082.667109
62082.982476
62083.807362
62084.493871
62085.391639
62086.023079
62086.724312
62087.237712
62087.720139
62088.895999
62089.667336
62089.807412
62090.488164
62091.265189
62091.637144
62092.279833
62093.933836
62094.143402
62094.848705
62095.693809
62096.206515
62097.015069
62097.419329
62097.876494
62098.853974
62099.567947
62100.024752
62100.946362
62101.530530
62102.269653
62102.959729
62103.560931
62104.435486
62105.256680
62105.941946
62106.610049
62107.107371
62107.341763
62108.349924
62109.163685
62109.549209
62110.125879
62111.009132
62112.367739
62112.626537
62113.523828
62113.939463
62114.354295
62115.282976
62115.810559
62116.770171
62117.383427
62117.884059
62118.688501
62119.071389
62119.742131
62120.793331
62121.447823
62122.350650
62122.998088
62123.562747
62124.116300
62125.135930
62125.538517
62125.974445
62126.364339
62127.322233
62128.346148
62128.999669
62129.623329
62130.277151
62131.246746
62131.597415
62132.413870
62133.055917
62133.819124
62134.296146
62135.072701
62136.072099
62136.203601
62136.671016
62137.677597
62138.283613
62139.136676
62140.244606
62141.002225
62141.365456
62141.786503
62142.569897
62143.093734
62143.790193
62144.779167
62145.096083
62146.093009
