11984.183258
11984.988215
11985.931732
11986.792588
11987.366016
11988.187893
11989.319036
11989.988077
11990.449375
11991.496381
11991.819501
11993.796299
11994.532032
11994.879295
11995.906634
11996.762742
11997.108831
11998.111552
11998.999009
12000.025166
12000.323019
12001.869294
12002.449179
12003.313330
12003.982840
12005.099208
12006.167037
12006.617064
12007.259470
12007.795463
12008.916031
12009.747408
12010.588562
12012.070663
12012.518293
12013.537023
12013.995197
12014.748040
12015.512907
12016.696171
12017.270436
12018.329635
12018.726114
12019.659586
12020.816913
12021.788837
12022.725052
12023.347085
12023.834360
12025.095510
12025.640696
12026.190968
12026.807833
12028.298394
12029.363580
12030.008967
12030.743901
12031.539411
12032.295755
12033.296061
12034.198345
12034.580487
12035.753931
12036.353148
12036.827198
12038.449034
12038.851780
12040.285833
12040.975618
12041.697833
12042.161707
12042.856800
12043.757385
12044.820984
12045.750096
12046.150600
12047.411299
12048.483047
12049.143757
12049.522909
12050.830067
12051.660126
12052.423908
12052.926330
12053.901723
12054.332767
12055.276252
12056.842396
12057.694841
12058.327240
12058.799271
12059.920537
12060.608137
12061.206772
12062.260842
12062.855111
12064.088547
12064.670595
12065.594501
12066.207581
