61189.807037
61190.333108
61191.266805
61191.835276
61192.486135
61193.063234
61193.380140
61193.875622
61195.283811
61195.819435
61196.731353
61197.384174
61198.149017
61198.495877
61199.386415
61200.014313
61200.335654
61201.149413
61202.153147
61202.557492
61203.518796
61203.660747
61204.605442
61205.594992
61205.809671
61206.993909
61207.939896
61208.260018
61208.897951
61209.447365
61209.977247
61210.885483
61211.448711
61212.064176
61212.574331
61213.601805
61214.541456
61215.420685
61215.759932
61216.233020
61217.033926
61217.538525
61218.659664
61219.195005
61219.698830
61220.488786
61220.886543
61221.682963
61222.305531
61222.941791
61224.274514
61224.795783
61225.223624
61226.148739
61226.845496
61227.383826
61227.904647
61228.251002
61229.295900
61229.716311
61230.899956
61231.467533
61232.101600
61232.506316
61233.857603
61234.091856
61234.952845
61235.565798
61236.098676
61237.144479
61237.639182
61238.046165
61238.830232
61239.431492
61240.007618
61240.609986
61242.178200
61242.493026
61243.264420
61243.927465
61244.494162
61244.840945
61245.600407
61246.499880
61247.262306
61247.613277
61248.527949
61248.819822
61249.982690
61250.663956
61251.280310
61251.762509
61252.686991
61253.830332
61254.069200
61254.611756
61255.442134
61255.881517
61256.346203
61257.326362
