58515.266153
58515.469966
58516.450955
58517.146666
58517.497168
58518.530928
58518.837270
58519.805129
58520.377823
58521.102897
58522.228296
58522.462497
58523.253642
58523.720615
58525.085596
58525.592053
58526.218742
58526.302212
58527.522189
58527.890954
58528.513650
58529.187641
58530.006005
58530.694586
58531.856999
58532.509820
58533.059595
58533.492567
58534.499439
58534.709246
58535.410708
58536.346868
58537.043227
58537.927965
58538.131976
58538.970730
58539.241739
58540.789631
58541.125678
58542.058290
58542.645407
58543.185706
58544.122069
58544.686017
58545.194689
58545.689958
58546.345894
58546.968845
58548.057410
58548.798232
58549.565007
58550.140747
58550.895247
58551.447672
58552.214602
58552.634548
58553.704087
58554.479262
58554.632640
58555.329196
58556.229154
58556.941235
58557.311986
58558.060638
58559.240809
58560.010342
58560.706448
58561.287292
58561.742450
58562.368279
58562.698376
58564.002818
58564.356963
58565.024153
58565.778458
58566.447178
58567.470324
58567.999624
58568.684195
58569.399585
58569.963460
58570.811853
58571.430881
58572.413984
58572.699637
58573.146146
58574.049356
58574.585370
58574.931512
58576.517598
58577.280187
58577.545529
58578.363614
58579.080064
58579.673786
58580.446190
58580.891877
58581.310212
58582.320538
58583.318780
