35745.173559
35746.090465
35746.447583
35746.950576
35747.930372
35748.389736
35749.022402
35749.933008
35750.412792
35751.821452
35752.451948
35753.119763
35753.830694
35754.554939
35755.107907
35755.433931
35756.588057
35757.419806
35758.258378
35758.602264
35758.992914
35760.098225
35761.219247
35761.628398
35762.729897
35763.170480
35763.917099
35764.756754
35765.539780
35765.799322
35766.205771
35767.330092
35768.126651
35768.858375
35770.022037
35770.575425
35771.143466
35771.769315
35772.602813
35773.350323
35774.153678
35774.755785
35775.312527
35776.213211
35776.687906
35777.556160
35778.223363
35778.858885
35780.531303
35780.781155
35781.396422
35782.099115
35782.516861
35783.384379
35784.104007
35784.732436
35785.606814
35786.274487
35786.999947
35788.014053
35788.674769
35789.293099
35790.223665
35790.502431
35791.765371
35792.205479
35793.062754
35793.564438
35794.138607
35794.768450
35795.317868
35797.001335
35797.422646
35798.046523
35798.920520
35799.614044
35800.316584
35800.789803
35801.342163
35802.341767
35802.948655
35804.032297
35804.360138
35805.087266
35805.922770
35806.757277
35807.658576
35808.236788
35809.180027
35809.950690
35810.315181
35810.595489
35811.936565
35812.410001
35812.824191
35813.781160
35814.806590
35815.810988
35816.570746
35816.864374
