56656.000483
56656.497507
56656.731117
56657.419670
56658.420807
56658.918905
56659.450527
56660.273159
56660.905535
56661.553281
56662.523550
56662.917832
56663.623593
56664.583550
56665.210440
56665.797176
56667.044906
56667.194971
56668.106410
56668.489764
56669.172799
56669.620977
56670.479048
56671.228979
56671.943021
56672.960471
56673.399223
56674.424794
56675.067007
56675.578794
56676.131308
56676.385297
56677.852751
56678.343426
56678.989604
56679.402211
56680.192700
56680.803644
56681.392415
56682.749914
56683.152956
56683.971408
56684.742989
56685.175022
56685.908715
56686.477270
56687.020767
56687.911276
56688.290515
56688.979510
56690.069506
56691.013164
56691.365499
56692.157981
56692.584494
56693.495917
56694.248039
56695.037629
56695.473874
56696.167587
56696.721667
56697.552638
56698.113011
56698.792351
56699.179080
56700.558061
56701.441190
56701.844688
56702.629549
56703.195148
56703.654799
56704.323123
56705.155512
56705.447466
56706.921525
56707.166101
56707.604542
56708.396177
56709.482408
56710.264769
56710.547126
56711.503030
56712.077496
56712.854725
56713.643564
56714.324726
56714.766733
56714.996116
56715.902273
56716.610872
56717.761566
56718.318777
56719.219889
56719.880661
56720.528223
56720.788311
56721.920035
56722.192585
56723.244332
56723.467360
