9707.414647
9708.186078
9709.502438
9710.185679
9711.156381
9711.887312
9712.668956
9713.803909
9714.476372
9714.689105
9715.654426
9716.864893
9718.217323
9719.003948
9719.584605
9720.464454
9721.104473
9721.996753
9723.058455
9723.737313
9724.373873
9725.549128
9726.187902
9727.403728
9727.880335
9729.496025
9730.119586
9730.576904
9731.372827
9732.006893
9733.303859
9733.610464
9734.855515
9736.090792
9736.730369
9737.855582
9738.240421
9739.021072
9740.135575
9741.076087
9741.657972
9742.623564
9743.232096
9743.733762
9745.639066
9746.440268
9746.825728
9748.002697
9748.639282
9749.482254
9750.074742
9750.773005
9751.983307
9753.034700
9753.717213
9754.680499
9755.495112
9756.380104
9757.260899
9758.307454
9758.814665
9759.592246
9760.270891
9761.363189
9761.887569
9763.294099
9764.416349
9765.298077
9765.798045
9766.238754
9767.289858
9768.168596
9769.341847
9769.963460
9770.298585
9771.872279
9772.654168
9773.284337
9774.703617
9775.088283
9776.251533
9776.730381
9777.692679
9778.148806
9778.880763
9780.313329
9781.383732
9782.385525
9782.610816
9783.722534
9784.680677
9785.381062
9785.900034
9787.276920
9787.953486
9788.477759
9789.402370
9790.364384
9791.983400
9792.246728
