69207.795401
69208.175567
69209.350353
69210.426770
69210.802645
69211.043812
69211.866804
69212.625532
69213.175033
69213.847989
69214.853501
69215.201949
69215.941173
69216.448356
69216.945676
69217.825593
69218.827394
69219.411552
69220.218927
69220.761138
69221.584833
69222.195532
69222.694076
69223.466717
69223.630765
69224.272916
69225.551381
69225.976242
69226.920050
69227.299216
69228.147656
69229.024346
69229.589833
69230.000239
69230.858304
69231.532645
69232.397766
69232.666546
69233.510036
69233.990579
69234.788131
69235.269366
69235.746094
69237.457807
69237.552860
69238.658066
69239.109199
69239.467882
69240.289346
69240.528314
69241.866081
69242.180685
69242.772130
69243.427161
69244.268123
69244.980889
69245.865582
69246.218591
69247.059351
69247.661333
69248.493773
69249.405416
69249.757291
69250.398834
69250.911257
69251.549089
69252.181391
69252.912235
69253.382230
69254.838845
69255.393402
69255.585023
69256.762347
69257.343450
69257.780539
69258.348311
69259.160535
69259.484566
69260.742010
69261.323467
69261.729530
69262.300429
69262.882811
69263.872758
69264.663799
69265.622223
69266.009226
69266.650347
69267.350401
69268.027431
69268.610183
69269.108272
69269.706204
69270.384007
69271.192748
69271.920344
69272.749299
69273.819686
69274.092022
69274.615957
