55965.011046
55965.728790
55966.197024
55967.407342
55968.067125
55968.661433
55969.398787
55969.880804
55970.640549
55971.283110
55971.788405
55972.422027
55973.324603
55973.577998
55975.148109
55975.762998
55976.098136
55977.263510
55977.420075
55978.155335
55978.539433
55979.776178
55980.381028
55981.085742
55981.428990
55982.133030
55982.717039
55984.007048
55984.327100
55985.179047
55985.942673
55986.865284
55987.274296
55988.063145
55988.558561
55988.922817
55989.718624
55990.393066
55991.372300
55991.954562
55992.755006
55993.672056
55994.112568
55994.934080
55995.402471
55996.176189
55997.206720
55997.437961
55997.994767
55999.194355
55999.638175
55999.966641
56000.753659
56001.343358
56002.509058
56003.645269
56004.050212
56004.520197
56005.097795
56005.693610
56006.642681
56007.234533
56007.590130
56008.422958
56009.405626
56009.852383
56010.577358
56011.683257
56011.979827
56012.878311
56013.289792
56014.320979
56015.093387
56015.568498
56016.279504
56016.763938
56017.292708
56017.961798
56018.715125
56019.866748
56020.333757
56021.208130
56021.975230
56022.710422
56023.150568
56023.793689
56024.190176
56024.986885
56026.094338
56026.635847
56027.093115
56027.776403
56028.512332
56029.204279
56030.097085
56030.914752
56031.729415
56032.045841
56033.067574
56033.548725
