5818.292158
5819.263873
5820.323072
5821.199580
5822.554932
5823.160120
5824.034446
5824.644070
5826.022417
5826.437166
5826.894313
5828.890322
5829.884397
5830.591034
5831.348619
5832.010437
5833.320748
5834.000771
5834.935242
5835.952597
5836.409775
5837.694816
5838.887811
5839.657148
5840.870745
5841.773244
5842.257347
5843.004016
5843.745504
5845.043540
5846.122346
5846.858967
5848.182987
5848.996958
5849.661517
5850.489268
5851.711059
5852.668145
5853.095554
5854.191539
5854.715491
5856.094228
5857.843809
5858.083358
5858.833953
5859.861397
5860.649383
5861.434868
5862.557428
5863.094038
5864.656763
5865.522792
5866.040235
5867.201546
5868.543660
5868.986917
5870.008991
5870.718884
5871.419724
5872.402794
5873.387593
5874.881588
5875.798358
5876.374963
5877.609748
5877.933293
5878.676214
5880.463284
5880.709560
5881.825024
5882.270516
5884.032826
5884.684250
5885.744730
5886.621191
5887.486300
5888.387576
5888.845470
5889.698291
5890.842689
5892.225848
5893.121091
5894.085613
5894.544410
5895.557133
5896.814625
5897.528508
5898.045615
5899.335294
5900.026130
5900.832883
5902.160660
5903.459104
5904.359224
5904.786649
5905.377904
5906.654294
5907.305604
5908.304130
5909.432316
