4315.573741
4316.464656
4317.356190
4318.867542
4319.406828
4320.162243
4321.074891
4322.076165
4322.664566
4324.546748
4325.293085
4326.350118
4327.394690
4327.700362
4328.615769
4330.027835
4330.890065
4331.851915
4332.303902
4334.020581
4335.063147
4335.606667
4337.133662
4337.451842
4338.719122
4339.027061
4340.087832
4341.413050
4342.901618
4343.563201
4344.334641
4345.249657
4346.242896
4347.628030
4347.788735
4348.975430
4350.013922
4350.871384
4351.952516
4353.700189
4354.220757
4354.724596
4355.893110
4356.482766
4357.587591
4358.755643
4359.500185
4361.191076
4361.486734
4362.761583
4363.525581
4364.546908
4365.671997
4366.527307
4367.000511
4367.711048
4369.537964
4370.734627
4371.362633
4372.227906
4373.433178
4373.863804
4374.695096
4376.083223
4376.982953
4377.768463
4379.103315
4379.759864
4381.091028
4382.125949
4382.875748
4383.466427
4384.419601
4385.579886
4386.083678
4387.756260
4389.029478
4389.719630
4390.351108
4391.021213
4392.574337
4393.358662
4394.028511
4395.060893
4395.951097
4397.223222
4398.451719
4399.177467
4400.270180
4401.175471
4401.533574
4402.808234
4403.239569
4405.218604
4405.832303
4406.706876
4407.973180
4408.623707
4409.666097
4410.491141
