3434.432930
3436.183607
3437.219161
3438.212616
3439.112430
3440.229299
3440.844025
3441.467977
3442.683392
3444.036570
3445.277432
3446.015386
3447.158925
3447.700517
3449.497002
3449.685001
3450.723487
3451.940669
3452.569816
3453.677893
3455.488799
3456.258614
3457.184172
3457.573598
3458.665410
3460.046064
3460.484230
3461.915971
3462.896732
3464.083832
3464.977695
3465.827155
3467.204403
3467.909471
3468.775551
3469.551913
3470.214108
3472.249018
3473.168763
3473.814882
3475.219106
3475.717792
3476.519931
3477.700190
3479.049830
3479.465965
3480.682915
3481.776396
3483.057856
3484.159388
3484.884585
3485.691497
3486.534339
3487.539477
3488.455776
3489.665123
3491.550561
3491.811099
3492.414435
3493.720613
3494.816408
3495.988931
3496.350361
3497.372960
3498.576136
3499.686553
3501.145919
3501.897095
3502.775867
3503.636215
3504.588927
3504.992627
3506.860778
3507.545273
3508.772500
3509.636408
3510.845083
3511.731091
3512.473586
3513.877573
3514.366752
3515.416808
3515.901814
3518.026445
3518.868409
3519.870186
3520.491665
3521.365040
3522.382212
3523.635835
3524.215220
3525.386566
3526.670256
3527.615207
3528.351824
3529.955744
3530.835046
3531.201023
3532.038508
3533.328243
