47039.189968
47040.032642
47040.840770
47041.099357
47041.897463
47042.821487
47043.373917
47043.876506
47044.489602
47045.102929
47046.384143
47047.195598
47047.955806
47048.485179
47049.137128
47049.563457
47050.283790
47051.082011
47051.707653
47052.512903
47053.389792
47053.725933
47054.293205
47055.833735
47056.252482
47056.463378
47057.448702
47058.497571
47059.065583
47059.741246
47060.253968
47060.811741
47061.273095
47062.321700
47062.767211
47064.081010
47064.500521
47065.531025
47066.077615
47066.802306
47067.224941
47067.931547
47068.808592
47069.285420
47070.131922
47070.912894
47071.476522
47072.141741
47072.750213
47073.445984
47074.648571
47075.515047
47076.003850
47076.401696
47077.243337
47077.830914
47078.634761
47079.066784
47079.899855
47080.300710
47081.323753
47082.624423
47082.854679
47083.525208
47084.425044
47084.828984
47085.632658
47086.340067
47087.241247
47087.951753
47088.411965
47088.658894
47089.952387
47090.126804
47091.262003
47092.172110
47092.893707
47093.508859
47094.419823
47094.925502
47095.564777
47095.974666
47096.379211
47097.726698
47098.437520
47098.845082
47099.547966
47100.594946
47101.063322
47102.061785
47102.638226
47103.166641
47104.143644
47104.933061
47105.142135
47106.150459
47106.686294
47107.162767
47107.955060
47108.464260
