61326.210143
61327.346480
61327.942961
61328.783847
61329.173015
61329.503198
61330.467667
61330.916453
61332.074284
61332.583852
61333.831865
61334.177337
61334.695231
61335.563770
61336.000246
61336.678543
61337.460630
61337.779918
61338.459569
61339.724509
61340.112693
61340.783313
61341.755155
61342.264001
61342.625983
61343.901397
61344.507277
61345.098901
61345.405538
61346.332720
61347.116650
61347.593959
61348.036396
61348.760057
61349.511527
61350.691794
61351.513756
61351.898849
61352.821253
61353.063490
61353.690682
61354.478531
61355.051621
61355.920540
61356.629400
61357.319015
61357.754195
61358.220447
61359.578292
61360.210490
61360.536653
61361.451959
61362.217463
61362.907656
61363.812058
61364.067102
61364.461500
61365.183723
61365.967723
61366.580526
61367.601226
61368.293649
61369.160048
61369.610135
61370.462307
61371.020160
61371.542321
61372.210194
61373.073211
61373.705890
61374.356711
61374.830764
61375.922039
61376.189772
61376.725314
61377.626700
61378.908043
61379.549681
61379.917432
61380.602245
61381.203687
61381.732023
61382.588117
61383.075727
61383.873653
61384.341994
61385.079461
61386.379923
61386.701398
61387.481856
61387.985135
61388.926958
61389.253268
61390.108995
61391.095290
61391.522606
61392.111875
61392.633238
61393.268700
61393.964043
