50965.866870
50965.899781
50967.096376
50967.405598
50968.133837
50968.581999
50969.479472
50970.482480
50971.252649
50972.012223
50972.741549
50973.078707
50973.884068
50974.367020
50975.576965
50976.115770
50976.576965
50977.116213
50977.981329
50978.692556
50979.280794
50980.020127
50980.816585
50981.975784
50982.584257
50983.078770
50983.929193
50984.028214
50984.827653
50985.748111
50986.139633
50987.249930
50987.663868
50988.451957
50989.347663
50990.122099
50990.566806
50991.517911
50992.042333
50992.802919
50993.311796
50994.414137
50994.951554
50995.328265
50995.868894
50996.625155
50997.238112
50998.623435
50999.400072
50999.998057
51000.190746
51001.227330
51002.099876
51002.283223
51003.081433
51003.604270
51004.652638
51005.375460
51005.811604
51006.500839
51007.576914
51008.069083
51008.561668
51009.960339
51010.227839
51011.007921
51011.817630
51012.182450
51012.621597
51013.496054
51014.322856
51014.808362
51015.580077
51016.531447
51017.572257
51018.125389
51018.763969
51019.018834
51019.767372
51020.583127
51021.619932
51021.964702
51022.753575
51023.296169
51023.888900
51024.603904
51025.538549
51026.276419
51027.292137
51027.706161
51028.529438
51029.065138
51029.867586
51030.220430
51031.068881
51031.650218
51031.930057
51033.371104
51034.099779
51034.699602
