31351.781812
31352.881179
31353.848076
31354.490240
31355.051177
31356.090654
31356.690973
31357.492660
31358.268963
31358.812489
31359.680068
31360.364780
31361.252366
31361.527896
31362.097822
31363.304315
31363.683166
31365.230575
31365.943884
31366.341280
31367.013807
31367.662904
31368.241914
31369.166567
31369.902130
31370.686364
31371.320477
31371.750574
31373.143609
31373.771702
31374.284501
31374.917805
31376.353701
31376.631784
31377.445347
31378.062571
31378.618738
31379.296200
31379.951809
31380.778951
31381.764752
31382.750319
31383.390461
31384.182767
31384.605631
31385.655831
31386.073675
31386.629686
31387.700138
31388.350529
31389.246971
31389.862859
31390.089211
31391.068603
31392.363351
31393.206945
31393.562425
31394.437573
31395.175804
31395.589261
31396.619939
31396.955190
31397.670147
31398.451172
31399.492386
31400.337881
31401.070254
31401.923750
31402.305586
31403.169798
31403.643817
31405.045556
31405.464968
31406.065941
31406.333742
31407.532057
31408.176308
31408.669584
31410.146061
31410.392241
31411.712556
31412.296755
31412.784260
31413.313520
31413.950718
31414.725822
31415.747314
31416.308761
31417.070678
31417.805037
31418.729914
31419.318231
31420.347681
31420.797651
31421.876881
31422.192456
31423.265622
31423.697857
31424.531246
31425.197656
