59133.521653
59133.886491
59134.754662
59135.441125
59135.867420
59136.331641
59137.699251
59138.475578
59138.974366
59139.803219
59140.186628
59140.771595
59141.982971
59142.269932
59143.147303
59143.592824
59144.381430
59144.912554
59145.704862
59146.236807
59146.822201
59147.845688
59148.965100
59149.395669
59149.994786
59150.726260
59151.385402
59151.797137
59152.248417
59153.198848
59153.972611
59154.900101
59155.218361
59155.717429
59156.959307
59157.683089
59158.078894
59158.879646
59159.562781
59160.115815
59161.105977
59161.890491
59162.122933
59162.595804
59163.187297
59164.241702
59164.691760
59166.008155
59166.538482
59167.419542
59167.763883
59168.318315
59169.247979
59169.760972
59170.268491
59171.157515
59171.915603
59172.294056
59173.270562
59173.814438
59174.622325
59175.192595
59175.827253
59177.156077
59177.626727
59178.145809
59178.680072
59179.256959
59180.076242
59180.638480
59181.354405
59181.795134
59182.719437
59183.627344
59184.636312
59184.990349
59185.658532
59186.449639
59186.732755
59187.549881
59188.425047
59189.246387
59189.560858
59190.471987
59190.861166
59191.400251
59192.163780
59193.609913
59193.957897
59194.419442
59195.585287
59195.944586
59196.749276
59197.228865
59197.878139
59198.196856
59199.108460
59199.995431
59200.811575
59201.339154
