8411.254384
8412.634141
8413.680979
8414.783450
8415.403499
8415.723254
8416.838129
8417.556527
8418.527239
8419.569109
8420.005248
8421.508390
8422.378527
8423.240648
8423.389063
8425.250971
8425.839729
8426.287467
8427.283348
8428.018573
8428.624830
8429.995855
8431.177000
8431.955360
8432.975958
8433.312480
8434.415421
8435.058137
8435.811385
8437.043923
8437.890770
8438.581508
8439.280453
8440.622495
8441.680875
8442.342548
8443.184375
8443.859358
8445.019550
8445.343743
8446.186349
8447.097012
8448.634176
8449.496018
8450.170450
8451.011051
8451.672354
8452.526787
8453.840544
8454.385593
8455.129114
8455.682201
8457.256933
8457.584956
8459.077902
8459.817317
8460.913889
8461.562867
8462.069886
8462.646579
8463.899499
8464.878542
8465.537510
8466.826335
8467.635630
8468.444307
8469.241866
8470.285462
8470.855567
8472.106756
8472.581593
8473.422142
8474.178986
8474.840320
8476.904664
8477.388694
8477.921861
8478.842816
8479.721517
8480.498098
8481.301917
8481.987757
8483.482314
8483.709365
8485.134315
8485.731595
8486.695524
8487.794494
8488.692418
8489.335843
8490.035611
8490.800705
8491.507454
8492.596487
8493.823574
8494.552018
8496.029850
8496.290002
8497.053886
8497.637356
