55550.783436
55551.488755
55551.793165
55552.385369
55553.116893
55554.076358
55554.362636
55554.926199
55555.738988
55556.253507
55557.374385
55558.435100
55558.970881
55559.296765
55559.964647
55560.893036
55561.391411
55562.170408
55562.930761
55563.551212
55564.226668
55564.636315
55565.389485
55566.094934
55567.034750
55567.748168
55568.582701
55569.254728
55570.059211
55570.557766
55571.182126
55571.490923
55572.310215
55572.894231
55574.169563
55574.582222
55574.966998
55576.065406
55576.736281
55577.631126
55578.208881
55578.480763
55579.488256
55580.394592
55580.876096
55581.406496
55582.072602
55582.974477
55583.199428
55583.711480
55585.207769
55585.889703
55586.696212
55587.257672
55587.735717
55588.233644
55589.143426
55589.765351
55590.453920
55591.260462
55591.380528
55592.797308
55593.121434
55594.073750
55594.410804
55595.430864
55596.049200
55597.013023
55597.606927
55598.371663
55598.612700
55599.215179
55600.314630
55600.550607
55601.146518
55602.194206
55603.082730
55603.752879
55604.559852
55605.154794
55605.987664
55606.208735
55607.008610
55607.479743
55608.710480
55609.403384
55609.643851
55610.456730
55610.816357
55611.713841
55612.932714
55613.303299
55614.347506
55614.731587
55615.477013
55616.228804
55616.974077
55617.163679
55617.819843
55618.660315
