62351.625385
62352.048860
62352.848818
62353.512404
62354.092185
62354.676310
62355.599439
62356.106443
62357.199640
62358.060853
62358.800655
62358.985625
62359.708760
62360.408495
62360.938084
62361.591107
62362.416232
62363.098132
62364.044298
62364.440548
62364.749368
62366.089211
62366.737190
62367.195640
62368.259332
62368.558251
62369.414047
62369.937490
62370.874577
62371.378138
62371.722104
62372.134113
62373.171308
62374.241059
62375.073516
62375.643541
62376.152542
62376.865224
62377.677338
62378.002867
62378.716113
62379.670039
62380.211382
62380.734046
62381.684440
62381.926071
62382.983562
62383.462361
62384.385853
62384.968456
62386.101086
62386.668197
62387.072757
62387.916694
62388.228030
62388.606346
62389.873166
62390.303660
62391.003930
62391.597282
62392.655012
62393.507893
62394.028431
62394.533507
62395.303073
62395.841076
62396.465489
62397.633956
62398.116334
62398.399002
62399.275205
62399.785885
62400.557227
62400.927650
62402.367725
62403.231372
62403.540288
62404.043322
62404.928181
62405.596233
62406.204391
62406.695980
62407.178803
62408.039738
62408.867381
62409.771308
62410.098458
62411.142692
62411.427964
62412.339396
62413.211499
62413.807086
62414.373331
62415.167543
62415.831183
62416.209306
62416.963313
62417.625561
62418.160349
62418.837455
