42506.717859
42507.126638
42507.778138
42508.036778
42509.095622
42509.474691
42510.272133
42511.025856
42511.975711
42512.565351
42513.052070
42514.125647
42514.762615
42515.689825
42516.060495
42517.083356
42517.465774
42518.396842
42519.265222
42519.508898
42520.180883
42520.809170
42521.335424
42522.904658
42523.693435
42523.958593
42524.756649
42525.795936
42525.835168
42526.938169
42527.298417
42528.159388
42529.172077
42529.435211
42530.244610
42531.073809
42531.843704
42532.351274
42533.361369
42534.189577
42534.849602
42535.701407
42536.226699
42536.531995
42537.099279
42538.273438
42538.816796
42539.370031
42540.216179
42541.428444
42541.948284
42542.887851
42543.074710
42543.845146
42544.496006
42545.395045
42546.292966
42546.811009
42547.321104
42547.917403
42548.873195
42549.240345
42550.365721
42551.669210
42551.842129
42552.397729
42553.432336
42553.915632
42554.581702
42555.348626
42555.603565
42556.395770
42557.638923
42558.164735
42558.979782
42559.624678
42560.267515
42561.141202
42561.819432
42562.576160
42563.281859
42563.756390
42564.617246
42565.384101
42565.684331
42566.382013
42567.213155
42568.181363
42569.112608
42569.931915
42570.569988
42571.099147
42571.454423
42572.301042
42572.942600
42573.971106
42574.483478
42575.325521
42575.660706
42576.463619
