65212.496072
65213.146548
65213.293783
65214.166853
65214.771661
65215.468802
65216.107587
65217.121935
65217.617052
65217.957291
65218.775322
65219.341655
65220.064356
65220.843386
65221.883788
65222.525839
65223.127730
65223.634766
65224.635561
65225.208320
65225.466303
65226.071717
65226.610189
65227.876150
65228.366108
65229.034432
65229.859516
65230.393661
65231.199800
65232.153741
65232.349205
65233.168225
65233.931046
65234.593841
65235.267191
65235.843221
65236.364243
65237.156946
65237.451116
65238.451960
65239.422766
65240.335969
65241.039334
65241.437294
65241.902650
65242.481006
65243.355694
65243.947354
65244.711802
65245.424602
65245.794516
65246.582989
65247.657638
65247.934353
65249.145181
65249.265554
65249.995315
65251.302486
65251.788620
65252.215589
65252.620556
65253.603492
65254.078813
65254.597891
65255.210003
65256.283985
65257.116495
65257.742393
65258.467581
65259.198076
65259.699379
65260.410132
65260.855622
65261.643141
65262.215277
65263.243422
65263.728697
65264.504465
65264.825828
65265.239689
65266.583768
65267.389268
65268.097923
65268.477232
65269.513701
65269.774861
65270.480049
65271.355815
65271.696006
65272.141120
65273.159317
65273.747420
65274.675458
65275.479485
65276.158897
65276.728309
65277.423204
65277.731004
65278.770677
65279.563791
