27260.844177
27261.893873
27262.528416
27263.378508
27263.687448
27264.743551
27265.783273
27266.006650
27267.261240
27267.776818
27268.411202
27269.747932
27270.480101
27270.620744
27271.607935
27272.261982
27272.836303
27273.571401
27274.224315
27275.446138
27276.195676
27276.933578
27277.932405
27278.520991
27278.925607
27279.660332
27280.414378
27281.483782
27282.139046
27282.971241
27283.176611
27283.838434
27285.271917
27285.884450
27286.884640
27287.402969
27288.234575
27288.951623
27289.694870
27290.035688
27290.741726
27291.855092
27292.135481
27293.499197
27294.268609
27294.986719
27295.599733
27296.262711
27297.044434
27298.151355
27298.536827
27299.440017
27299.807720
27300.623473
27301.679071
27302.043942
27302.645439
27304.224156
27305.086792
27305.425607
27306.080264
27306.918843
27307.420433
27307.979439
27309.244673
27309.596225
27310.617923
27311.061206
27312.292727
27312.694563
27313.823204
27314.399972
27315.067251
27315.873593
27316.846136
27317.405560
27318.050600
27318.429097
27319.121033
27320.118946
27321.400384
27322.073534
27322.633757
27323.475197
27324.245718
27324.737708
27325.754324
27325.817937
27327.271470
27327.738944
27328.495585
27329.178423
27329.937604
27330.824424
27331.624027
27332.520915
27333.674572
27333.850067
27334.420617
27335.074653
