54719.870485
54720.448043
54721.163634
54721.961900
54722.933218
54723.368792
54724.133654
54725.083730
54725.480376
54726.107023
54727.206977
54727.629328
54728.588564
54728.947528
54729.249613
54730.481975
54731.041261
54731.428022
54731.958743
54733.389514
54734.297985
54734.673180
54735.556859
54735.877753
54736.310391
54737.230098
54738.011564
54738.673791
54739.230707
54740.122379
54740.541712
54741.313993
54742.375978
54742.661888
54743.779279
54744.231899
54745.109089
54745.660539
54746.540766
54747.083101
54747.552055
54747.949232
54748.792368
54749.497283
54750.744310
54751.215846
54751.963702
54752.636982
54753.457164
54753.861358
54754.789372
54755.142833
54755.695078
54757.040984
54757.335591
54757.999489
54758.480279
54759.240374
54760.153024
54760.710311
54761.964646
54762.513456
54763.099174
54763.628227
54764.224427
54764.961381
54765.576555
54766.108500
54767.109281
54767.560435
54768.206438
54769.516015
54770.144110
54770.611478
54771.118918
54771.717428
54772.830031
54773.502859
54774.119325
54774.574325
54775.376813
54775.789758
54776.547779
54777.323796
54777.968437
54779.205092
54779.679861
54780.590829
54780.952528
54781.673810
54782.375262
54782.958115
54783.257535
54784.298998
54785.119960
54785.810801
54786.500328
54786.973904
54787.668611
54788.992136
