31720.979313
31721.930248
31722.175638
31722.732159
31723.584733
31724.615986
31725.479532
31725.838788
31726.772963
31727.854182
31728.421977
31729.062629
31729.643940
31730.505683
31731.400079
31732.084849
31732.743663
31733.114525
31733.981974
31734.430488
31735.735288
31736.712099
31737.321257
31738.339513
31738.581727
31738.975687
31740.236417
31740.864453
31741.146718
31742.255810
31742.905147
31743.679724
31744.615873
31745.255994
31745.920204
31746.566740
31747.921744
31748.416540
31748.919723
31749.519609
31750.242831
31751.102818
31751.715683
31752.047669
31753.449239
31754.141556
31755.140043
31755.808893
31756.343096
31756.973833
31757.665939
31758.316845
31759.202183
31760.227349
31760.706464
31761.111583
31761.865788
31762.774731
31763.941306
31764.636669
31765.116859
31765.968030
31766.922184
31767.338737
31767.962122
31768.633119
31769.065736
31770.209347
31770.933426
31771.972273
31772.677736
31773.229364
31774.092289
31774.652605
31775.446399
31776.236714
31777.146934
31777.567229
31778.072846
31779.085401
31779.750465
31780.376554
31781.010712
31782.706263
31783.041735
31783.645915
31784.509821
31784.800181
31785.545930
31786.313192
31787.404470
31787.704613
31788.510366
31789.393603
31790.363615
31790.939948
31791.675513
31792.507467
31793.057975
31794.137260
