64940.413733
64940.978016
64941.639977
64942.603211
64943.136559
64943.821247
64944.420064
64944.982380
64945.273583
64946.048548
64946.934951
64947.914308
64948.369449
64948.977221
64950.131619
64950.679493
64951.209610
64951.625600
64952.564110
64953.142572
64953.775557
64954.835369
64955.240945
64955.559285
64956.362290
64957.016914
64957.770243
64958.797262
64959.662162
64960.273549
64960.799045
64961.308404
64961.772280
64962.825784
64963.342970
64963.813355
64964.434126
64965.378014
64966.052023
64966.877413
64967.769582
64968.089042
64968.608218
64969.503258
64970.505944
64971.028204
64971.439849
64972.272029
64972.805232
64973.291865
64974.221271
64974.568913
64975.349139
64976.670388
64977.129203
64977.719108
64978.646498
64979.225814
64979.507457
64980.314405
64980.685443
64981.676884
64982.583313
64983.275213
64983.357751
64984.392190
64984.829887
64986.083156
64986.571059
64987.434968
64987.699832
64988.645620
64989.515591
64989.917712
64990.437982
64990.935064
64991.822437
64992.213548
64993.090564
64994.187048
64994.977745
64995.542290
64995.861126
64996.837423
64997.428025
64997.707677
64999.066350
64999.319954
65000.060814
65000.490493
65001.337662
65002.218494
65002.572436
65003.255861
65004.145516
65005.273839
65005.769921
65006.495099
65006.777848
65007.501434
