73916.976442
73917.313271
73918.227723
73918.831517
73919.011449
73920.026391
73920.426230
73921.475894
73922.009684
73922.890331
73923.788680
73924.083958
73924.748617
73925.320576
73926.317276
73926.965627
73927.656514
73928.258166
73928.333695
73929.413189
73930.211298
73930.605403
73931.051436
73932.195241
73933.116504
73933.958914
73934.282653
73934.954610
73935.498826
73935.982415
73936.753576
73937.348281
73938.297760
73938.871954
73939.258128
73940.284620
73940.794382
73941.389503
73942.530128
73943.026746
73943.546824
73944.201876
73945.090002
73945.822518
73946.195523
73946.803890
73947.299885
73948.121519
73948.303858
73949.863579
73950.519338
73951.028857
73951.737440
73952.264238
73953.156710
73953.662504
73954.116160
73954.734956
73955.856322
73956.225414
73956.806299
73957.563021
73958.255422
73958.751261
73959.611395
73960.341065
73961.303484
73961.845691
73962.772223
73962.990416
73963.370101
73964.230632
73964.944084
73965.432066
73966.330490
73966.850379
73967.446837
73968.679007
73969.291294
73969.948801
73970.309197
73970.774742
73971.753792
73972.583920
73973.064247
73973.765557
73974.496879
73974.779343
73975.493039
73976.111904
73976.963519
73977.904179
73978.649883
73979.405843
73979.814930
73980.460211
73981.150200
73981.926245
73982.217012
73982.885925
