55896.198676
55896.749398
55897.486465
55897.799686
55898.546325
55899.425581
55899.967860
55900.727679
55901.532917
55902.285629
55903.115506
55903.485300
55904.280232
55904.962149
55906.004301
55906.521302
55907.243467
55907.449628
55908.113921
55909.123805
55909.614187
55910.213961
55911.149176
55912.038087
55913.034067
55913.656409
55913.855545
55914.473080
55915.471506
55915.698941
55916.685227
55917.506201
55918.214337
55918.505186
55919.386170
55919.962545
55920.989903
55921.583748
55922.479290
55923.142478
55923.747215
55924.247415
55925.148190
55925.784400
55926.313591
55926.698956
55927.195792
55928.674235
55929.255779
55929.991464
55930.781287
55931.322759
55931.718373
55932.832566
55933.401041
55933.743711
55934.796739
55935.337729
55936.063965
55936.665734
55937.110183
55938.030356
55938.742346
55939.709401
55940.377121
55941.427636
55941.719507
55942.244278
55942.735063
55943.681306
55943.965794
55945.142974
55945.624605
55946.313316
55946.927998
55948.046125
55948.883158
55949.105602
55949.981778
55950.268252
55951.551493
55952.059087
55952.851044
55953.282137
55953.678606
55954.627664
55955.173168
55955.698782
55957.039632
55957.922421
55958.311099
55958.824325
55959.770678
55960.268862
55960.962251
55961.330926
55962.365300
55962.705456
55963.697524
55964.534883
