34725.413290
34726.418841
34727.874304
34728.269654
34728.770904
34729.789792
34730.349422
34730.954372
34731.702184
34732.218099
34732.897747
34734.158046
34734.667092
34735.119650
34736.049129
34736.719057
34737.719835
34738.540316
34739.343421
34739.538275
34740.843743
34741.026837
34741.769025
34742.446879
34743.199176
34743.826130
34744.792014
34745.940363
34746.672373
34747.075163
34747.929164
34748.237743
34749.071922
34750.055190
34750.877883
34751.408537
34752.032472
34752.316458
34753.711694
34754.433904
34754.746812
34756.228556
34756.602736
34757.479339
34758.189944
34758.608377
34759.305574
34759.845446
34760.630202
34761.629081
34762.208820
34763.248478
34763.924261
34764.604766
34765.254796
34766.114834
34766.873428
34767.365940
34768.125621
34769.034687
34769.583037
34770.436292
34770.711687
34771.273065
34772.654514
34773.860664
34774.201535
34774.801932
34775.492722
34776.201202
34776.881383
34777.528438
34778.217496
34779.004235
34779.805106
34780.529282
34781.215294
34782.222961
34782.891408
34783.416454
34784.108822
34785.494084
34785.853660
34786.243892
34786.990031
34787.650626
34788.310920
34789.064092
34790.133770
34790.826898
34791.653518
34792.733279
34793.053548
34793.648235
34794.299311
34794.848805
34796.096367
34796.612965
34797.143353
34798.169956
