13633.465675
13634.344290
13635.255222
13635.976373
13637.038492
13637.707151
13637.876493
13639.037364
13639.541421
13640.746878
13641.469177
13642.672314
13643.234016
13644.010147
13644.996999
13645.661886
13646.762346
13647.238381
13648.039816
13648.800043
13649.882606
13650.109478
13650.916382
13652.835117
13653.476711
13653.762102
13654.713337
13655.590274
13655.925513
13657.127325
13657.941548
13658.470557
13659.599223
13660.250093
13661.354723
13662.067096
13662.937704
13663.692566
13664.776133
13665.495536
13665.980843
13666.715984
13667.162999
13668.507692
13669.388333
13670.577198
13670.983470
13672.162385
13672.798654
13673.300528
13674.028043
13675.179696
13675.949469
13676.763183
13677.328035
13678.024477
13679.333460
13679.964084
13681.372752
13681.980530
13682.234714
13683.229032
13684.081779
13684.758085
13685.433661
13686.248689
13687.430808
13688.567819
13689.300571
13689.685561
13690.391711
13691.686753
13692.528798
13692.919057
13693.833950
13694.687839
13695.186552
13696.062136
13697.293211
13698.179567
13699.198073
13699.768643
13700.570303
13701.138209
13702.066090
13702.315412
13703.844250
13704.597265
13705.207588
13705.973534
13707.373448
13707.761298
13708.847724
13709.270157
13710.519841
13711.119109
13711.909375
13712.327507
13713.265801
13713.876172
