21558.193620
21558.487959
21559.281036
21560.193275
21560.514428
21561.511491
21562.454184
21563.308607
21563.782559
21564.331812
21565.502513
21566.445536
21567.247916
21568.072167
21568.480032
21569.412867
21570.311938
21570.806177
21571.214055
21572.059252
21573.032189
21574.403466
21574.922807
21575.468242
21576.657784
21576.906983
21577.623512
21578.839071
21579.400352
21580.113367
21580.696637
21581.563847
21582.295597
21583.107177
21584.053536
21584.994213
21585.980880
21586.519515
21587.213738
21587.643608
21588.162899
21589.575759
21589.985408
21590.741173
21591.720679
21592.645312
21593.385563
21594.239887
21594.777911
21595.431348
21596.700349
21597.115711
21597.873084
21598.634526
21599.251229
21599.750490
21600.669735
21602.405219
21602.695109
21603.398783
21604.023384
21605.037913
21605.573813
21606.279408
21606.878096
21607.775551
21608.941670
21609.226528
21610.307072
21610.878913
21611.846302
21612.703236
21613.691905
21614.101303
21615.021551
21615.521801
21616.253140
21616.989486
21617.565595
21618.823491
21619.327246
21620.707085
21621.446410
21621.856807
21622.446343
21623.206516
21624.013890
21625.088064
21625.845936
21626.311916
21626.731170
21627.841978
21629.048376
21629.346901
21630.586024
21631.291056
21632.091231
21632.625185
21633.262548
21634.277693
