25074.938599
25075.570006
25076.503829
25077.005999
25077.524729
25078.152831
25079.310306
25080.350557
25080.682588
25081.065397
25082.314140
25083.252350
25083.782165
25084.942510
25085.501268
25085.939441
25087.164097
25087.503158
25088.100587
25088.787402
25089.728272
25090.377652
25091.772294
25092.476176
25093.096453
25093.744394
25094.039001
25095.349695
25096.034742
25096.643975
25097.563469
25097.844180
25098.858379
25099.669502
25100.409123
25101.138797
25102.375241
25103.180551
25103.585148
25104.314147
25104.892349
25105.659063
25106.240763
25107.176799
25107.995311
25108.891395
25109.655324
25110.335674
25111.496529
25111.749256
25112.632997
25113.265053
25114.326744
25114.887731
25115.748741
25116.157650
25116.864585
25117.331780
25119.202034
25119.615321
25120.326706
25121.017128
25122.039646
25122.225965
25123.169755
25123.729514
25124.673194
25125.402192
25126.114690
25127.104534
25127.773074
25128.482601
25129.495755
25129.857365
25131.187308
25131.991607
25132.146926
25132.680464
25133.719950
25134.461673
25135.075541
25135.874397
25137.024904
25138.057767
25138.572189
25139.328779
25139.614386
25140.595034
25141.177644
25142.546630
25142.704389
25143.551545
25144.292036
25144.944898
25145.895191
25146.864523
25147.751160
25148.402469
25148.969313
25149.880104
