57896.087045
57896.647575
57897.620686
57898.140855
57898.703740
57899.298590
57899.892758
57900.771267
57901.404679
57902.188505
57902.847158
57903.040703
57904.088633
57904.945769
57905.254791
57906.198843
57906.993789
57907.931633
57908.595155
57909.218428
57909.695593
57909.927907
57911.014029
57911.474343
57912.352818
57913.042976
57913.536496
57914.699179
57915.328095
57916.020808
57916.479038
57917.431009
57917.904053
57918.381817
57919.647851
57919.989688
57920.625635
57921.256436
57921.893171
57922.310174
57923.135671
57924.559361
57925.262250
57925.523533
57926.038836
57927.134917
57927.631349
57928.253669
57928.628764
57929.421744
57930.156294
57931.242660
57931.414723
57932.492643
57933.045895
57933.701397
57934.576569
57935.119907
57936.113397
57936.546041
57937.422483
57937.787250
57938.392814
57939.041403
57939.779537
57940.483292
57941.094756
57942.084028
57943.085798
57943.671013
57944.370473
57944.643406
57945.303844
57945.856268
57946.958410
57947.750574
57947.941790
57948.935269
57949.430657
57949.850091
57951.275345
57951.641084
57952.192720
57953.512417
57953.732953
57954.539177
57955.177500
57955.646984
57956.609303
57956.853505
57957.357616
57958.314033
57959.417672
57960.143538
57960.626286
57961.350235
57962.107337
57962.589602
57963.427141
57964.137790
