71634.025956
71634.561476
71635.170608
71635.465077
71636.404839
71636.504702
71637.582355
71638.336377
71639.382284
71640.008526
71640.661546
71641.167437
71641.797966
71642.557365
71643.083940
71643.483572
71644.431629
71645.070406
71645.836082
71646.219446
71647.488444
71647.788499
71648.281028
71649.116468
71650.185771
71650.814990
71651.214087
71652.030080
71652.347970
71653.168134
71653.821329
71654.343906
71655.106470
71655.489909
71656.596854
71657.901275
71658.019329
71658.601951
71659.334400
71659.971142
71660.480310
71661.149038
71661.994783
71662.761263
71663.387915
71663.748732
71664.379180
71665.066026
71666.205177
71666.650995
71667.537504
71668.259842
71668.572831
71669.812468
71670.086035
71670.604418
71671.107458
71671.868349
71672.271742
71673.513028
71674.120013
71674.757765
71675.434494
71676.277780
71676.994458
71677.319614
71677.990453
71678.931403
71679.588889
71679.980691
71680.748055
71681.604584
71681.816537
71682.690401
71683.124608
71684.045577
71685.206606
71685.798918
71686.447567
71687.083674
71687.320598
71687.935309
71688.805950
71689.660333
71690.172395
71690.422628
71691.573178
71692.262923
71692.800416
71693.860610
71694.415711
71694.620151
71695.624401
71696.586636
71696.954739
71697.896838
71698.080549
71698.845863
71699.546246
71699.905717
