17493.600646
17494.628636
17495.874586
17496.739306
17496.838469
17498.205633
17498.865497
17499.282373
17499.808683
17501.015130
17501.927682
17502.617733
17503.210282
17504.111048
17505.226353
17505.705024
17506.925705
17507.613844
17508.132475
17509.056400
17509.541637
17510.408941
17511.157359
17511.732206
17512.905148
17514.290846
17514.743604
17515.335951
17516.141958
17516.463336
17518.065197
17518.429662
17519.096953
17519.939149
17520.806339
17521.271748
17522.617601
17523.119564
17524.283281
17525.132780
17525.845969
17526.234820
17527.263307
17527.708923
17528.373704
17529.351167
17530.593550
17531.214344
17531.790554
17533.100621
17533.543127
17534.312303
17535.109431
17535.849225
17536.814885
17537.485306
17538.329937
17538.545517
17539.380706
17540.986519
17541.668686
17542.627632
17543.014057
17543.954341
17544.420048
17545.303033
17545.996054
17547.006558
17547.583496
17548.370023
17549.682306
17550.164264
17550.936015
17551.601398
17552.856183
17553.528855
17554.317672
17554.709232
17555.252782
17556.438263
17557.032697
17557.820080
17559.164233
17559.957535
17560.760310
17561.136530
17562.038729
17562.856211
17563.165459
17564.676248
17565.234765
17565.643821
17566.815220
17567.233836
17568.381018
17569.752177
17569.959165
17570.719612
17571.622095
17572.429860
