36905.396353
36906.171330
36907.304569
36907.617016
36908.264580
36909.263747
36909.400366
36910.585608
36910.726554
36912.303204
36913.130461
36913.797468
36914.289619
36914.958095
36915.313687
36916.423054
36916.987382
36917.817345
36918.503583
36918.941069
36919.946593
36920.990043
36921.380452
36922.083751
36922.858396
36924.079770
36924.493521
36924.933918
36925.988536
36926.304012
36926.868349
36927.737571
36928.389229
36929.562310
36930.267758
36931.070326
36931.727928
36932.367492
36933.077697
36933.689119
36934.416884
36934.861246
36936.286239
36936.696642
36937.221529
36937.524662
36938.795876
36939.534478
36940.629955
36941.286007
36941.649054
36942.660861
36943.039530
36943.973221
36944.453737
36944.921718
36945.884480
36946.665900
36947.578012
36948.369729
36949.334888
36949.684045
36950.216584
36950.972854
36952.254577
36952.544420
36953.374092
36953.883754
36954.422011
36955.302337
36956.278041
36956.479161
36957.813548
36958.632128
36959.445349
36959.932867
36960.711352
36961.037144
36961.595024
36962.860588
36963.130187
36964.169753
36964.783413
36965.591053
36966.282805
36967.089102
36967.953392
36968.654518
36969.142650
36970.072545
36970.766291
36971.413501
36972.073357
36972.634854
36973.303632
36973.665473
36975.414680
36976.110925
36976.634846
36977.015742
