45486.986710
45487.590833
45487.968850
45489.006766
45489.606489
45490.418208
45491.104732
45491.520313
45492.596028
45492.864375
45493.866766
45494.349644
45494.713880
45495.800308
45497.065594
45497.643200
45498.231312
45498.826456
45499.596049
45500.015133
45500.676497
45501.371251
45502.501735
45502.916499
45503.546232
45504.111529
45505.594804
45505.703724
45506.584909
45507.325796
45507.851764
45508.997697
45509.499931
45510.298742
45510.564873
45511.032597
45511.882205
45513.032804
45513.222160
45514.660993
45515.311143
45515.755696
45516.566067
45517.329568
45517.626573
45518.539460
45519.125842
45519.937839
45520.742243
45521.277642
45521.995122
45522.647697
45523.365013
45524.145007
45525.507680
45525.904684
45526.245637
45527.013107
45527.789751
45528.304737
45529.246731
45529.534290
45530.188027
45531.171051
45532.245028
45532.940163
45533.456035
45534.305978
45534.742266
45535.307844
45536.412152
45537.075524
45537.566308
45538.402207
45538.978559
45539.403558
45540.113250
45541.337331
45541.897465
45542.903791
45543.258106
45544.535559
45544.791321
45545.337260
45545.905931
45546.540143
45547.389076
45548.208911
45549.085402
45549.618144
45550.087192
45551.370335
45551.910035
45552.513630
45553.075476
45554.229120
45554.630114
45555.333808
45555.898424
45556.740857
