8672.776806
8673.524006
8674.349201
8675.596120
8676.924281
8677.519367
8677.987746
8679.291278
8679.748657
8680.584051
8681.161852
8682.385865
8683.501223
8684.345138
8685.162576
8685.791259
8687.189699
8687.777364
8688.479057
8689.551335
8690.364817
8690.662797
8691.926226
8692.523178
8694.228413
8694.902289
8695.905093
8696.258314
8697.336511
8697.610485
8699.091219
8699.936426
8700.597521
8701.161157
8702.804254
8703.417101
8704.079332
8705.318810
8706.154650
8707.005236
8707.597537
8708.113872
8709.159693
8709.949365
8711.450294
8712.275399
8712.986720
8714.030953
8714.366502
8715.585779
8716.356426
8717.003515
8718.139853
8719.090250
8719.382554
8720.447893
8721.974942
8722.755721
8723.599098
8724.108198
8724.859676
8725.956761
8726.536842
8727.253773
8728.498800
8729.628006
8730.322892
8731.474828
8731.879802
8732.623377
8734.081398
8734.675973
8735.414586
8736.080091
8736.767658
8737.886599
8739.389508
8739.714814
8741.112495
8741.683325
8742.525510
8742.997118
8743.749048
8745.053827
8745.977161
8746.443532
8747.807308
8748.384570
8749.516423
8750.330086
8751.346430
8751.999141
8752.672763
8753.775489
8754.258907
8755.009176
8756.043831
8757.903052
8758.330109
8758.806686
