52150.738034
52151.581249
52151.989411
52152.438483
52153.699908
52154.349707
52154.875475
52155.512363
52156.033703
52156.525491
52157.578274
52158.404451
52158.816166
52160.077652
52160.671045
52161.428795
52161.773302
52162.546659
52163.073510
52163.760616
52164.219541
52165.423402
52165.995656
52166.499952
52167.438166
52168.135049
52168.846997
52169.388286
52170.531222
52170.934611
52171.553459
52172.160041
52173.101862
52173.698936
52174.170240
52174.714249
52175.214843
52176.513761
52177.546730
52178.181141
52178.614583
52179.129729
52179.940482
52180.604366
52181.293893
52181.832872
52182.649015
52183.554310
52183.844924
52184.591140
52185.519297
52186.202548
52186.892931
52187.686035
52188.329366
52189.378076
52189.870436
52190.427423
52190.632057
52191.589401
52192.186602
52193.022026
52193.749168
52194.693118
52195.138731
52196.405435
52196.729206
52197.363146
52197.986261
52198.439151
52199.452286
52200.434997
52200.768046
52201.174150
52202.231478
52202.774832
52203.053393
52204.415971
52205.330886
52206.066291
52206.262472
52207.324608
52207.730943
52208.283859
52209.187012
52209.883770
52210.059680
52210.994626
52212.059042
52212.887917
52213.374274
52214.059963
52214.612909
52215.546195
52216.238869
52216.904487
52217.636879
52218.226379
52218.672659
52219.569317
