13551.513797
13552.670565
13553.399112
13553.617923
13555.495451
13555.677423
13556.612127
13557.229323
13557.683741
13558.822560
13559.541177
13560.436515
13561.708370
13562.545272
13563.182147
13564.098637
13564.359559
13565.288986
13566.529537
13566.995791
13567.909217
13568.762340
13569.185855
13570.287461
13571.689272
13572.155533
13573.110893
13573.570377
13574.692801
13575.303057
13575.776166
13576.726429
13577.324048
13579.063607
13579.551114
13580.179873
13581.128400
13581.988825
13582.555256
13583.635921
13584.386578
13585.162407
13585.563759
13586.922409
13587.031321
13588.439659
13589.470177
13590.353260
13591.178775
13591.865706
13592.233822
13592.969616
13593.998781
13595.084483
13595.690328
13596.227801
13597.700270
13598.364883
13599.130278
13599.712487
13600.921680
13601.585173
13602.601861
13602.798531
13603.953385
13604.200195
13605.291782
13606.739099
13607.538098
13608.340404
13608.820619
13609.529356
13610.844677
13611.075909
13611.758081
13613.049903
13613.787280
13614.384904
13615.445173
13616.005258
13617.300107
13618.216193
13618.894820
13619.404413
13620.224594
13621.145106
13621.669606
13622.315420
13623.676087
13624.355536
13625.627252
13626.295082
13626.904939
13627.501044
13628.321740
13629.450682
13630.363852
13630.877084
13631.385942
13632.214779
