44212.046241
44213.011655
44213.316144
44214.272076
44214.710212
44215.520756
44216.273942
44217.203065
44217.974086
44218.574771
44219.232525
44219.734874
44220.976679
44221.742870
44221.974714
44222.656226
44223.429280
44224.300984
44224.549536
44225.289156
44226.190327
44227.026938
44228.199615
44228.734667
44229.247677
44229.877704
44230.606477
44231.154529
44231.705343
44232.847124
44233.374496
44234.343628
44234.582381
44235.034530
44236.551788
44237.181339
44237.532766
44238.591000
44239.246124
44239.854566
44240.714245
44241.259721
44241.694110
44242.177761
44243.046643
44244.107230
44244.844996
44245.688647
44246.374702
44246.998392
44247.559210
44248.402084
44248.827708
44249.944405
44250.474479
44250.878628
44251.906199
44252.391483
44253.235507
44253.675080
44254.600311
44255.738211
44256.558995
44256.973457
44257.664196
44258.012584
44258.842145
44259.476061
44260.399531
44260.911475
44261.462836
44262.552388
44263.428393
44263.994961
44264.728305
44265.328488
44266.080314
44266.660393
44267.639838
44268.428472
44268.885382
44269.221937
44270.231150
44270.629490
44271.349851
44272.976976
44273.232719
44273.918223
44274.603761
44275.558179
44276.127765
44276.436196
44277.140083
44277.835620
44278.914755
44279.667173
44279.945900
44280.901161
44281.622031
44282.299073
