37122.696938
37123.473948
37124.360818
37125.119950
37125.220940
37125.941715
37126.989095
37127.703215
37127.876240
37129.083466
37130.261606
37130.976634
37131.371954
37132.153028
37132.793035
37133.541099
37133.707265
37135.088263
37135.565701
37136.554904
37136.862774
37137.584187
37138.559868
37139.402311
37140.301717
37140.737386
37141.511340
37142.276028
37143.115156
37143.625799
37144.152616
37144.694124
37145.339645
37146.579083
37147.518766
37148.023313
37148.924145
37149.611821
37149.926311
37150.961157
37151.457677
37152.478097
37152.845394
37153.781332
37154.397097
37154.939885
37155.760095
37156.844707
37157.037526
37158.500004
37159.266781
37159.746722
37160.095216
37160.883019
37161.438686
37162.479330
37162.942672
37163.641516
37164.713674
37165.127773
37166.511979
37166.891598
37167.546622
37167.917399
37169.150978
37169.776451
37170.367025
37171.226164
37171.853073
37172.217055
37172.975477
37173.638292
37175.014195
37175.783100
37176.432531
37176.782203
37177.859300
37178.468882
37178.917731
37179.674676
37180.162311
37181.183477
37182.106336
37182.689554
37183.231264
37184.112995
37184.929059
37185.708725
37186.492920
37187.129279
37187.847989
37188.519315
37189.317331
37189.408675
37190.589975
37191.192812
37191.671834
37193.121053
37193.848376
37194.499615
