65755.378067
65756.296573
65756.887530
65757.459515
65758.077872
65758.824981
65759.605816
65760.312842
65760.795553
65761.494740
65762.176639
65762.515385
65763.360101
65764.274367
65764.659200
65765.994361
65766.363686
65767.356402
65767.823980
65768.322622
65768.786962
65769.273253
65770.363950
65771.155405
65771.511980
65772.306021
65772.929520
65773.717580
65774.638817
65775.273003
65775.631401
65776.592042
65777.134010
65778.282269
65778.338409
65779.208224
65779.571273
65780.549081
65780.946855
65781.278847
65782.767542
65783.783629
65784.064916
65784.527060
65785.325789
65786.067620
65786.733804
65787.097230
65787.958350
65788.700097
65789.079869
65790.159381
65790.749669
65791.166787
65791.866685
65792.719450
65793.825643
65794.169961
65795.012472
65795.671545
65796.048643
65796.827802
65797.251397
65798.082751
65798.537323
65799.464435
65800.150739
65800.886793
65801.840073
65802.693754
65802.843057
65803.570545
65804.371569
65804.569238
65805.946325
65806.557853
65806.901704
65807.560799
65807.986480
65808.799653
65809.634017
65810.670151
65811.001604
65812.007501
65812.862660
65813.106929
65813.699345
65814.612356
65815.027948
65815.489457
65816.228570
65817.262410
65817.853412
65818.418422
65819.513490
65819.916175
65820.482789
65821.211727
65822.256472
65822.761111
