24771.347147
24771.991694
24772.911816
24773.367881
24774.297296
24775.404083
24776.419531
24776.974025
24777.271828
24778.243367
24779.146738
24779.490917
24780.301651
24780.968004
24781.761724
24783.085246
24783.951202
24784.321005
24784.811652
24786.099432
24786.439495
24787.383199
24788.322187
24788.728021
24789.624099
24789.925244
24791.075739
24791.578468
24792.896700
24793.497813
24794.620530
24794.981005
24795.800863
24796.575060
24796.817935
24797.480957
24799.048304
24799.427148
24799.924447
24800.982652
24801.805295
24802.866230
24803.208442
24803.952581
24804.995057
24805.649741
24806.420125
24806.901500
24807.735424
24808.251150
24808.868848
24810.203241
24811.250791
24811.891346
24812.624300
24812.943097
24813.800229
24814.716308
24815.394010
24816.059686
24816.694131
24817.683233
24818.532395
24818.984702
24819.924451
24820.755214
24821.656407
24822.760214
24823.119026
24823.523402
24824.429366
24825.171043
24825.889636
24826.321585
24827.577346
24828.473950
24829.123384
24830.135416
24830.754610
24831.458486
24831.683351
24832.920323
24833.655089
24834.616857
24835.040346
24835.611180
24836.185824
24837.370380
24838.530604
24839.067649
24839.783149
24840.649549
24841.365412
24842.082896
24842.294164
24843.369246
24843.891510
24845.057756
24845.659046
24846.710759
