16779.002712
16780.050840
16781.222827
16781.770094
16782.112914
16783.129894
16783.825959
16784.668098
16785.060814
16786.140266
16786.864608
16788.296487
16788.895680
16789.301466
16790.172375
16791.156536
16792.110430
16792.655426
16793.465461
16793.981667
16795.058227
16795.437197
16796.311085
16797.764436
16798.300823
16799.500238
16799.847549
16800.691886
16801.365168
16801.768560
16802.895943
16803.854935
16804.686430
16805.153026
16805.918171
16807.430616
16807.819711
16808.505193
16809.479220
16810.402985
16811.029908
16811.706736
16812.259034
16813.167528
16813.569989
16815.269279
16815.969190
16816.692443
16817.627272
16818.024196
16818.696631
16819.838640
16820.571717
16821.109950
16821.948238
16822.912360
16823.558435
16824.433067
16825.146258
16826.455638
16827.364698
16827.671586
16828.515378
16829.024098
16829.867044
16830.833053
16831.296376
16832.340595
16833.481636
16834.191794
16835.057636
16835.731094
16836.244453
16837.368392
16837.839749
16839.253469
16839.538894
16840.102601
16840.771226
16841.795129
16843.004002
16844.170930
16844.330514
16845.193694
16846.318110
16846.767013
16847.369723
16847.903401
16849.141847
16850.106858
16850.523972
16851.718407
16852.485808
16853.005571
16854.079311
16854.975173
16855.640251
16856.345986
16857.033307
16857.755203
