6997.808697
6998.498795
6999.682678
7000.717687
7001.855900
7002.352835
7002.691508
7004.043723
7005.062866
7005.100564
7006.739662
7008.114742
7008.817473
7009.367750
7010.354080
7011.000501
7012.236145
7013.158434
7013.706426
7014.629880
7015.280466
7016.721610
7017.835435
7018.482223
7019.437796
7020.435877
7021.023066
7021.657557
7022.295224
7024.042832
7024.455165
7025.699304
7026.594723
7027.308306
7028.454474
7029.026736
7030.160937
7030.916480
7031.735908
7032.326789
7033.374833
7034.292019
7036.042983
7036.590328
7037.287650
7037.826378
7038.892159
7039.724690
7040.828312
7041.380467
7042.367190
7043.660231
7044.644895
7044.831635
7046.487185
7047.225072
7047.948438
7048.949401
7049.280272
7050.297213
7051.126075
7052.731101
7053.529831
7054.229325
7055.362254
7055.986004
7056.614758
7057.640859
7058.629780
7059.889596
7060.046570
7060.897300
7062.396671
7063.516698
7064.111543
7065.149328
7065.783828
7066.700657
7067.232275
7068.407664
7068.910823
7070.631775
7071.257549
7072.437115
7072.983187
7073.466662
7075.067136
7075.890873
7076.342464
7077.065912
7078.271618
7078.931890
7080.137304
7081.329045
7082.278642
7083.024206
7083.620734
7084.299067
7085.248728
7086.306731
