15015.328294
15015.756442
15016.334181
15017.254512
15017.630427
15019.042895
15019.859484
15020.705856
15021.688524
15022.182550
15023.156879
15023.757425
15024.706503
15025.726909
15025.981625
15026.936532
15027.952354
15028.258834
15029.210010
15030.614941
15031.722280
15032.116936
15032.568347
15033.388254
15034.372143
15034.892823
15035.893307
15036.712963
15037.237143
15038.785390
15039.169295
15039.963495
15040.812101
15041.818419
15042.452575
15043.404907
15044.207615
15044.465681
15045.258680
15046.107893
15047.344220
15048.403566
15049.018122
15049.822746
15050.634098
15051.387760
15052.105988
15052.306391
15054.109272
15054.356560
15055.360741
15055.703246
15057.051531
15057.746792
15058.895985
15059.510883
15060.435890
15060.865139
15061.847576
15062.337068
15063.221842
15063.923546
15064.792504
15066.319531
15066.770891
15067.815455
15068.123886
15068.685209
15070.161716
15070.835269
15071.312539
15072.166017
15072.859283
15073.851752
15074.459327
15075.653155
15076.572751
15077.438406
15078.204018
15078.712611
15079.416417
15080.078792
15081.042852
15081.676955
15083.068580
15083.552548
15084.254984
15085.519779
15086.176318
15086.695143
15087.729886
15088.441277
15089.320536
15090.166983
15090.628084
15091.114530
15092.161229
15093.870503
15094.305168
15094.890085
