12894.525112
12895.364442
12896.150144
12896.888769
12898.136905
12898.434318
12900.002493
12900.671227
12901.145975
12901.813742
12903.355734
12904.006561
12904.285191
12905.397386
12905.758076
12906.741506
12907.763781
12908.801278
12909.784784
12910.658709
12911.303048
12911.801718
12912.707463
12913.410807
12914.312067
12915.361760
12915.963035
12916.872108
12917.503658
12918.725600
12919.582834
12920.655024
12920.793476
12921.983668
12922.563112
12923.604527
12923.945919
12924.550903
12926.054779
12927.363703
12927.752641
12928.337542
12929.349446
12930.157258
12930.620246
12932.021305
12932.553967
12933.031082
12934.062775
12934.900923
12935.789462
12936.863911
12937.645383
12938.701903
12939.325665
12940.021417
12940.403162
12941.188998
12942.540554
12943.155448
12943.888244
12945.215606
12945.888098
12946.598456
12947.483520
12948.012262
12949.173483
12950.170978
12950.370881
12951.338822
12952.207350
12952.543697
12954.208423
12955.350246
12955.775669
12956.427013
12957.142863
12958.276139
12958.683062
12959.509293
12960.316304
12961.444931
12962.249982
12963.004045
12963.922803
12964.542595
12965.916854
12966.431581
12967.161334
12967.922966
12968.594562
12969.534224
12969.858983
12971.295382
12972.269786
12973.059184
12974.288483
12974.537955
12975.134812
12975.966684
