47109.864629
47110.738554
47111.266527
47111.790974
47112.163078
47113.092188
47113.915758
47114.478249
47115.037268
47116.015275
47116.311150
47117.479627
47117.908202
47118.567775
47119.767768
47119.864723
47121.259873
47121.809063
47122.443399
47122.799436
47123.605372
47124.463963
47124.643311
47125.372241
47126.805492
47126.965452
47127.994162
47128.786197
47129.584014
47130.168171
47130.596001
47131.225223
47132.085193
47132.950762
47133.645438
47134.268277
47134.861493
47135.021948
47136.171747
47137.325391
47137.858441
47138.696748
47139.309129
47140.132277
47140.481924
47141.205205
47141.959275
47142.391904
47143.181757
47143.975188
47144.779038
47145.610532
47146.462938
47146.937504
47147.471580
47148.298680
47149.256792
47149.955187
47150.417548
47151.155597
47151.489418
47152.582011
47153.038566
47153.859613
47154.158036
47155.806067
47156.497374
47156.785417
47157.668643
47158.161544
47158.857822
47159.225785
47160.305730
47160.948138
47161.711064
47162.344210
47162.858909
47163.779876
47164.639363
47165.215975
47166.217908
47166.775408
47167.069252
47168.594842
47168.705004
47169.365760
47169.805092
47170.516265
47171.240964
47172.238481
47173.394582
47173.753735
47174.388187
47175.215176
47175.932447
47176.455816
47176.979602
47177.939075
47178.525134
47179.448318
