30835.041083
30835.606948
30836.497176
30837.005728
30838.282788
30839.327777
30839.839256
30840.472456
30841.092018
30842.041158
30842.408508
30843.151041
30844.248529
30844.698024
30845.204111
30846.625207
30846.864720
30847.548371
30848.484264
30849.498300
30850.451022
30850.792237
30851.524595
30852.023442
30852.853788
30853.605366
30854.132662
30854.953577
30855.757823
30857.133499
30857.444606
30858.344392
30858.835957
30859.621531
30860.180304
30861.027466
30862.140827
30862.463052
30863.259619
30863.789778
30864.280533
30865.619039
30866.490682
30867.172604
30867.787388
30868.883962
30869.121709
30870.091334
30870.551264
30871.060888
30871.789301
30873.213774
30873.499923
30874.335540
30875.264898
30876.049010
30876.604821
30877.212609
30878.447673
30878.918373
30879.380299
30880.326843
30880.977814
30881.525787
30882.373467
30882.845332
30884.145828
30885.199017
30885.831708
30886.329765
30886.987401
30887.221862
30888.640558
30889.010957
30889.848572
30890.486472
30891.422607
30891.847722
30893.162454
30893.580682
30894.243216
30895.339766
30895.897359
30896.808003
30897.376197
30897.960523
30898.701723
30899.084931
30899.929051
30900.904967
30902.144508
30902.706069
30903.020914
30904.332024
30904.782012
30905.339135
30906.024817
30906.723275
30907.811108
30908.500515
