21634.439005
21635.316999
21636.699869
21637.137226
21638.375890
21638.934075
21639.299410
21640.553460
21641.177328
21641.943139
21642.544373
21643.397070
21644.169368
21644.977212
21645.323950
21646.063622
21647.736392
21648.307042
21649.145299
21649.588258
21650.419467
21650.942926
21651.787388
21652.507175
21653.452031
21654.078745
21654.889404
21655.772067
21656.760213
21657.414144
21658.027398
21658.776298
21659.932298
21660.807388
21661.107722
21661.355851
21662.624019
21663.041222
21664.208020
21665.252883
21666.053843
21666.590160
21667.754447
21668.106027
21668.598495
21669.451856
21670.531215
21671.125091
21671.835979
21672.755464
21673.309814
21674.111334
21675.143292
21676.141815
21676.973797
21677.345564
21678.012445
21678.949578
21679.554645
21680.251208
21681.004387
21681.525087
21683.292940
21683.625303
21684.611204
21684.912425
21685.796679
21686.587303
21687.611759
21688.036395
21689.039320
21689.523650
21690.310741
21690.814197
21692.206749
21692.711658
21693.892128
21694.547413
21695.276660
21695.953854
21696.703430
21697.066077
21697.698263
21699.150551
21699.719355
21700.369289
21701.163444
21702.376173
21703.068781
21703.307029
21704.479505
21705.344079
21705.733510
21707.011454
21707.201766
21707.870393
21708.629393
21709.539514
21710.773375
21711.823617
