40004.335209
40005.035739
40005.610048
40006.416136
40007.139654
40008.081052
40008.245019
40009.016003
40009.751525
40010.544817
40010.812159
40012.517333
40013.112789
40013.891744
40014.140183
40014.911656
40015.537432
40016.431712
40016.959174
40017.951161
40018.479208
40018.800635
40020.168329
40020.656821
40021.400437
40021.940692
40023.094959
40023.905160
40024.303862
40025.201326
40025.660486
40026.254531
40026.893407
40027.571800
40028.482815
40029.163751
40030.344386
40030.864944
40031.451824
40032.478718
40032.959071
40033.404516
40034.189493
40034.983939
40035.970885
40036.556687
40037.073505
40037.451855
40038.308347
40039.487939
40040.353440
40040.921420
40041.742692
40042.221690
40042.998453
40043.667208
40044.267169
40044.710920
40045.668420
40046.312397
40047.307747
40048.019859
40048.817726
40049.607302
40050.103175
40050.476649
40051.842974
40052.574305
40053.068152
40053.242761
40054.397722
40055.098592
40055.401169
40056.517451
40057.062346
40058.301089
40059.090403
40059.689836
40060.226585
40060.732150
40061.311420
40062.251253
40062.968302
40063.576375
40064.511928
40065.096875
40065.655542
40066.614479
40067.562689
40068.059115
40068.788725
40069.734566
40070.091658
40071.089987
40071.617631
40072.253539
40072.854048
40073.095554
40074.411484
40075.676458
