21403.602229
21403.981563
21404.793324
21405.789760
21406.474678
21406.834468
21408.245812
21408.640059
21409.140709
21410.333963
21410.874581
21411.974030
21412.594263
21413.677096
21414.469876
21415.040461
21415.619609
21416.235415
21416.879634
21417.826316
21418.918334
21419.336092
21420.392532
21421.534507
21421.956629
21422.749545
21423.134814
21424.176399
21425.195037
21425.805443
21426.335266
21427.117777
21427.855488
21428.371021
21429.880072
21430.745223
21431.267865
21432.148163
21432.652837
21433.321533
21434.267871
21434.921533
21435.355400
21436.377889
21437.549210
21438.220931
21438.752140
21439.685597
21440.425395
21441.337029
21442.202022
21442.903352
21443.179975
21444.312300
21444.818646
21445.623014
21446.142018
21447.564249
21448.595760
21448.877177
21450.076895
21450.577367
21450.914581
21451.704621
21452.759734
21453.775053
21454.132309
21455.054293
21455.377511
21456.896095
21457.533810
21458.135258
21459.163758
21459.788044
21460.782199
21461.285429
21461.863524
21462.381700
21463.298772
21464.234388
21465.180188
21466.409260
21466.700988
21467.406704
21468.287781
21468.895733
21469.893653
21470.510447
21471.087260
21472.299297
21472.513923
21473.452791
21474.350028
21474.852688
21476.640691
21477.047535
21477.388362
21478.236627
21478.904693
21479.932797
