43928.302588
43929.147539
43930.233045
43930.561220
43931.089234
43932.141708
43932.479608
43933.192976
43933.964145
43934.088516
43935.543748
43936.051348
43937.177464
43937.739227
43938.232040
43938.778626
43940.045530
43940.500064
43940.943975
43941.954463
43942.406956
43943.247309
43943.856664
43944.519694
43944.864789
43946.098108
43947.185592
43947.723419
43948.455236
43949.128576
43949.433519
43950.281425
43950.863210
43951.553055
43952.557562
43953.134660
43953.760751
43954.353193
43955.605799
43956.124051
43956.847524
43957.299936
43958.097500
43959.364259
43959.666512
43960.211220
43960.689010
43961.510250
43962.139051
43962.755762
43964.147013
43964.656665
43965.345486
43966.263291
43966.814735
43967.225522
43968.046475
43968.641999
43969.547650
43970.108403
43970.776326
43971.767685
43972.272952
43972.732077
43973.696758
43974.630279
43975.582239
43976.036118
43976.782045
43977.174405
43977.891208
43978.712405
43979.406354
43979.839771
43980.439767
43981.598113
43982.750153
43983.036422
43983.768144
43984.683395
43984.810959
43985.792916
43986.598658
43987.358549
43987.979139
43988.717325
43989.028672
43989.728012
43990.734270
43991.522197
43992.473666
43992.976672
43993.974201
43994.383462
43995.256320
43995.803282
43996.229445
43996.578758
43998.058927
43998.539344
