18126.270918
18126.649776
18127.904485
18128.399917
18128.703367
18130.767565
18131.219381
18131.960213
18132.582410
18133.181196
18133.971836
18134.898546
18135.584901
18136.287980
18137.102663
18138.104199
18138.976427
18139.578429
18140.429432
18141.369667
18142.107872
18142.977049
18143.750013
18144.170790
18144.769982
18145.683052
18146.403416
18147.914909
18148.273389
18149.301036
18150.108212
18150.860762
18151.282867
18152.083770
18152.788622
18154.154284
18154.589984
18155.153214
18155.812054
18157.008024
18157.895902
18158.706377
18159.694485
18160.346593
18160.688085
18161.788463
18162.421332
18162.898392
18163.854184
18164.650282
18165.825259
18166.815448
18167.497151
18167.846689
18168.521018
18169.887431
18170.562791
18171.030030
18171.827411
18172.643225
18173.338452
18174.059013
18175.080215
18176.005526
18177.298372
18177.557114
18178.265931
18179.084600
18179.666183
18180.338472
18181.192855
18182.510495
18182.667030
18183.898193
18184.400667
18185.709811
18186.304234
18186.735225
18187.915912
18188.483497
18189.594985
18189.916049
18190.681059
18191.083440
18192.229509
18193.676961
18194.327514
18194.877412
18195.664644
18196.612600
18196.993183
18197.695763
18198.923032
18199.474749
18199.993990
18201.225890
18201.827494
18202.717530
18203.390257
18204.510497
