68532.223332
68532.757180
68533.932213
68534.751940
68534.972893
68535.813849
68536.155356
68536.786617
68537.535208
68538.450690
68539.529444
68540.028318
68540.659308
68541.253799
68542.024662
68542.453577
68543.094273
68543.704353
68544.498179
68545.070159
68545.804279
68546.558862
68547.410856
68547.981459
68548.724283
68548.976339
68550.222508
68550.840143
68551.618764
68552.007384
68552.360907
68553.369098
68553.933943
68554.474283
68555.108956
68555.796121
68556.830134
68557.780929
68558.432713
68558.825625
68559.380622
68560.015348
68560.747249
68561.350966
68561.985586
68562.944880
68563.742991
68563.837964
68564.424902
68565.446223
68566.405069
68566.849231
68567.846428
68568.132697
68569.173329
68569.538713
68570.514162
68570.820964
68571.323245
68572.035027
68572.393144
68574.029489
68574.186463
68574.925129
68576.010428
68576.442246
68576.851061
68577.849696
68578.244192
68579.005648
68579.842039
68580.272480
68581.110445
68581.493072
68582.337688
68582.865239
68583.546641
68584.377355
68585.663770
68585.867490
68586.813175
68587.266742
68587.576925
68588.193428
68589.259619
68589.662974
68590.455987
68590.975653
68591.705480
68592.620050
68593.542416
68593.881039
68594.577729
68595.192573
68595.995979
68596.604629
68597.636479
68597.971396
68598.455467
68599.136985
