34506.664146
34507.902306
34508.193240
34509.060226
34510.088639
34511.089132
34511.739402
34512.412191
34513.081167
34513.210258
34514.230149
34514.984030
34515.933065
34516.461455
34517.145159
34517.906683
34518.824859
34519.472303
34520.278901
34521.282239
34521.641103
34522.356274
34523.412908
34524.034819
34524.146641
34525.295198
34525.576693
34526.356389
34528.049418
34528.465461
34529.025565
34529.629872
34530.596228
34531.151968
34532.026897
34532.207462
34533.495888
34534.040514
34534.619320
34535.494938
34536.052668
34536.904518
34537.717591
34538.833856
34539.296905
34540.258384
34540.613678
34541.374694
34541.798311
34542.521470
34543.586390
34544.116819
34544.870599
34545.734998
34546.895309
34547.381765
34548.035920
34548.424485
34549.249782
34550.405445
34551.004446
34551.463000
34552.311980
34552.727228
34553.418256
34554.355514
34555.402757
34556.138847
34557.153645
34557.390900
34558.285549
34558.710577
34559.747883
34560.251265
34560.527894
34561.771922
34562.514017
34563.506562
34563.801168
34564.648845
34565.658703
34566.067795
34567.213460
34567.913305
34568.181030
34568.919285
34570.011037
34570.557906
34570.745889
34571.613621
34572.783853
34573.722077
34574.586964
34575.059521
34575.770204
34576.336394
34576.910627
34577.664352
34578.754164
34579.289513
