40935.127007
40935.915454
40937.104405
40937.937875
40938.472180
40939.359801
40939.873704
40940.617609
40941.141329
40941.989665
40942.320264
40943.124596
40944.083171
40944.547646
40946.099701
40946.290075
40947.139573
40947.545230
40948.383847
40949.019785
40950.071512
40950.827738
40951.119628
40951.567672
40952.659006
40953.228653
40954.044209
40954.608803
40955.795586
40956.838270
40957.030115
40957.724280
40958.616219
40958.884643
40959.621285
40960.281539
40961.489376
40961.795865
40962.567285
40963.555890
40964.169907
40964.767285
40966.012597
40966.184910
40967.017759
40967.696897
40968.641870
40969.146960
40969.914734
40970.261175
40970.778489
40971.735585
40973.096382
40973.745354
40974.320951
40974.924357
40975.556941
40976.451512
40976.985142
40977.400809
40978.549867
40979.043019
40979.794096
40980.612487
40981.016726
40982.318031
40982.585813
40983.397506
40984.474161
40985.209267
40985.775361
40986.338188
40986.648923
40987.575113
40988.526956
40988.709948
40989.923740
40990.498311
40991.538712
40992.447327
40992.933408
40993.548401
40993.725175
40994.981670
40995.728441
40996.337162
40997.027617
40997.687373
40998.380243
40998.707106
40999.862362
41000.837624
41001.663071
41002.162363
41002.942561
41003.478670
41004.254561
41004.886417
41005.458266
41006.093305
