48445.501874
48445.925924
48446.729116
48447.653735
48448.139957
48449.110549
48449.493731
48450.357322
48450.938748
48451.719836
48452.680732
48453.450649
48454.074545
48454.915362
48455.177012
48455.784628
48456.725006
48457.402655
48457.913001
48458.271824
48459.491354
48460.592956
48461.306296
48461.600176
48462.385993
48462.856230
48463.716358
48464.702299
48464.907856
48466.077929
48466.394321
48467.016773
48467.697057
48468.599731
48469.152694
48470.279211
48471.004922
48471.544326
48472.351574
48473.118517
48473.468085
48474.169660
48474.614535
48475.261199
48476.639493
48477.185492
48477.390571
48478.550648
48479.470715
48479.825351
48480.719719
48481.268568
48482.045278
48482.575384
48483.845943
48483.919086
48484.607315
48485.201066
48485.921969
48486.655735
48487.690704
48488.828410
48489.230734
48489.817156
48490.341202
48490.979162
48491.835483
48492.396249
48493.209743
48493.719730
48494.552082
48495.141238
48496.156243
48496.871656
48497.321324
48497.957752
48499.130801
48499.803406
48500.406094
48500.967824
48501.370700
48502.352077
48502.758175
48503.509315
48504.175615
48505.208356
48506.252954
48506.529083
48507.475608
48508.107875
48508.746058
48509.119841
48509.842319
48510.887549
48511.505649
48512.126436
48512.905902
48513.412326
48513.637304
48515.413815
