61531.622183
61532.427445
61533.058744
61533.991405
61534.540600
61535.297422
61535.940144
61536.098857
61536.867839
61537.584383
61538.360302
61539.083293
61539.795031
61540.822633
61541.384385
61541.748404
61542.803139
61543.254117
61544.074636
61544.596858
61545.275102
61546.088357
61546.671075
61547.367933
61547.832727
61548.479711
61548.959193
61550.610138
61551.065859
61551.713880
61552.273201
61552.713863
61553.600160
61554.138966
61554.887409
61555.252001
61556.209498
61556.868889
61557.681062
61558.124358
61559.196858
61559.824471
61560.517992
61560.671640
61562.218718
61562.386266
61563.313224
61563.757174
61564.454745
61564.737251
61565.540977
61566.390475
61567.142569
61568.100219
61568.547507
61569.584524
61570.329783
61570.749402
61570.941601
61571.830992
61572.716011
61573.187608
61574.165965
61574.790877
61575.224564
61575.788389
61576.688621
61577.752666
61577.945580
61579.214002
61579.761876
61580.168017
61580.942440
61581.409446
61582.443870
61582.658070
61583.445305
61583.805096
61584.843606
61586.194901
61586.448299
61587.070571
61587.822136
61588.299289
61588.996068
61590.073794
61590.342005
61591.108012
61591.815583
61592.373394
61593.072992
61593.674000
61594.376367
61595.083251
61596.331769
61596.704002
61597.513908
61598.126935
61598.790187
61599.387697
