23018.198803
23019.033288
23020.065817
23020.555526
23021.120987
23022.153776
23022.956329
23023.397376
23023.997152
23025.339838
23026.347289
23027.110262
23027.648299
23028.123137
23028.819941
23029.954784
23030.207167
23031.125047
23031.995879
23032.757503
23033.862639
23034.397777
23035.350123
23035.907134
23036.557513
23037.560888
23038.475618
23039.069132
23039.540462
23040.306766
23040.758490
23041.920893
23043.044276
23043.790745
23044.429295
23045.408204
23045.873566
23046.853950
23047.084245
23047.698484
23049.189575
23049.780933
23050.054448
23051.280513
23051.959778
23052.675605
23053.744010
23054.434851
23055.463004
23055.617826
23056.711754
23057.087559
23058.132211
23058.500881
23059.413163
23060.155656
23061.901749
23062.167140
23062.689212
23063.336160
23064.186467
23065.011402
23065.830102
23066.540629
23067.279072
23067.755448
23068.734165
23069.527893
23070.231807
23071.405534
23072.046070
23072.952316
23073.516437
23074.261999
23074.807310
23075.588641
23075.918919
23077.317244
23078.024426
23078.972484
23079.345327
23080.768172
23081.045357
23081.898797
23082.463748
23083.434185
23084.261040
23084.884913
23085.812788
23085.964273
23086.722255
23087.955402
23089.229237
23089.587089
23090.516319
23091.199345
23091.734607
23092.237406
23093.411245
23094.031962
