61257.789330
61258.693261
61259.660672
61260.257492
61261.111190
61261.604320
61262.097042
61263.058458
61263.449751
61264.067538
61264.848805
61265.872627
61266.371969
61266.723605
61267.346716
61268.023400
61269.212076
61269.897030
61270.790795
61271.190385
61271.806128
61272.332660
61273.438619
61273.729743
61274.213236
61274.745882
61275.925023
61276.461792
61277.219909
61278.231303
61278.702302
61279.314841
61280.010978
61280.450368
61281.627641
61282.178713
61282.739021
61283.385368
61283.773211
61284.650952
61285.208076
61286.021917
61286.751691
61287.594576
61288.525319
61289.405334
61289.509516
61290.187030
61290.831230
61291.305836
61292.188319
61293.041280
61293.788488
61293.948555
61295.052563
61295.738611
61296.271315
61297.365100
61297.804577
61298.433068
61299.312320
61299.942725
61300.514908
61301.140619
61301.833353
61302.472071
61302.748281
61303.465203
61304.916876
61305.774497
61306.072156
61306.536382
61307.394156
61308.216998
61308.714212
61309.103707
61310.224049
61310.598839
61311.360199
61312.136559
61312.735635
61313.317825
61314.014343
61314.931892
61315.915099
61316.204960
61317.302139
61317.696931
61318.331947
61318.723077
61319.379762
61320.228718
61320.820996
61321.799260
61322.083301
61323.210032
61324.020611
61324.721615
61325.177861
61325.721408
