15497.876379
15499.559178
15500.337903
15500.939768
15501.979300
15502.885438
15503.346777
15504.237664
15505.070199
15505.795826
15506.763190
15507.396364
15507.953796
15508.734988
15509.671264
15510.964658
15511.842330
15512.609495
15513.105908
15513.666577
15514.563076
15515.365200
15516.390831
15516.753922
15517.713034
15518.969751
15519.586607
15520.509432
15520.824938
15522.111918
15523.047587
15523.662612
15524.165053
15525.034816
15525.555357
15526.630126
15527.208503
15528.920875
15529.362429
15529.863185
15531.186381
15531.582434
15532.092590
15532.952809
15533.991945
15534.937262
15535.435284
15536.346972
15536.816303
15538.245829
15539.084129
15539.848464
15540.353705
15541.382717
15542.120074
15542.711861
15543.183870
15544.287817
15544.927696
15546.460304
15547.018966
15547.895867
15548.423979
15549.206352
15549.902016
15551.349287
15551.508765
15552.315161
15553.128814
15553.776714
15555.067936
15555.433249
15556.684231
15557.766941
15558.405867
15558.943574
15559.458922
15560.408504
15561.042050
15562.010391
15563.016683
15563.550354
15564.701517
15565.550263
15566.184586
15566.917693
15567.948450
15568.564171
15569.324642
15570.360745
15570.843215
15571.532061
15571.858546
15573.769990
15574.475272
15575.276148
15575.862446
15576.517582
15577.499794
15578.208979
