26509.949957
26510.474146
26510.963794
26511.499984
26512.460675
26513.339454
26513.804811
26515.096587
26516.041593
26516.598226
26517.349054
26517.873271
26518.454888
26519.029670
26520.474094
26520.880970
26521.499433
26522.141261
26523.122613
26524.067589
26524.602324
26525.626601
26526.443465
26526.924057
26527.869834
26528.391411
26529.247656
26529.567781
26530.382450
26531.082136
26532.469346
26533.287573
26533.993906
26534.217652
26535.277930
26536.081149
26536.704053
26537.387042
26538.222902
26538.813272
26539.878692
26540.425013
26540.632718
26542.109674
26542.794124
26543.879168
26544.619786
26544.940440
26545.793826
26546.287511
26547.176521
26547.647404
26548.760944
26549.460636
26550.128557
26551.095494
26552.207296
26552.618218
26553.158541
26553.735962
26555.179870
26555.793944
26556.012537
26557.161710
26557.376209
26558.121860
26559.161804
26560.425857
26560.767431
26561.955469
26562.494971
26562.996156
26563.779924
26564.546620
26564.989778
26566.055891
26566.619773
26567.671008
26568.354813
26568.942547
26569.837282
26570.582828
26571.709062
26572.235906
26572.964937
26573.383778
26574.345874
26575.050906
26575.680794
26576.157258
26577.082950
26578.647953
26579.053174
26579.844142
26580.262684
26581.262549
26581.625981
26582.546332
26583.405205
26584.338552
