53818.862096
53819.826908
53820.189201
53821.038483
53821.686996
53822.111882
53822.432343
53823.713595
53824.471142
53825.027184
53825.414115
53826.709191
53827.086840
53827.711415
53828.668483
53829.475804
53829.997764
53830.694752
53831.317130
53831.757337
53832.723537
53833.234182
53833.710913
53834.451892
53835.483399
53836.687942
53837.203283
53837.580828
53838.120457
53838.726000
53839.839565
53840.072720
53841.193837
53841.598743
53842.230958
53842.959721
53843.756281
53844.274801
53845.263251
53845.949563
53846.748046
53847.333749
53848.373051
53848.626119
53849.221435
53850.025929
53850.399956
53851.041878
53851.941891
53853.099135
53853.503382
53854.149955
53854.985509
53856.058749
53856.135901
53856.922366
53857.488946
53858.410117
53859.296227
53859.570686
53860.448849
53860.978461
53861.430662
53862.194419
53863.654289
53863.982756
53864.840464
53865.595679
53865.995416
53866.588905
53867.276012
53867.850664
53869.007216
53869.068843
53869.895612
53870.863174
53871.617173
53872.496529
53872.938891
53873.578867
53874.109051
53875.329351
53876.028667
53876.341690
53876.992285
53877.679949
53878.187837
53879.044312
53879.706610
53880.243920
53881.639994
53882.188880
53882.757061
53883.574972
53883.977813
53884.695760
53885.372612
53885.719627
53886.843966
53887.606435
