41293.241018
41294.226987
41294.373750
41295.024894
41295.837652
41296.635700
41297.017998
41297.684112
41299.120984
41299.524190
41300.475232
41301.278904
41301.675622
41302.585309
41302.673324
41303.502447
41304.958427
41305.147187
41305.766503
41306.647025
41306.938290
41308.041894
41309.064282
41309.725854
41310.102070
41311.374029
41311.647010
41312.600807
41313.008027
41313.476344
41314.419429
41314.819982
41315.890480
41316.735794
41317.621931
41318.470798
41318.622484
41319.520221
41320.206443
41321.218647
41321.564157
41322.424849
41322.978330
41323.724131
41324.473755
41325.067754
41325.680176
41326.510153
41327.947141
41328.449470
41328.957188
41329.443275
41330.162621
41330.982536
41331.467059
41332.167717
41333.055275
41333.896428
41334.241968
41335.362657
41336.156155
41336.847448
41337.252417
41338.132010
41339.107576
41339.353880
41340.596446
41341.112054
41341.387459
41341.826620
41342.866846
41343.761157
41344.871380
41345.368748
41346.121669
41346.827050
41347.608042
41348.085174
41348.604737
41349.375768
41350.144683
41351.050076
41351.782573
41352.109236
41352.980198
41354.042078
41354.334167
41355.450128
41356.249816
41356.982208
41357.367161
41358.054210
41358.630209
41359.532309
41360.074691
41360.803048
41361.219670
41362.770009
41363.579130
41363.773878
