30168.939221
30170.033498
30170.681642
30171.331317
30171.882654
30172.518230
30173.121499
30173.772491
30175.188114
30175.377721
30176.515203
30176.954124
30178.263930
30178.723648
30179.270078
30179.916131
30180.922840
30181.845761
30182.157163
30183.096849
30183.479711
30184.116615
30185.062581
30186.152207
30187.309897
30187.595834
30188.336212
30188.941881
30189.712657
30190.332302
30191.045395
30191.983447
30192.400224
30193.276602
30194.271293
30195.243019
30195.413038
30196.184467
30197.467034
30198.075530
30198.690967
30199.539064
30199.840923
30200.641433
30201.401220
30202.164600
30202.684087
30203.957969
30204.905189
30205.550268
30205.983591
30206.897795
30207.548524
30207.931776
30208.792239
30210.064514
30210.449664
30211.046700
30211.568373
30212.564755
30213.518719
30214.432955
30215.193758
30215.548564
30216.567836
30217.425540
30217.757107
30218.372899
30219.096478
30219.689473
30220.916689
30221.737859
30222.359287
30223.432136
30223.864948
30224.281647
30225.488353
30225.960458
30226.974588
30227.530455
30227.904721
30229.060216
30229.487832
30230.275544
30231.033772
30232.204137
30233.035681
30233.914468
30234.274808
30234.655444
30235.382229
30236.465679
30237.046871
30237.608276
30238.683806
30239.220674
30240.149087
30241.099046
30241.681519
30242.245834
