73313.251790
73313.708647
73314.136450
73315.105976
73316.000050
73316.937286
73317.322119
73317.970276
73318.367824
73319.110840
73319.779241
73320.567043
73321.456623
73321.713421
73322.499839
73323.065105
73323.517114
73324.539022
73325.185880
73326.287275
73326.954066
73327.088923
73328.034842
73328.742205
73329.153096
73330.103212
73330.266751
73330.853257
73331.671139
73332.925435
73333.453280
73333.710394
73335.026793
73335.129342
73335.993621
73336.652383
73337.593166
73337.883210
73338.659737
73339.300020
73340.007380
73340.541313
73341.052542
73341.680011
73342.611445
73343.594001
73344.107515
73345.196208
73345.590986
73345.936011
73346.622458
73347.066236
73347.993152
73348.709710
73349.357654
73350.049633
73350.508636
73351.201051
73352.270363
73353.035431
73353.397424
73353.822908
73354.946281
73355.752799
73356.142323
73356.884440
73357.203318
73358.025533
73358.476607
73359.139779
73359.920894
73360.999034
73361.756776
73362.333381
73362.854180
73363.432172
73364.376514
73364.702499
73365.413012
73365.980587
73366.927924
73367.312522
73368.359376
73368.642906
73369.518506
73369.730752
73370.920757
73372.027644
73372.286092
73373.032255
73373.661351
73373.998239
73375.129819
73375.413892
73375.801682
73376.745684
73377.599954
73377.826090
73379.268062
73379.705838
