51314.562132
51314.991558
51316.029274
51316.351049
51317.056013
51318.185806
51318.715675
51319.483503
51319.922207
51320.627578
51321.278272
51322.029643
51322.578611
51323.007391
51324.058441
51325.168179
51325.802415
51326.409295
51327.208637
51327.756549
51328.132053
51328.767969
51329.711721
51330.668341
51331.104911
51331.656819
51332.400596
51332.900353
51334.137023
51334.777364
51335.346328
51336.103296
51336.813904
51337.802573
51338.289152
51338.592380
51339.102789
51340.135146
51340.621417
51341.330216
51342.800312
51342.891390
51343.839385
51344.571370
51345.055967
51345.849568
51346.348415
51347.339404
51347.978393
51348.301393
51349.289009
51349.950167
51350.453259
51351.325934
51351.565257
51353.279353
51353.731973
51354.426450
51354.871340
51355.493831
51356.180023
51356.794650
51357.636737
51358.099827
51358.874552
51359.642199
51360.544289
51361.165620
51362.123990
51362.532905
51363.069753
51364.000681
51364.795537
51365.271788
51366.346037
51366.648036
51367.163268
51367.646549
51368.537593
51369.510965
51370.434826
51370.997032
51371.792772
51372.531161
51373.015116
51373.845963
51374.190853
51374.780408
51375.562219
51376.749646
51377.214926
51377.577334
51378.376986
51379.404714
51379.971875
51380.667675
51381.529335
51382.461797
51382.816442
51383.216430
