56586.415036
56587.234686
56587.972938
56588.397376
56589.153487
56589.690043
56590.231523
56591.342770
56592.447668
56592.805324
56593.685067
56594.320891
56594.843432
56594.956420
56596.079416
56596.941138
56597.336912
56598.259190
56598.685561
56599.413964
56600.533569
56601.171375
56601.557017
56602.408322
56602.950840
56604.110553
56604.827783
56605.054613
56605.418446
56606.455858
56606.957645
56607.646704
56608.223405
56609.760110
56610.001239
56610.697943
56611.632422
56612.065327
56612.631698
56613.463275
56613.854498
56614.748170
56615.382732
56616.240946
56616.948102
56617.261232
56617.968733
56618.794486
56619.945476
56620.626987
56621.125359
56621.618299
56622.581804
56622.920990
56623.792685
56624.235461
56624.914425
56625.412496
56626.592918
56627.188565
56628.277463
56628.701377
56629.313349
56629.934911
56630.580915
56631.254693
56632.344891
56632.653808
56633.607917
56633.839433
56634.359696
56635.355233
56636.194548
56636.819134
56637.548201
56638.657930
56639.206450
56639.704978
56640.331366
56641.004665
56641.421324
56641.967666
56643.303727
56643.603149
56644.373765
56645.020862
56645.931748
56646.914296
56646.948647
56647.938350
56648.797354
56649.382437
56649.917433
56650.632795
56651.526315
56651.931559
56652.461514
56653.000498
56653.806213
56655.057298
