66773.195678
66773.552758
66774.290491
66775.150747
66775.300944
66776.095546
66776.343309
66777.583140
66778.367078
66778.843198
66779.580279
66780.178929
66781.106988
66781.831449
66782.425519
66782.808261
66783.831809
66784.492226
66785.018520
66785.627035
66786.337310
66786.809756
66787.467110
66788.066539
66789.135613
66790.403974
66790.612888
66791.090081
66792.020860
66792.374598
66792.891465
66793.799805
66794.704363
66795.031355
66795.739501
66796.222224
66797.427840
66797.878150
66798.524002
66799.170299
66800.067786
66800.734755
66801.637635
66802.048393
66802.704852
66803.191568
66803.672473
66804.609306
66805.134165
66805.683004
66806.918912
66807.543565
66808.195167
66808.885841
66809.483749
66810.301587
66810.735945
66811.128334
66812.084963
66812.960641
66813.660180
66813.963492
66814.780739
66815.017821
66816.060803
66817.096031
66817.867338
66818.453264
66818.842352
66819.779195
66820.333684
66820.864113
66821.495297
66822.237555
66822.451426
66823.671748
66824.343552
66824.929792
66825.961435
66826.674258
66826.979456
66827.396982
66828.536507
66829.303386
66829.799747
66830.466846
66831.091238
66831.438789
66832.337927
66833.071618
66833.500547
66834.528493
66835.197834
66836.394056
66836.794599
66837.311703
66837.728336
66838.362061
66839.205111
66839.777771
