53124.151290
53124.796079
53125.954305
53126.660418
53127.022297
53127.877474
53128.441373
53129.757137
53130.107556
53130.553645
53131.510131
53132.095088
53133.178610
53133.453934
53134.034444
53134.739184
53135.444477
53135.814702
53136.706767
53138.062801
53138.611227
53139.243112
53139.867811
53140.320975
53141.295769
53141.542939
53142.614536
53143.221628
53143.755243
53144.316382
53145.520723
53145.987452
53146.442904
53147.259147
53148.345919
53148.835177
53149.959951
53150.275802
53150.720912
53151.443794
53152.220699
53152.650459
53153.550066
53154.006413
53155.003370
53155.979021
53156.565119
53157.230292
53157.988454
53158.590887
53159.057967
53159.617090
53160.784181
53161.560223
53161.813702
53162.559187
53163.157215
53163.561925
53164.865517
53165.749450
53166.195601
53167.087883
53167.605675
53168.421318
53168.924664
53169.600743
53170.198545
53170.439472
53171.792060
53172.372867
53172.950949
53173.971301
53174.671446
53175.157457
53175.777774
53176.619890
53177.503932
53178.191808
53178.485570
53179.243704
53180.007091
53180.678349
53181.056147
53182.114045
53182.419675
53183.881786
53184.638901
53185.250151
53185.655792
53185.943553
53187.036926
53187.523098
53188.429614
53188.840567
53189.933448
53190.324746
53190.836814
53191.995410
53192.629773
53193.222181
