64872.148143
64872.957837
64873.792815
64874.270944
64874.812054
64875.297370
64876.738127
64877.121905
64877.543928
64878.467965
64879.318031
64879.997936
64880.441814
64881.144786
64881.830735
64882.380756
64882.692829
64883.537514
64884.441972
64885.381645
64886.113187
64886.913159
64887.150580
64887.794471
64888.884491
64889.205751
64889.846429
64890.690293
64891.053647
64892.190317
64892.697021
64893.174664
64893.629983
64894.687498
64895.428137
64896.670750
64896.786280
64897.731750
64897.930320
64898.870090
64899.415005
64899.905665
64900.722614
64901.248313
64902.329991
64902.559833
64903.909977
64904.220203
64905.126846
64905.802075
64906.152532
64906.614061
64907.957499
64908.555877
64909.068957
64909.421875
64910.098402
64910.854133
64911.404427
64912.397019
64913.245117
64913.913588
64914.617672
64915.380525
64915.859396
64916.594393
64917.029620
64917.340840
64918.646217
64919.082944
64919.652435
64920.699125
64921.195840
64921.840361
64922.545349
64923.354928
64924.186757
64924.670870
64925.542835
64926.015397
64926.474433
64927.429029
64927.912330
64928.629949
64929.001026
64929.593889
64931.134888
64931.828716
64932.284048
64932.805085
64933.431818
64934.137400
64934.754717
64935.482580
64936.120578
64936.906722
64937.603530
64937.872808
64938.868287
64939.400939
