37050.271924
37051.160359
37051.631292
37052.499253
37052.892973
37053.904543
37054.357101
37055.011323
37056.235938
37056.984177
37057.561232
37058.554283
37058.830749
37059.611488
37060.412020
37061.305424
37061.991230
37062.720128
37063.031842
37063.567780
37064.608581
37065.357623
37066.392441
37067.195288
37067.654044
37068.844207
37069.118699
37069.832221
37070.264691
37071.006594
37071.820437
37072.998039
37073.296439
37073.935789
37074.870060
37075.821573
37076.351076
37076.969878
37078.257315
37078.487389
37079.207295
37079.872189
37080.730468
37081.385600
37081.645135
37082.550077
37083.374925
37084.923517
37085.141830
37086.032145
37086.530400
37086.739665
37088.134313
37088.574269
37089.324885
37089.916532
37090.835625
37091.351956
37092.141109
37092.900810
37093.765241
37094.423878
37095.370432
37096.231172
37096.691433
37097.260571
37098.046807
37098.675421
37098.964432
37099.997058
37101.124859
37101.559711
37102.465994
37103.307123
37103.930135
37104.853776
37105.231789
37105.603532
37106.852557
37107.757605
37107.978670
37108.944683
37109.263595
37109.969497
37110.928044
37112.154723
37112.742144
37113.366996
37114.228879
37114.620549
37115.382219
37116.025866
37116.620573
37117.500849
37118.212169
37118.687100
37120.111408
37120.623936
37121.110591
37121.842066
