49567.277420
49567.871391
49569.113372
49569.500836
49569.966855
49570.938588
49571.398885
49571.874783
49572.466547
49573.350517
49574.258179
49575.158394
49575.533890
49576.840800
49577.126085
49577.782680
49578.578733
49578.827364
49579.746283
49580.621829
49581.538749
49581.888573
49582.366528
49582.927579
49584.041798
49584.901894
49585.539328
49586.500108
49587.079382
49587.459625
49588.547191
49588.721280
49589.503892
49590.223268
49590.827810
49591.482770
49592.482046
49593.659504
49593.715737
49594.764363
49595.232138
49595.691906
49596.969126
49597.517967
49598.067057
49598.681712
49599.248085
49600.069424
49600.845352
49601.269571
49601.904493
49603.417486
49603.907923
49604.510089
49605.252523
49605.853771
49606.386194
49606.804640
49607.760616
49608.595676
49609.135468
49609.931060
49610.711056
49611.095698
49612.182570
49613.035190
49613.553503
49614.052631
49614.959953
49615.665475
49616.619742
49616.943112
49617.200745
49618.269760
49618.523649
49619.666699
49620.919856
49621.275689
49621.980502
49622.617883
49623.500167
49623.896756
49624.463863
49625.330678
49626.092526
49626.670160
49627.503003
49627.874969
49628.936112
49629.434295
49630.190386
49630.995846
49632.049819
49632.732131
49633.175131
49633.624952
49634.235189
49635.177821
49635.687436
49636.270778
