14691.263793
14691.867583
14693.253220
14693.468004
14695.200903
14695.660279
14696.396466
14696.904079
14697.647862
14699.091117
14699.501252
14700.224825
14701.082442
14701.465315
14702.604887
14703.789725
14704.427620
14705.631997
14706.182982
14706.704488
14707.631019
14708.413130
14708.872019
14709.674261
14711.048020
14711.700925
14712.500345
14713.399132
14714.001761
14715.126822
14715.891907
14716.527738
14717.214254
14718.183392
14718.940722
14719.451987
14720.022734
14721.565257
14722.776634
14723.040120
14724.058129
14724.585625
14725.265579
14726.023854
14727.093216
14727.846606
14728.638252
14729.096278
14730.406623
14731.347642
14731.806905
14732.789874
14733.701688
14734.667058
14735.386658
14735.624074
14736.213764
14737.595858
14738.012846
14739.394267
14740.308454
14740.885311
14741.863574
14742.419682
14743.140179
14743.950126
14744.883337
14745.760315
14746.274252
14747.202112
14747.961452
14748.576913
14750.223487
14750.987892
14751.329241
14752.037184
14753.205176
14753.423148
14754.578422
14755.020145
14755.901876
14757.194076
14758.178113
14758.585417
14759.645065
14759.975566
14761.268223
14761.862925
14762.874290
14763.403013
14764.108254
14764.692732
14765.703245
14766.840706
14767.768048
14768.454993
14769.628719
14770.034692
14770.567496
14771.467501
