40147.189303
40148.481022
40149.545172
40150.039555
40150.744323
40150.936590
40152.073455
40152.642989
40153.131544
40153.904820
40154.627097
40155.373465
40156.271452
40157.272696
40157.610160
40158.496665
40159.211360
40159.598087
40160.804725
40161.325843
40162.123340
40162.742002
40163.108126
40163.611849
40164.904491
40165.343020
40166.358695
40167.312940
40167.906385
40168.581874
40169.367836
40169.820216
40170.317814
40170.880689
40172.360673
40172.633059
40173.289954
40173.972739
40174.903623
40175.614786
40176.389584
40177.102535
40178.032416
40178.690562
40178.977788
40180.024923
40180.625543
40181.083441
40181.857730
40182.362201
40183.270351
40184.807901
40185.136246
40185.719335
40186.297355
40186.972054
40187.850101
40188.512180
40189.313507
40189.708930
40190.654930
40191.248950
40192.057493
40192.513211
40193.525906
40194.333744
40195.203960
40195.860196
40196.822055
40196.984594
40197.720251
40198.339118
40199.106544
40199.590527
40200.777718
40201.513393
40201.935224
40202.969847
40203.903101
40204.422876
40204.976720
40205.369273
40206.649267
40207.212300
40208.002826
40208.508573
40208.957834
40209.890094
40210.192899
40211.815653
40212.318764
40213.042095
40213.883788
40214.410990
40214.998620
40215.511802
40216.597991
40216.934907
40217.631690
40218.594380
