30761.130318
30761.663725
30762.555266
30763.381342
30764.073352
30764.961218
30765.857594
30766.529230
30767.138483
30768.074385
30768.805952
30769.289332
30770.336538
30770.752819
30771.747351
30772.186646
30772.993833
30773.557626
30774.010717
30776.053124
30776.257373
30776.862285
30777.542807
30778.374555
30778.922325
30779.635858
30780.477533
30780.936152
30782.112271
30782.476288
30783.415250
30784.251510
30785.220873
30785.367812
30786.600950
30787.343366
30788.021943
30788.891084
30789.270905
30789.602307
30790.686106
30791.281691
30792.402475
30793.060941
30793.923156
30795.087247
30795.300881
30796.098286
30796.465029
30797.401162
30798.247752
30798.996502
30799.938014
30800.232999
30800.732832
30801.953178
30802.700185
30803.489259
30804.636508
30805.029636
30805.604021
30806.293753
30807.176199
30807.785626
30808.357620
30808.830771
30810.018695
30811.100781
30811.690940
30812.526845
30812.951802
30813.551854
30814.824865
30815.255790
30815.995949
30816.681662
30817.311424
30818.248772
30818.656828
30819.298371
30820.526284
30821.302683
30822.374592
30822.704968
30823.545781
30824.156307
30824.729605
30825.160188
30826.255353
30827.245035
30827.655264
30828.397532
30829.250936
30830.201120
30830.995182
30831.670118
30831.947300
30833.175947
30834.022101
30834.530212
