29649.384104
29650.004776
29651.422014
29651.932986
29652.793551
29652.914374
29654.065398
29654.970862
29655.882990
29656.226883
29656.616930
29657.514971
29658.270215
29658.897610
29660.281153
29660.780127
29661.742596
29662.455759
29662.932286
29663.633393
29664.355024
29664.938346
29665.886582
29666.515544
29667.493550
29668.009013
29669.031502
29669.166844
29670.697118
29671.278934
29672.017369
29672.782043
29673.261168
29673.953250
29674.847361
29675.486903
29675.927466
29676.562681
29678.132629
29679.007528
29679.170120
29680.209119
29680.958057
29681.134368
29682.283862
29682.972225
29684.069575
29684.243029
29684.919275
29685.888314
29686.410778
29687.631647
29688.246734
29689.064213
29689.884758
29690.761697
29691.302556
29691.689355
29692.328585
29693.031234
29694.187223
29694.818112
29695.533543
29696.436406
29697.287270
29698.009500
29698.615965
29699.170489
29700.403245
29700.644287
29701.600873
29702.390985
29702.902455
29703.363750
29704.347233
29705.003423
29706.567883
29707.161768
29707.576986
29708.173214
29708.813011
29710.034493
29710.153609
29711.074205
29711.744411
29712.663870
29713.390931
29714.244528
29715.079890
29715.561612
29716.315837
29717.581662
29718.134658
29718.431010
29719.584413
29719.955465
29720.633497
29721.132905
29722.323791
29723.033036
