14204.408499
14205.145378
14206.029610
14206.971319
14208.295415
14208.452740
14208.990914
14209.836896
14210.696884
14211.666495
14212.108927
14213.390255
14214.414795
14215.228330
14215.926427
14216.494144
14217.065857
14218.521761
14219.060947
14219.637262
14220.647117
14221.267997
14221.736285
14223.308902
14224.227007
14224.968579
14225.486192
14226.579156
14227.066464
14227.982862
14228.346812
14229.250727
14230.516239
14231.301598
14232.256563
14232.571719
14233.993281
14234.398639
14235.374542
14236.369783
14236.695670
14237.780589
14238.378036
14238.942711
14239.949746
14240.944802
14242.231823
14242.994667
14243.502743
14244.148655
14245.070016
14245.368428
14246.938088
14247.413285
14248.142035
14248.719417
14250.246652
14250.825862
14251.383071
14252.531453
14253.478630
14254.074195
14254.863957
14255.497557
14256.067406
14256.840012
14257.985363
14258.960409
14260.291093
14260.429345
14261.208247
14262.320587
14262.869989
14263.686866
14264.332771
14265.603969
14266.010805
14266.927499
14267.398198
14268.584651
14269.887604
14270.692584
14270.943620
14271.974583
14272.580981
14273.427539
14274.116675
14274.753226
14275.915823
14276.806138
14277.744641
14278.727220
14279.158657
14279.818345
14280.794739
14282.001725
14282.488428
14283.207173
14283.568998
14284.757239
