27410.886417
27411.892648
27412.514081
27413.701331
27414.340162
27415.161446
27415.428593
27415.916313
27416.996777
27417.643379
27418.666573
27419.160451
27420.052362
27420.553197
27421.799952
27422.542287
27422.800763
27424.247148
27424.522187
27425.365104
27426.000328
27426.827229
27427.510570
27427.840149
27428.517994
27430.223043
27430.809818
27431.511128
27432.202194
27432.555430
27433.784452
27434.201935
27434.913435
27435.834074
27436.355557
27437.368000
27437.900263
27438.624882
27439.451307
27440.466484
27441.267589
27442.036219
27442.751523
27443.375737
27443.854517
27444.588747
27445.186385
27446.304208
27446.943420
27447.664181
27448.783389
27449.642569
27450.052861
27450.875838
27451.404156
27452.059087
27453.475566
27453.939082
27454.346269
27454.825452
27456.020919
27456.401236
27457.671159
27458.615748
27459.288260
27459.898998
27460.598664
27461.276122
27462.092670
27462.459054
27463.255290
27464.366464
27464.748040
27466.098667
27466.574554
27467.244747
27467.852749
27469.167372
27469.590621
27470.429753
27470.982364
27471.627628
27472.581540
27473.054560
27473.779099
27474.339765
27475.838372
27476.596360
27477.306908
27477.882841
27478.516272
27479.124422
27479.878032
27480.686007
27481.588531
27482.288705
27482.978518
27483.290543
27484.662528
27485.466957
