4981.192703
4982.512361
4983.225027
4983.979975
4984.568543
4986.252566
4987.187900
4988.191597
4988.905166
4990.345480
4990.449701
4991.214774
4992.379462
4993.495748
4994.632742
4995.879247
4996.220820
4997.396150
4998.370030
4999.329681
5000.234316
5000.834381
5001.889773
5002.854002
5003.484944
5005.495907
5006.208381
5006.788558
5007.485982
5008.626199
5009.229044
5010.811172
5010.933198
5012.396833
5013.533605
5014.238442
5015.357927
5016.192546
5017.347756
5018.084913
5018.939831
5019.395831
5020.352759
5022.203022
5022.834526
5023.904889
5024.725752
5025.730993
5026.185476
5027.221563
5028.537886
5029.216956
5030.026936
5030.967858
5032.399063
5033.166566
5034.550361
5035.013416
5035.523058
5036.841667
5037.500692
5038.324319
5039.621887
5041.041398
5041.798034
5042.492149
5043.015445
5044.656791
5045.467130
5045.941675
5046.997617
5047.863086
5048.790228
5050.308459
5051.106699
5052.279310
5052.772155
5053.712365
5054.434547
5055.192672
5056.605813
5057.589996
5058.345409
5059.439905
5060.559080
5061.326249
5062.168472
5063.182715
5064.333813
5064.628972
5065.480124
5066.576539
5068.384815
5069.095935
5069.675544
5070.868551
5071.249797
5072.410372
5073.482256
5074.356062
