56241.330222
56242.226708
56242.604246
56243.268918
56244.148948
56244.621356
56245.714848
56245.958323
56246.605993
56247.554770
56248.535890
56249.281758
56249.930086
56250.256833
56251.036423
56251.632027
56252.191150
56253.171032
56253.299304
56254.437815
56255.103764
56255.960275
56256.986208
56257.160771
56258.023245
56258.788383
56259.048350
56259.875072
56260.965622
56261.686027
56262.003432
56262.280222
56263.199322
56263.961787
56264.739835
56265.886691
56266.460743
56266.830456
56267.886814
56268.515122
56268.854937
56269.760969
56269.876804
56270.795760
56271.934880
56272.296695
56272.926830
56274.094066
56274.519039
56275.076423
56275.916648
56276.762350
56277.411880
56278.059384
56278.665161
56279.258710
56279.832742
56280.721961
56281.280065
56281.636235
56282.555797
56284.028219
56284.411673
56285.168112
56285.481318
56286.172981
56286.726817
56287.735566
56288.180067
56288.996161
56289.588228
56290.436171
56290.758160
56291.720852
56292.502899
56293.249087
56293.881025
56294.612133
56295.501466
56296.014482
56296.642550
56297.288798
56297.777376
56298.387680
56298.841967
56300.250825
56300.788191
56301.588135
56302.073277
56303.046782
56303.803745
56304.140838
56304.567782
56305.722129
56306.171623
56306.917583
56307.859264
56308.176500
56308.733670
56309.326380
