73648.429458
73649.343959
73649.826351
73650.062925
73651.051317
73652.213061
73652.958859
73653.411227
73654.131103
73654.464738
73655.356614
73655.573382
73656.570717
73657.211211
73657.625408
73658.614908
73659.320160
73659.808025
73660.858926
73661.431385
73662.043082
73662.520932
73663.304581
73664.052632
73664.808801
73665.520578
73665.971522
73666.443586
73666.717330
73667.965388
73668.432636
73669.667257
73670.187418
73670.771078
73671.481802
73672.275849
73672.704247
73673.206899
73673.954706
73674.339550
73675.501918
73676.185617
73676.459077
73677.243645
73678.084913
73678.822611
73679.223573
73680.136224
73681.303282
73681.543054
73681.861958
73682.920469
73683.219695
73684.090635
73684.503951
73685.323918
73685.790542
73686.524472
73687.834988
73688.576270
73688.967116
73689.263212
73690.099241
73690.693186
73691.473721
73692.409520
73692.529336
73693.719612
73693.907192
73694.544974
73695.411590
73695.998404
73696.866969
73697.728058
73698.265882
73699.085893
73699.630829
73700.392639
73700.734919
73701.550645
73701.916127
73702.349772
73703.586951
73704.314852
73704.806358
73705.722370
73706.067396
73707.140857
73707.815181
73708.162540
73708.708540
73709.690100
73710.351822
73710.994391
73711.378318
73712.441152
73712.587369
73713.088358
73714.134221
73715.346000
