74184.785764
74185.547399
74186.278816
74186.930383
74187.530625
74188.463815
74188.827945
74189.463108
74190.120978
74191.015440
74191.618957
74192.206387
74192.789820
74193.142536
74193.739888
74195.047877
74195.879359
74196.425970
74197.185115
74197.535890
74198.424538
74198.675997
74199.652480
74200.053615
74200.743956
74201.540609
74202.194520
74202.934848
74203.388981
74204.639881
74204.981497
74205.522102
74206.053117
74207.476695
74207.776145
74208.377376
74208.852087
74209.448339
74210.128529
74210.791049
74211.461696
74212.106636
74213.077608
74213.780136
74214.710648
74215.266343
74215.651169
74216.245684
74216.802066
74217.656241
74218.299993
74219.104401
74219.519963
74220.583591
74220.800658
74221.198327
74222.595893
74222.947937
74224.008657
74224.645884
74225.103477
74225.585574
74226.644710
74227.057087
74227.587105
74228.157502
74228.716250
74229.427027
74230.553456
74231.452538
74231.839449
74232.280581
74233.286668
74233.739542
74234.412372
74235.124110
74235.769410
74236.501549
74237.218304
74237.483111
74238.294793
74238.967704
74239.637244
74240.300053
74241.321112
74242.127313
74242.730983
74243.204387
74244.036512
74244.387900
74244.813286
74245.451727
74246.732228
74247.276003
74247.361514
74248.420894
74249.166643
74250.147843
74250.663641
74250.993655
