39932.640912
39933.172062
39934.109060
39934.676001
39935.093858
39935.824576
39936.552789
39937.270575
39938.024232
39939.296973
39939.809218
39940.165451
39941.051493
39941.897127
39942.606878
39943.305747
39943.941505
39944.590613
39945.299857
39946.040817
39946.632539
39947.230961
39947.865213
39949.331507
39950.137085
39950.662140
39950.860070
39952.219344
39952.363889
39952.850062
39953.896192
39954.822180
39955.220728
39956.191905
39956.479006
39957.699636
39958.518680
39958.971210
39959.759066
39960.362328
39961.544561
39961.924876
39962.714325
39963.140437
39963.582755
39964.421099
39965.276787
39966.394369
39966.897391
39967.953539
39968.401096
39969.351862
39969.526004
39970.423412
39971.160362
39971.775912
39972.659489
39973.311452
39973.983072
39974.705231
39975.192776
39976.303575
39976.925064
39978.201615
39978.550198
39979.170339
39979.607792
39980.340142
39981.492245
39981.788266
39982.115888
39983.206155
39984.238580
39984.958651
39985.988548
39986.256769
39986.846548
39987.580307
39988.567978
39989.139775
39989.964315
39990.567220
39991.086409
39991.857334
39992.351594
39993.242329
39994.609535
39994.835961
39995.670314
39996.773171
39996.997012
39997.894645
39998.198613
39998.939509
39999.497328
40000.815389
40001.388621
40001.776786
40002.777351
40003.539828
