22020.457075
22021.075421
22021.831344
22022.679339
22023.228086
22023.712269
22025.034689
22025.297485
22026.445511
22027.206471
22028.213811
22028.634282
22029.545027
22030.204270
22031.556214
22031.831124
22032.511238
22033.274861
22033.629080
22034.838999
22035.531643
22036.161632
22037.757553
22038.157271
22038.860551
22039.630669
22040.270063
22040.598141
22041.851508
22042.716773
22043.348640
22043.780208
22044.918571
22045.457019
22046.529898
22047.386336
22048.434647
22048.610563
22049.509323
22050.546680
22050.901137
22051.663654
22052.103453
22053.048165
22054.381622
22055.219627
22055.900462
22056.233616
22057.326360
22058.092147
22058.616515
22059.643052
22060.154138
22061.063055
22061.818153
22062.205428
22063.210522
22064.131548
22065.145166
22065.928653
22066.824342
22067.366234
22067.765175
22068.458578
22069.458058
22070.040436
22071.199932
22071.658060
22072.411084
22073.864323
22074.274959
22074.852287
22075.458088
22076.624852
22077.586696
22077.879942
22078.682571
22079.270546
22080.208764
22080.456170
22082.172517
22082.773480
22083.700572
22084.237098
22085.042751
22085.499526
22086.490240
22087.232823
22087.539927
22088.765674
22089.746084
22090.057671
22091.147857
22091.629431
22092.773585
22093.848286
22094.130744
22094.983078
22095.734453
22096.227051
