7531.918476
7533.701788
7534.196176
7535.269416
7535.795879
7536.852140
7537.312581
7538.513844
7539.507181
7540.227539
7540.952212
7541.719927
7543.274086
7544.143089
7545.017282
7545.469645
7546.619778
7547.346464
7548.163928
7548.467009
7550.120472
7551.093890
7552.050977
7552.915722
7553.422599
7554.415064
7555.636986
7556.215633
7557.123848
7557.731650
7558.618693
7559.643376
7560.829820
7561.658959
7563.182814
7563.520415
7563.769301
7564.960243
7565.732853
7566.845322
7567.866531
7568.289067
7569.797165
7570.547137
7571.281289
7572.278993
7573.255184
7574.046802
7574.749888
7575.696668
7576.268605
7576.905770
7578.917486
7579.597757
7580.280088
7580.959830
7582.031705
7582.802983
7583.462734
7584.486959
7585.469517
7586.234994
7587.283239
7587.890350
7589.356254
7590.120871
7590.918224
7591.966193
7592.269712
7593.098313
7594.102742
7595.077658
7596.016212
7597.414985
7598.007882
7598.982709
7599.565154
7600.130858
7601.751366
7602.405163
7603.022366
7603.560678
7604.831196
7605.857934
7606.994882
7608.021354
7608.420807
7609.673607
7610.066214
7610.854490
7611.794530
7612.682249
7613.949125
7614.911019
7615.589706
7616.361441
7617.490687
7618.506225
7619.109221
7619.749441
