23400.823214
23401.365274
23402.177231
23402.611403
23403.730013
23404.680892
23405.486057
23406.220989
23406.841497
23407.710040
23408.320572
23409.317958
23410.206040
23410.639298
23411.205101
23411.955295
23412.751108
23413.572487
23414.576339
23415.411810
23416.472041
23417.003025
23417.630121
23418.299895
23418.678427
23419.695507
23420.844391
23421.245795
23422.134799
23422.504904
23424.010368
23424.444100
23425.106713
23426.289101
23426.963996
23427.325037
23428.435701
23428.992050
23429.588685
23430.190057
23430.894212
23432.150552
23433.438779
23433.693338
23434.485349
23434.922084
23435.997039
23436.725647
23437.440184
23437.907907
23438.997297
23439.806576
23440.156977
23441.097526
23442.007274
23442.785870
23444.034867
23444.604127
23444.911267
23446.003242
23446.575926
23446.824945
23448.058463
23448.667561
23449.705688
23450.348776
23451.305400
23452.362460
23452.777263
23453.337260
23453.992818
23455.222071
23455.971173
23456.561869
23456.995630
23457.789266
23458.439436
23459.593180
23460.618868
23461.465699
23461.849406
23462.934428
23463.464516
23463.923328
23464.793787
23465.527559
23466.364358
23466.977463
23468.317087
23468.690908
23469.422308
23470.289139
23471.142471
23472.057314
23472.782698
23473.264806
23473.957875
23474.706635
23475.639665
23476.206855
