62761.147979
62761.478462
62762.228386
62762.820872
62763.754847
62764.906570
62765.402446
62765.897372
62766.263575
62767.215275
62767.935976
62768.650298
62769.258429
62770.061495
62770.609050
62770.876033
62771.730629
62772.727742
62772.954671
62774.370955
62774.989776
62775.407082
62776.244427
62776.876799
62777.543877
62777.989025
62778.534847
62779.003896
62780.425324
62780.888514
62781.315102
62782.150223
62782.920346
62783.682336
62784.375240
62785.005295
62785.741705
62786.202905
62787.243266
62787.577641
62788.447346
62788.766688
62789.347844
62790.166559
62790.857445
62792.060184
62792.842327
62793.238378
62794.067784
62794.343039
62795.006085
62795.761682
62796.569258
62797.338743
62797.723075
62798.302002
62799.376645
62799.700953
62800.882636
62801.145703
62801.977396
62802.711567
62803.849927
62804.287573
62804.661728
62805.191259
62806.017484
62806.562375
62807.304034
62807.761998
62808.855691
62809.604346
62810.518148
62810.751490
62811.807257
62812.343941
62812.908311
62813.236432
62814.529731
62814.798705
62815.641358
62816.454336
62817.026310
62817.181461
62817.903058
62819.382227
62819.948150
62820.590846
62821.271840
62821.771525
62822.552413
62823.206321
62823.802847
62824.092704
62825.057716
62825.645581
62826.543808
62827.350704
62827.957038
62828.818871
