59339.614448
59339.991621
59340.767922
59341.484247
59342.076997
59342.844340
59343.436548
59343.959148
59345.139223
59345.345434
59346.186936
59346.409725
59347.780623
59348.644666
59349.360633
59349.627245
59350.619686
59351.016563
59351.394205
59352.599989
59352.772592
59353.590163
59354.304411
59355.184218
59356.071541
59356.462497
59357.646238
59357.917790
59358.552430
59359.017816
59360.204106
59360.790669
59361.537111
59361.962713
59362.379678
59363.025828
59364.014612
59364.582370
59365.905504
59366.185785
59366.888125
59367.917616
59368.329085
59368.833513
59369.455930
59369.954255
59370.881825
59371.557795
59372.430552
59372.909084
59373.529779
59374.677819
59374.949387
59375.664752
59376.735761
59377.335319
59378.003106
59378.305382
59379.200281
59379.933767
59380.372173
59380.997874
59381.769355
59382.175232
59383.731633
59384.406447
59384.950609
59385.253618
59386.008875
59386.600166
59387.562068
59388.087939
59388.598891
59389.646543
59390.141598
59390.513580
59391.401612
59392.397280
59392.796880
59393.701582
59394.488339
59395.259524
59395.679758
59396.585203
59396.986910
59397.633675
59397.987567
59398.694113
59400.043669
59400.320267
59401.205744
59401.904147
59402.723938
59403.455391
59403.858313
59404.713363
59404.913381
59406.190093
59406.628949
59407.390369
