60916.224579
60916.637775
60917.710267
60918.196949
60918.590848
60919.283515
60919.761915
60920.712241
60921.257727
60922.184919
60922.777855
60923.348300
60924.067375
60924.915799
60925.648131
60926.167989
60927.217752
60927.775751
60928.360470
60928.694037
60929.607106
60930.473377
60930.753599
60931.355291
60931.874228
60933.447942
60933.987772
60934.684037
60935.389803
60935.519138
60936.518485
60937.014898
60937.942344
60938.588067
60939.163178
60939.661640
60940.732570
60941.062029
60941.630327
60942.841526
60943.382657
60944.033659
60945.041018
60945.467612
60946.348326
60946.687505
60947.287999
60947.976091
60948.241246
60949.628609
60950.079460
60950.798758
60951.755849
60952.142483
60953.336653
60953.563610
60954.333861
60954.740269
60955.620827
60956.565966
60957.063643
60957.673874
60958.123697
60958.822948
60959.482194
60960.325980
60961.386312
60962.146071
60962.893129
60963.177809
60963.596141
60964.778640
60965.190658
60965.505142
60966.663239
60967.155534
60967.665147
60968.664831
60969.641931
60970.174267
60970.488315
60971.266735
60972.268255
60973.038350
60973.581354
60974.044460
60974.813095
60975.382349
60975.922117
60976.686737
60977.323505
60978.056121
60979.268496
60979.822413
60980.473400
60981.114698
60981.678905
60982.304923
60982.934463
60983.348817
