55758.005309
55758.795692
55759.069441
55759.751993
55760.868680
55760.997676
55761.957443
55762.571938
55763.098350
55764.087581
55764.736515
55765.070153
55765.986760
55766.800988
55767.329888
55768.616400
55769.034541
55769.641581
55770.213054
55771.115825
55771.365384
55771.938224
55772.772429
55773.675014
55774.359054
55774.864482
55775.949494
55776.754305
55777.418646
55777.684796
55778.338209
55779.229643
55779.849782
55780.946714
55781.338212
55781.764753
55782.318958
55783.039804
55783.954560
55784.896968
55785.470981
55786.579085
55787.003755
55787.388750
55788.357218
55788.765514
55789.591815
55789.923134
55790.746244
55791.639528
55792.258662
55793.166617
55793.776746
55794.558654
55794.812261
55796.031748
55796.583363
55797.492964
55797.841801
55798.381609
55799.179850
55799.977473
55800.498058
55800.991793
55801.560491
55803.110044
55803.561885
55804.426266
55804.935396
55805.416400
55806.200839
55806.611962
55807.429622
55808.237518
55809.082180
55809.505879
55809.999879
55811.091462
55811.377921
55812.656156
55813.438090
55813.495640
55814.475793
55815.583632
55816.003790
55816.510431
55816.877322
55817.870536
55818.083917
55819.145971
55820.081292
55820.798637
55821.548061
55822.085614
55822.997924
55823.492930
55824.003477
55824.716188
55825.577850
55826.282246
