41507.532045
41508.230318
41509.106760
41509.559280
41510.153716
41511.495605
41511.898797
41512.431019
41512.994448
41513.520015
41514.354563
41515.037760
41516.090252
41516.893975
41517.658436
41518.291192
41519.025892
41519.686949
41520.252202
41520.697383
41521.966682
41522.328185
41523.122586
41523.706737
41524.675956
41525.095686
41525.633633
41527.128487
41527.704097
41528.372221
41528.988089
41529.767696
41529.882204
41531.204857
41531.549216
41532.127903
41532.921973
41533.716407
41535.094675
41535.376746
41536.062701
41536.721063
41537.445882
41538.134335
41538.941918
41539.849964
41540.188004
41541.035503
41541.398802
41542.232524
41542.877189
41544.002236
41544.781441
41545.441396
41546.295392
41546.866357
41547.630142
41548.089748
41548.531061
41549.277100
41550.261853
41551.331034
41551.662715
41551.990874
41553.426185
41553.937680
41554.706177
41555.236895
41556.214326
41556.944335
41557.273916
41558.351462
41558.790111
41559.318146
41559.985626
41560.711077
41561.709278
41562.879011
41563.542969
41563.967215
41564.620819
41565.023380
41566.034729
41566.911762
41567.273043
41568.024278
41568.758265
41569.620759
41570.087469
41571.103353
41571.794876
41572.189438
41573.746886
41574.023301
41574.586790
41575.385328
41576.030262
41576.363630
41577.368174
41577.787812
