36978.108491
36978.764002
36979.118383
36979.946351
36980.836466
36981.466982
36982.093206
36983.001114
36983.496910
36984.365025
36985.204358
36985.909712
36986.842279
36987.596037
36988.342692
36988.552231
36989.299424
36989.954629
36990.738053
36991.590392
36992.285936
36992.940111
36994.240273
36994.922085
36995.203963
36996.017207
36996.542356
36997.352231
36998.480443
36998.913315
36999.487356
37000.226415
37000.832031
37001.394130
37002.748913
37003.191001
37004.527479
37004.789623
37005.402319
37006.041822
37007.195147
37007.318513
37008.115434
37008.505106
37009.963921
37010.368175
37011.326494
37012.079078
37012.510663
37013.389004
37014.249118
37015.042975
37015.571604
37016.154725
37017.001889
37017.750679
37018.245877
37018.741212
37019.620173
37020.789496
37021.511193
37022.518433
37022.971993
37023.404657
37024.285614
37024.662657
37025.476331
37026.543642
37027.184109
37027.657942
37028.305076
37029.189464
37030.386694
37030.743208
37031.353684
37032.329234
37033.077530
37034.010020
37034.521521
37034.599215
37035.618654
37036.280754
37036.973752
37037.908101
37039.152668
37039.498629
37040.183450
37041.134604
37041.519422
37042.232461
37043.070679
37043.704122
37044.474936
37045.121131
37045.891801
37046.759596
37046.966841
37047.828943
37049.332240
37049.939173
