23324.447539
23324.910724
23326.189499
23326.709101
23327.355933
23327.861893
23328.986162
23329.557219
23330.480364
23331.237639
23331.567948
23332.694873
23333.435032
23334.493316
23335.361254
23335.997124
23336.683852
23337.112229
23337.991053
23338.542903
23339.677776
23340.051572
23340.916458
23342.265143
23342.923774
23343.696885
23344.015927
23344.701217
23346.009958
23346.533247
23347.304391
23348.046604
23348.453372
23349.235575
23350.208370
23351.001756
23352.117645
23353.056685
23353.374229
23354.169952
23355.031221
23355.621932
23356.175947
23356.710375
23358.177754
23358.717641
23359.338808
23360.362297
23360.935511
23361.922994
23362.767110
23363.337904
23364.130250
23364.747865
23365.795099
23366.386100
23366.560707
23367.543370
23368.534672
23369.871524
23370.349793
23371.317612
23371.750511
23372.215538
23373.319929
23373.713445
23375.075998
23375.331967
23376.151692
23376.751463
23378.070643
23378.480048
23379.507156
23379.996050
23381.232781
23382.039601
23382.596773
23382.721198
23383.720305
23384.617039
23385.078069
23386.220050
23387.068557
23388.080015
23388.615756
23389.363306
23390.330180
23390.488595
23391.528803
23392.527825
23392.961985
23393.886469
23394.571258
23395.231181
23395.583248
23397.445575
23398.035719
23398.469594
23399.417466
23399.910307
