64260.154475
64260.981945
64261.652387
64262.341727
64262.988929
64263.833001
64264.074915
64264.689367
64265.487908
64265.944218
64266.753119
64267.709340
64268.091768
64269.465996
64269.665773
64270.020418
64271.207630
64271.702893
64272.618669
64273.011798
64273.821582
64274.441518
64274.794522
64275.903295
64276.268863
64276.881958
64277.311214
64278.949635
64279.571685
64280.024918
64280.605672
64281.189031
64281.944564
64282.415555
64283.088379
64283.894532
64284.707175
64285.276282
64285.657954
64286.626697
64287.527152
64287.939259
64288.848293
64289.633702
64289.840245
64291.009732
64291.780226
64292.120134
64292.503800
64293.296045
64293.730082
64294.577602
64295.734408
64296.166701
64297.038556
64297.740108
64298.411480
64298.995209
64299.559133
64300.156478
64300.825329
64301.686351
64302.320021
64303.058710
64303.471053
64304.194396
64304.834102
64305.703509
64306.445620
64307.442661
64308.141148
64308.478089
64309.218227
64309.428775
64310.534910
64311.249172
64311.511268
64312.178662
64313.095657
64313.963751
64314.788683
64315.573902
64315.915142
64316.543589
64317.046089
64318.246034
64318.847550
64319.194919
64320.060710
64320.528280
64321.361365
64321.699964
64322.363919
64323.607164
64324.156003
64325.022408
64325.653034
64326.242715
64327.036157
64327.459944
