32603.529059
32604.027508
32604.883922
32606.208523
32607.027357
32607.864078
32608.055446
32608.587729
32609.767837
32610.207746
32611.166066
32611.660445
32612.612926
32613.129513
32613.805494
32614.535118
32615.810968
32616.091536
32617.071346
32618.069348
32618.525030
32619.273566
32619.839349
32620.471261
32620.868672
32621.880424
32623.158405
32623.308812
32624.384877
32625.117483
32626.172493
32626.516046
32627.026795
32627.989565
32628.674495
32629.672802
32630.204054
32630.610497
32631.486026
32632.106640
32632.810288
32634.330472
32634.772811
32635.600721
32636.090375
32636.801463
32637.351493
32638.177596
32638.940532
32639.560539
32640.180882
32641.110401
32642.340975
32642.591503
32643.382827
32643.987885
32645.056809
32645.804732
32646.430582
32647.168034
32647.756005
32648.118321
32649.229411
32649.852582
32650.258159
32651.914008
32652.411488
32652.994550
32653.931147
32654.631767
32654.916236
32655.672525
32656.371118
32657.530529
32658.159229
32658.782444
32659.101673
32660.213244
32661.121305
32661.956738
32662.744726
32663.122556
32664.135339
32664.898043
32665.370581
32666.013874
32666.562436
32667.257096
32668.254994
32669.260184
32670.068418
32670.778532
32671.424469
32671.954152
32672.581507
32673.762355
32674.226253
32674.889456
32675.666146
32676.225824
