21866.624464
21867.386908
21867.762351
21868.183578
21869.196285
21869.801302
21871.162958
21871.498540
21872.066018
21873.227008
21873.976002
21874.854960
21875.501864
21876.429472
21877.089885
21877.961218
21878.492834
21879.184362
21879.942980
21880.600401
21881.113680
21882.930147
21883.573323
21883.983363
21884.661277
21885.484700
21886.414283
21886.807215
21887.972607
21888.305533
21889.307992
21889.975587
21891.049818
21891.244059
21892.453147
21893.631611
21894.082334
21894.895540
21895.672162
21896.247007
21896.701656
21897.522412
21898.487055
21899.302284
21900.032578
21901.214813
21901.685916
21902.841479
21903.238808
21903.618986
21904.722200
21905.853209
21906.321998
21906.934947
21907.649940
21908.033535
21909.458214
21910.191134
21911.346164
21911.799338
21912.609061
21913.267272
21913.949838
21914.626846
21915.300874
21916.118225
21916.968822
21917.952938
21918.658873
21919.511419
21920.157347
21920.750817
21922.151400
21922.668870
21923.185139
21923.695928
21924.926939
21925.471148
21925.817607
21926.822822
21927.956423
21929.100232
21929.769389
21930.110710
21930.996652
21931.521027
21932.326048
21933.320495
21933.862137
21934.963665
21935.398095
21935.898860
21937.314372
21938.058983
21938.635637
21939.516644
21940.369417
21941.219524
21941.644121
21942.592430
