15337.429027
15338.506684
15339.535429
15340.373578
15341.067702
15341.358059
15342.546466
15342.977965
15343.719646
15344.907754
15345.436721
15346.361099
15347.818653
15348.330113
15348.555869
15349.553628
15350.678981
15351.551379
15352.151048
15352.692255
15353.427000
15354.226491
15355.174155
15356.258230
15357.176214
15358.091210
15358.762566
15359.190455
15360.156684
15360.898207
15361.302719
15362.714100
15363.291554
15364.144417
15365.028878
15365.569802
15367.090032
15367.319564
15368.527337
15368.873025
15369.860796
15370.615083
15371.299429
15371.955701
15372.430885
15374.340106
15374.850028
15375.670877
15376.312873
15377.102286
15377.712211
15378.539525
15379.721299
15380.226869
15380.786116
15381.740462
15382.691379
15383.446495
15384.608302
15385.025502
15386.355653
15387.041363
15387.513598
15387.911499
15388.837101
15389.844591
15390.654458
15391.484244
15392.654763
15393.235022
15394.273033
15394.723353
15395.408031
15396.513351
15397.218249
15398.066699
15398.649657
15399.498418
15399.975307
15401.023604
15402.656642
15403.043042
15403.833998
15404.253882
15405.334556
15406.010256
15406.746940
15407.267427
15408.353608
15409.383275
15410.103162
15411.086349
15411.591059
15412.437202
15413.586504
15414.435327
15414.625541
15415.959668
15416.244795
15416.896159
