11817.694115
11818.490664
11819.124725
11819.561572
11820.919409
11822.255064
11822.954124
11823.530711
11824.117979
11825.137668
11825.998780
11826.288536
11827.478997
11828.285948
11829.434543
11830.221002
11831.106306
11831.814175
11832.416125
11833.637700
11834.570302
11835.118104
11835.610175
11836.432382
11837.379558
11838.333296
11839.665882
11840.112016
11841.349799
11841.971293
11842.553275
11842.975373
11844.136958
11845.261097
11845.822269
11846.530322
11847.740902
11848.242344
11849.500306
11850.290683
11851.000272
11852.025209
11852.460477
11853.356730
11854.112210
11854.992181
11855.212856
11857.300811
11857.909723
11858.545132
11859.188749
11860.006911
11861.114555
11861.571280
11862.701222
11863.217790
11864.167455
11864.931427
11865.817209
11866.741550
11868.060951
11868.436835
11869.755660
11869.963151
11870.701636
11871.616506
11872.090122
11873.598031
11874.193930
11874.954432
11876.501804
11876.692510
11877.655780
11878.213813
11879.335338
11880.190755
11881.139579
11881.502174
11882.097749
11883.119221
11884.440578
11885.323979
11886.340066
11886.867653
11887.415432
11888.436891
11889.139654
11889.882064
11890.632003
11891.818957
11892.506512
11893.735935
11894.114408
11894.892691
11896.339565
11896.953725
11897.590458
11898.144590
11899.226888
11899.912903
