42862.263172
42862.875632
42863.417748
42864.186106
42864.715719
42865.560390
42866.773498
42867.129775
42868.174241
42868.694484
42869.355948
42869.877074
42870.949892
42871.626391
42872.138921
42872.662243
42873.602252
42874.354592
42874.869667
42875.261241
42876.292829
42877.601202
42878.259458
42878.624880
42879.597674
42879.906279
42880.342334
42881.549543
42882.068380
42882.493714
42883.560465
42884.432645
42884.657578
42885.893368
42886.601943
42887.115381
42887.847749
42888.473207
42889.623137
42889.977694
42890.883523
42891.172634
42891.731207
42892.481410
42893.286789
42894.507178
42895.153637
42895.702718
42896.613731
42897.230032
42897.912580
42898.427119
42898.837746
42899.954083
42900.640045
42901.450407
42901.868258
42902.580428
42903.574550
42904.049115
42904.976601
42906.046272
42906.513778
42907.125624
42907.684290
42908.516618
42908.942030
42909.825642
42910.374954
42911.057451
42911.809053
42913.343351
42913.698712
42914.296044
42914.570043
42915.690713
42916.205665
42917.077684
42917.864440
42918.428171
42918.960321
42919.662464
42920.425044
42921.073430
42922.050774
42922.822881
42923.854054
42924.175934
42924.930022
42925.671794
42926.343352
42926.837730
42927.041090
42928.363529
42929.395537
42929.529350
42930.694870
42931.096212
42932.168987
42932.873693
