8845.929067
8847.529970
8848.664758
8849.293012
8849.940859
8850.968666
8851.906343
8852.149291
8853.023070
8854.558251
8854.955551
8856.079945
8856.734523
8857.963064
8858.680999
8859.693494
8860.675496
8861.046695
8861.974859
8862.808651
8863.498357
8864.378003
8865.753819
8866.791201
8867.753787
8868.092270
8868.750967
8869.691904
8871.078180
8871.689920
8872.005432
8873.297980
8874.050059
8875.172814
8876.122838
8876.890060
8878.289574
8878.480878
8879.175609
8880.343782
8880.621668
8881.726078
8883.028741
8884.165749
8884.446684
8885.602305
8886.584181
8887.058666
8888.146956
8888.831196
8889.952996
8890.537948
8891.306737
8891.874379
8893.684840
8894.604473
8895.038202
8896.103336
8896.531323
8897.673494
8898.051507
8899.302724
8900.126946
8900.854875
8902.243765
8903.054487
8903.453422
8904.497639
8905.780057
8906.334722
8907.296439
8907.620487
8908.365865
8909.714669
8910.428989
8911.756517
8912.717343
8913.324972
8914.111116
8914.741188
8915.623803
8916.514178
8917.678078
8918.302168
8918.917303
8920.276287
8920.807424
8922.348329
8922.962986
8923.430369
8924.452124
8925.469534
8925.913861
8926.590671
8927.543910
8929.299323
8929.808678
8930.622184
8931.360853
8932.151532
