42719.719631
42720.260219
42720.657921
42722.105260
42723.095801
42723.369676
42724.463291
42724.741528
42725.822330
42726.176429
42726.773248
42727.630059
42727.884681
42729.348804
42729.802549
42730.393122
42731.057985
42732.040645
42732.846665
42733.263442
42734.305619
42734.992677
42735.613357
42736.096801
42736.755349
42737.677393
42738.034139
42738.746609
42739.591506
42740.659964
42741.602167
42742.183553
42742.835475
42743.102321
42743.809348
42744.721347
42745.640183
42746.275500
42746.640072
42747.500490
42748.028863
42749.157921
42749.677326
42750.349384
42751.606156
42751.897653
42752.737480
42753.572407
42753.970691
42754.466340
42755.268585
42755.824517
42756.633292
42757.671490
42758.424591
42759.224468
42759.614388
42760.497438
42761.360802
42761.819814
42762.537726
42763.005030
42764.401343
42764.650113
42765.062498
42766.136373
42766.343348
42767.296936
42768.745608
42769.250946
42769.825018
42770.354045
42771.269579
42771.796638
42772.253627
42773.062995
42773.904776
42774.536244
42775.264322
42775.948338
42777.145671
42777.633072
42778.183275
42778.705367
42779.857094
42780.493173
42781.420587
42781.756428
42782.118973
42782.996469
42783.669715
42784.527166
42785.135239
42786.334727
42786.887303
42787.894709
42788.292241
42788.862477
42789.395600
42790.353352
