50686.239185
50686.704031
50687.287871
50688.148478
50688.564267
50689.747273
50690.804940
50691.389241
50691.697704
50692.657317
50693.124826
50693.805679
50694.558360
50695.326923
50695.943640
50696.485928
50697.246846
50698.162491
50698.758467
50699.107901
50700.155340
50701.338285
50701.867959
50702.251181
50703.180319
50703.474869
50704.238863
50704.824209
50705.773739
50706.120517
50707.003731
50707.919003
50708.866701
50709.376271
50709.906064
50710.948919
50711.235930
50711.738017
50712.971344
50713.593113
50714.101746
50714.836069
50715.268795
50715.700362
50716.881748
50717.891303
50718.468921
50719.288698
50719.758880
50720.555213
50721.400893
50721.664812
50722.251279
50722.891855
50723.852803
50724.711219
50725.214804
50725.987976
50726.752224
50727.563296
50728.096967
50728.719142
50729.823753
50730.395038
50731.026680
50731.199132
50732.446663
50732.810839
50733.469352
50734.037069
50734.978555
50735.897988
50737.192653
50737.381260
50737.811211
50738.486672
50739.080203
50739.982420
50740.724020
50741.344744
50741.913502
50742.752177
50743.321585
50743.996460
50745.017414
50745.702607
50746.140166
50747.286323
50747.852739
50748.371340
50749.183439
50749.722127
50750.233158
50750.875431
50751.357191
50752.773546
50753.303015
50754.172602
50754.602626
50755.505788
