33117.413070
33117.938235
33118.833648
33119.426356
33120.180645
33120.979765
33121.790806
33122.681423
33123.399566
33124.144266
33124.456517
33125.642762
33126.594538
33127.167140
33127.500585
33128.077320
33129.176629
33129.716465
33130.273014
33131.107443
33132.468298
33132.983146
33133.888048
33134.364151
33135.058615
33135.450768
33136.342584
33137.286340
33137.861623
33138.662393
33139.389126
33139.928238
33140.601621
33141.959269
33142.467532
33143.162015
33143.871903
33144.704158
33145.429452
33145.930085
33146.594130
33147.296354
33147.538035
33149.170137
33149.745632
33150.746317
33151.115265
33151.919221
33152.704655
33153.466063
33153.744342
33155.170730
33155.364115
33156.133941
33156.949830
33157.504625
33158.324380
33159.112421
33159.988911
33161.117183
33161.776297
33162.169318
33162.847641
33163.321053
33164.334830
33164.694695
33166.113925
33166.199455
33166.956309
33168.292150
33169.140163
33169.364432
33170.031568
33171.060470
33171.688049
33172.519908
33173.444268
33173.573887
33174.523854
33175.008800
33175.632477
33176.806784
33177.809028
33178.595829
33179.365294
33179.401575
33180.653270
33181.309901
33181.815722
33182.200477
33183.308340
33184.309784
33184.810031
33185.419133
33186.288953
33187.034462
33187.918886
33188.797437
33189.398508
33190.012145
