49707.371886
49707.839809
49708.458389
49708.973819
49710.056008
49710.645656
49711.475782
49712.383676
49713.289536
49713.734866
49714.412389
49714.761134
49715.696555
49715.963862
49717.169571
49717.564173
49718.652629
49719.069264
49719.572863
49720.778436
49721.405769
49721.795871
49723.034891
49723.559993
49724.034833
49724.605952
49725.742656
49726.129573
49726.590405
49727.190045
49727.830587
49729.253933
49730.012453
49730.661486
49731.018846
49731.873707
49732.302807
49733.269858
49733.915766
49734.327795
49735.371265
49735.863686
49736.560833
49737.293616
49737.801295
49739.061033
49739.300924
49740.368064
49741.113039
49741.973048
49742.178539
49743.001408
49743.455867
49743.920789
49745.096157
49745.588216
49746.479060
49747.084133
49748.045765
49748.931905
49749.286310
49750.067282
49750.516179
49751.134693
49752.502282
49752.837301
49753.281720
49754.034569
49754.605466
49755.514787
49755.806587
49757.394290
49757.932151
49758.506327
49759.239211
49759.758578
49760.431977
49761.231421
49761.668100
49762.301537
49763.237956
49763.687955
49764.832483
49765.655676
49766.024594
49766.485542
49767.699983
49768.236803
49769.085124
49769.597408
49770.405653
49770.760811
49771.559852
49772.247405
49772.978856
49773.208573
49774.636601
49775.375678
49776.223866
49776.684185
