7354.584625
7356.076801
7356.713901
7357.298064
7357.829927
7359.022424
7359.818833
7361.267013
7362.058134
7363.102591
7363.822093
7364.469761
7365.120059
7366.176826
7367.444805
7367.716583
7369.211235
7369.532613
7370.778296
7371.987960
7372.805047
7373.424035
7374.349391
7375.199243
7375.878151
7376.873649
7377.190089
7379.332785
7379.979603
7380.464011
7381.536932
7382.222713
7383.173523
7384.202396
7384.924513
7385.752633
7386.461552
7387.542420
7388.629535
7389.584509
7390.664177
7391.440259
7392.160733
7392.988605
7393.173269
7394.711617
7395.693962
7396.403273
7397.531933
7398.751920
7399.220386
7399.828819
7401.354181
7401.670669
7403.018090
7403.448923
7404.103468
7405.071527
7406.434875
7407.782772
7408.318442
7408.961023
7409.697910
7410.875016
7411.475578
7412.213344
7413.328582
7414.418814
7415.180650
7416.269504
7416.713391
7418.310509
7418.988098
7419.537617
7420.415913
7421.420781
7421.806962
7422.910687
7424.220735
7425.306205
7426.042615
7427.010358
7427.618882
7428.124246
7429.350889
7430.555368
7431.156635
7431.634303
7432.740669
7434.041575
7435.059191
7435.590441
7436.766516
7437.658181
7438.125995
7438.872215
7439.737648
7440.703121
7441.969323
7443.171160
