60299.555051
60300.444548
60301.096776
60301.868641
60302.098375
60302.680176
60303.985553
60304.180677
60305.198542
60305.509430
60306.359878
60306.781349
60307.685960
60308.463664
60309.544307
60310.089752
60310.754000
60311.227714
60311.877422
60312.326937
60313.390902
60313.760012
60314.320519
60315.334045
60315.713126
60316.986194
60317.806950
60318.096239
60318.521741
60319.328375
60320.409811
60320.784109
60321.770829
60321.997829
60322.971010
60323.179810
60324.080463
60324.660057
60325.432934
60326.575404
60327.056570
60328.080503
60328.441727
60328.994721
60329.825022
60330.434443
60330.791555
60331.336774
60332.633485
60333.349288
60333.718110
60334.110617
60335.376585
60335.877531
60336.715799
60337.395299
60338.039543
60338.599214
60339.399448
60340.269151
60340.459164
60341.182987
60341.874261
60342.204263
60343.403658
60344.393537
60344.936023
60345.911574
60346.266872
60346.597538
60347.550645
60348.080748
60348.957261
60349.699153
60350.148441
60350.762980
60351.454658
60352.467313
60352.833964
60353.708612
60354.322832
60355.298889
60356.131016
60356.680555
60357.092055
60357.747768
60358.132813
60359.100877
60359.794933
60360.234269
60361.124955
60362.215542
60362.647193
60363.355969
60364.273992
60364.642966
60365.288240
60365.889465
60366.812304
60367.449945
