74453.298662
74453.544944
74454.140186
74454.758061
74455.360359
74455.768360
74456.781982
74457.488254
74458.036919
74459.329371
74459.769203
74460.159176
74461.146442
74461.491661
74462.171192
74462.786003
74463.107645
74464.271203
74464.750798
74465.611374
74466.176528
74466.981712
74467.498088
74468.167031
74469.161421
74469.726080
74470.489179
74470.668596
74471.602127
74472.461720
74472.829958
74473.411338
74473.880758
74474.643525
74475.450843
74476.823732
74477.192828
74477.730421
74478.241589
74478.998042
74479.625449
74480.180458
74480.772488
74481.754854
74482.368713
74482.781579
74483.441064
74484.125384
74485.163589
74485.723037
74486.192394
74487.122032
74487.808749
74488.746748
74489.083557
74489.663387
74490.057818
74490.746068
74491.480589
74492.150867
74493.093915
74493.628311
74494.405455
74495.371256
74495.860156
74496.399940
74496.986064
74497.598558
74498.332466
74499.270348
74499.587772
74500.352725
74501.054563
74501.583230
74502.094468
74502.692091
74504.152609
74504.621272
74505.231798
74506.046816
74506.437345
74506.825659
74507.847656
74508.396006
74509.065140
74509.310783
74510.161311
74511.395774
74511.735186
74512.524984
74513.278549
74513.694566
74514.431209
74515.245980
74515.824525
74516.765582
74517.069336
74517.871691
74518.060171
74519.259202
