64532.313756
64533.137042
64534.041149
64534.202742
64534.792116
64535.650967
64536.606676
64537.031421
64537.857743
64538.281831
64538.796874
64539.310627
64540.187050
64541.459263
64542.120023
64542.383427
64543.569091
64543.855861
64544.532950
64545.100831
64545.700727
64546.578384
64547.007266
64547.810123
64548.566326
64549.342617
64549.911617
64550.664817
64551.488905
64551.729591
64552.972707
64553.778562
64554.047756
64554.683551
64555.113992
64556.045862
64556.787104
64557.044452
64557.939813
64558.559433
64559.974054
64560.537656
64560.782557
64561.681142
64562.216655
64562.681973
64563.409903
64564.365970
64564.882469
64565.668452
64566.176814
64566.762084
64567.339219
64568.407633
64569.071501
64569.863079
64570.769948
64570.859846
64571.834468
64572.610746
64573.278103
64573.564239
64573.862028
64574.836193
64575.940299
64576.367469
64577.358843
64578.181757
64578.302903
64579.364853
64579.974628
64580.581542
64581.141065
64581.988288
64582.722750
64583.185931
64583.963229
64584.360940
64585.082247
64586.058199
64586.365678
64587.763246
64588.552010
64588.814445
64589.459954
64590.022480
64590.614463
64591.281344
64592.064054
64592.828819
64593.327552
64593.958531
64594.784440
64595.886225
64596.346405
64596.773948
64597.494067
64598.320559
64599.109008
64599.896599
