5448.908413
5449.427630
5451.309407
5451.666775
5452.330950
5453.276425
5454.232766
5454.948555
5455.867963
5457.254335
5458.715645
5459.062182
5459.714513
5460.815544
5461.682968
5462.745000
5463.764554
5464.243875
5465.083241
5466.418306
5467.790444
5468.244535
5469.480888
5470.220068
5471.082873
5471.760866
5472.264037
5473.925204
5474.871452
5475.749436
5476.748893
5477.671940
5478.463436
5479.396814
5480.654805
5480.956733
5481.993734
5483.066851
5483.473148
5485.379530
5486.250958
5487.158642
5487.814448
5488.239469
5489.539886
5490.606477
5491.198488
5492.137050
5493.792469
5494.038480
5495.280875
5496.089727
5497.373490
5498.174123
5498.633565
5499.612797
5500.353983
5501.331224
5503.211694
5503.522536
5504.579491
5505.571935
5506.330011
5506.908179
5508.017009
5509.291230
5509.945930
5510.544264
5511.757773
5513.109958
5514.001848
5514.844462
5515.501482
5516.629656
5517.161633
5517.948299
5519.095837
5520.215397
5521.614204
5522.249630
5522.970046
5523.601350
5525.239782
5525.717122
5526.662765
5527.355332
5528.166412
5529.660934
5530.203159
5531.929612
5532.461117
5533.275825
5533.953358
5534.810789
5535.656868
5536.899525
5537.790908
5538.740727
5539.814585
5540.694583
