10643.080447
10644.188762
10644.692421
10645.322053
10646.377725
10647.247734
10647.685095
10648.189225
10649.663015
10650.400697
10651.632132
10652.213794
10653.160911
10653.638881
10654.935668
10655.596282
10656.460810
10657.302434
10657.569813
10658.821347
10659.535556
10660.576533
10661.849138
10662.654355
10663.453701
10663.900388
10664.403237
10665.605849
10666.541995
10667.267327
10668.103873
10668.901033
10670.283741
10670.626073
10671.721432
10672.507335
10673.598214
10674.047658
10674.994852
10675.592710
10676.402342
10676.909371
10679.026251
10679.383532
10679.944294
10681.125403
10681.734302
10682.440786
10683.542939
10683.929031
10685.145481
10686.052551
10686.490821
10687.463234
10688.597502
10689.711252
10690.305513
10691.269588
10692.050986
10692.231515
10693.428873
10694.151996
10695.098217
10696.033577
10697.181707
10698.116765
10698.840050
10699.203954
10700.115750
10701.459647
10702.196519
10702.648559
10703.409720
10704.148321
10705.411435
10706.246041
10707.555450
10708.019872
10708.921862
10709.564845
10710.503063
10710.890480
10711.850734
10713.059848
10713.721462
10714.885383
10715.557345
10716.156573
10717.620208
10718.079421
10719.070139
10719.433717
10720.886818
10721.131431
10721.860750
10722.734106
10724.194182
10725.351593
10725.950045
10726.257558
