12233.113907
12234.106839
12235.040094
12235.780294
12236.430186
12237.244932
12238.361691
12239.390291
12240.475236
12240.725282
12241.834750
12242.162645
12243.210013
12243.700526
12245.043769
12245.435133
12246.777657
12247.731067
12248.533046
12249.184663
12249.404345
12251.062738
12251.764351
12252.399185
12252.907988
12253.970148
12254.401903
12255.935280
12256.644744
12257.685994
12258.589880
12258.981295
12259.839527
12260.570538
12261.284784
12262.129447
12263.178003
12264.261436
12264.683402
12265.637093
12266.726534
12267.358330
12268.468175
12269.123543
12269.479073
12270.899255
12271.322111
12271.839509
12272.704342
12274.410546
12275.155928
12275.750391
12276.595115
12277.171308
12277.981154
12278.837355
12279.859208
12280.656993
12281.047099
12282.145260
12283.185647
12284.063479
12284.702921
12285.825000
12286.671186
12287.543087
12287.800027
12288.516943
12289.329015
12290.665969
12291.171958
12292.512669
12293.199395
12294.110846
12294.592761
12295.592922
12296.172678
12297.257745
12298.180457
12298.617711
12299.409512
12300.396366
12300.998852
12302.851706
12303.245027
12303.811932
12304.630933
12305.395672
12306.394147
12306.805033
12307.658219
12308.696801
12309.714217
12310.911375
12311.124434
12311.990881
12313.067273
12313.943678
12314.635198
12315.542254
