812.771108
814.045913
814.870539
816.727737
818.380668
819.204642
820.721898
821.713454
822.197757
824.526293
826.039287
826.905810
828.340174
829.437010
830.895884
831.799777
833.003640
834.651915
836.693576
837.347335
838.249021
839.465394
841.036389
842.041354
844.166196
844.805993
846.194769
847.971717
848.489281
849.862274
850.645448
853.163112
854.095511
855.286710
856.484117
857.310740
858.904026
860.410670
861.171098
863.189719
864.340823
865.594664
866.423739
867.693122
868.670494
870.846902
872.188750
873.098978
873.908389
875.985285
876.600825
877.654698
879.380951
880.834648
882.386696
883.430331
884.198743
885.272304
886.852801
888.475566
889.735294
890.813132
892.386433
893.119117
894.886292
895.397919
896.632251
899.221522
899.858884
900.849739
902.243207
903.099674
904.702902
905.829940
907.656729
908.333543
910.186334
911.234951
912.331045
912.823999
914.730096
916.355000
917.825377
918.836535
919.448344
921.156395
922.500629
923.285719
924.773483
926.551552
927.850858
928.663659
929.874092
931.009211
931.852740
934.385306
934.995424
936.228649
937.532925
939.024300
