35599.453592
35600.325212
35601.117650
35601.549136
35602.571597
35603.460118
35603.582333
35604.540753
35605.280981
35606.203448
35606.568263
35607.695143
35608.702616
35609.290618
35610.015529
35610.376306
35611.074420
35611.619193
35612.657027
35613.218687
35614.223828
35614.397197
35616.217282
35616.286268
35617.001272
35617.993440
35618.214269
35619.367048
35619.890965
35620.951557
35621.320355
35622.026972
35622.439091
35623.374986
35624.029256
35625.448987
35626.105247
35626.696261
35626.969860
35628.313399
35628.618430
35629.307241
35629.779684
35630.596240
35631.630031
35632.382624
35632.969607
35633.653507
35634.621793
35635.144889
35636.140411
35636.813889
35637.510477
35638.174101
35638.751709
35639.548686
35640.043704
35640.714940
35641.584173
35642.362396
35643.673468
35644.046028
35645.099700
35645.372504
35646.009591
35646.386204
35647.838739
35648.334547
35648.848733
35649.779270
35650.165224
35650.976755
35652.248845
35652.607314
35653.317482
35654.383404
35655.170397
35655.614044
35656.303853
35656.801725
35657.657349
35658.168213
35658.799584
35660.068300
35660.876321
35661.503700
35662.091468
35663.028095
35663.559644
35664.230727
35665.204528
35665.553693
35666.401113
35667.251297
35668.027458
35668.387724
35668.809360
35670.112188
35671.248532
35671.920767
