37701.361266
37702.146731
37702.497637
37703.110891
37703.886745
37704.442235
37705.338948
37705.907434
37706.330099
37707.431492
37708.063916
37708.923204
37709.883848
37710.211268
37711.275478
37711.535493
37712.890611
37713.162910
37714.117762
37714.910004
37715.020238
37715.897241
37716.394534
37717.645036
37718.112636
37719.204346
37719.985543
37720.710851
37721.305479
37721.919058
37722.526680
37722.907476
37724.086396
37724.986731
37725.432725
37726.138612
37726.476544
37727.980038
37728.331883
37729.067561
37730.286693
37730.695096
37731.181563
37732.084359
37732.817101
37733.224070
37733.913109
37734.606904
37735.302815
37736.589202
37737.476289
37738.002430
37738.325812
37739.215430
37739.877614
37740.865618
37741.412224
37742.017913
37742.659415
37743.609642
37744.185806
37744.667997
37745.636477
37746.451186
37747.592546
37748.104465
37748.732378
37749.482401
37750.032722
37750.480983
37751.264434
37752.106272
37752.865999
37753.625601
37754.539051
37754.887283
37756.252492
37756.703217
37757.227542
37757.794741
37758.769321
37759.850635
37760.221549
37760.583865
37761.532794
37761.972655
37762.620028
37764.020914
37764.828468
37765.314045
37766.116256
37766.856767
37767.349741
37768.035905
37768.577251
37769.628562
37770.070968
37770.839588
37771.768023
37772.443128
