72306.139892
72306.481268
72307.035182
72307.647226
72308.675201
72309.524690
72310.400498
72310.810948
72311.360795
72311.899368
72312.748715
72313.399216
72314.050812
72314.855552
72315.521073
72315.795136
72316.608031
72317.065808
72317.918309
72318.931321
72319.698401
72319.960741
72321.244878
72321.587701
72322.101522
72322.878345
72323.277584
72323.838315
72324.444500
72325.629002
72326.372800
72326.540289
72327.320369
72328.396176
72329.019215
72329.562941
72330.007790
72331.117877
72331.560605
72332.194555
72332.925980
72333.459297
72334.136898
72334.686625
72335.106896
72336.040148
72337.095248
72338.145684
72338.309638
72339.110056
72339.609382
72339.916045
72340.992677
72341.688024
72342.098006
72342.900794
72343.421474
72344.191521
72345.056139
72345.587107
72346.261859
72347.036829
72347.570897
72348.808640
72349.107133
72349.625585
72350.539083
72350.807583
72351.530801
72351.960284
72353.151131
72353.202978
72354.517334
72355.396658
72355.655564
72356.469082
72357.370745
72357.840807
72358.237057
72358.744679
72359.768173
72360.657692
72361.105123
72361.623568
72362.339146
72362.601249
72363.757940
72364.490522
72365.590264
72365.915043
72366.401313
72367.316063
72367.950579
72368.468917
72368.959474
72369.480084
72370.441522
72371.041320
72371.555163
72372.788479
