70084.972083
70085.578130
70085.933673
70086.657637
70087.225236
70088.180639
70089.358930
70089.598044
70090.605705
70091.172202
70091.612184
70092.255656
70093.028606
70093.488749
70094.125900
70095.083726
70095.361503
70096.429093
70097.081663
70097.690721
70098.399542
70098.942802
70099.806385
70100.692859
70101.233154
70101.978558
70102.451989
70102.563448
70104.032086
70104.248959
70104.902773
70105.238064
70106.669898
70107.355467
70108.131151
70108.623077
70109.342299
70109.717960
70110.381893
70111.058637
70111.864128
70112.674935
70113.212629
70113.660726
70114.546291
70114.874645
70115.807821
70116.980123
70117.391604
70117.804405
70118.801961
70119.500434
70120.139503
70120.536899
70121.152189
70121.676251
70122.237561
70123.324985
70124.021104
70124.899224
70125.259138
70126.326521
70126.662906
70127.411458
70128.105092
70128.578805
70129.590150
70129.962734
70130.875305
70131.179670
70131.976239
70132.560899
70133.327593
70133.803339
70135.038812
70136.022708
70136.331567
70136.804472
70137.517746
70137.857872
70138.993917
70139.191178
70140.100382
70140.896201
70141.213213
70142.090202
70143.088585
70143.788978
70144.251050
70144.668541
70145.644186
70146.476083
70147.046780
70147.539599
70148.378346
70149.106203
70149.199802
70149.776009
70150.963040
70151.394774
