49847.299628
49847.843734
49848.904003
49849.754327
49849.947113
49851.067196
49851.412347
49852.007148
49852.751802
49853.059109
49854.076151
49855.082462
49855.673194
49856.379771
49857.137264
49857.877664
49858.639084
49859.108787
49859.785526
49860.482926
49861.293423
49862.168329
49862.539164
49863.176784
49863.676989
49864.330000
49865.904217
49866.112402
49867.162359
49867.896210
49868.255605
49868.722651
49869.694762
49870.202912
49870.942968
49871.486856
49872.655581
49872.748274
49873.887123
49874.770867
49875.423092
49875.814222
49876.397272
49877.755717
49878.249210
49878.847618
49879.404655
49879.713799
49881.004462
49881.161591
49881.902588
49882.907448
49883.830142
49884.500290
49885.517773
49885.842802
49886.226625
49887.152593
49887.785337
49888.229935
49889.329643
49890.029295
49890.474939
49891.334028
49891.704474
49892.625874
49893.673198
49894.431105
49894.898516
49895.569248
49896.293203
49897.091604
49897.599769
49898.255203
49898.612881
49899.368602
49900.311414
49901.392434
49902.252484
49902.381475
49903.396952
49903.863564
49904.746081
49905.201919
49905.989730
49906.996614
49907.371055
49907.888221
49908.540943
49909.708062
49909.868964
49910.843757
49911.769754
49912.742046
49913.213964
49913.883329
49914.529893
49914.949123
49915.389645
49916.427731
