71700.629443
71701.667227
71702.657729
71703.184854
71703.582948
71704.657984
71705.079854
71705.776134
71706.154891
71706.748645
71707.589138
71708.535609
71709.163095
71709.500409
71710.199028
71710.822434
71711.828210
71712.538235
71713.269740
71713.977013
71714.460671
71715.115783
71715.927380
71716.385600
71716.787968
71717.592814
71718.333035
71718.842775
71719.752537
71720.911575
71721.392367
71722.032578
71722.235611
71723.085423
71723.919507
71724.412070
71725.614376
71725.709327
71726.435849
71726.782876
71727.930603
71728.363359
71729.150446
71729.735939
71730.833475
71731.648355
71732.020018
71732.901207
71732.915909
71734.097021
71734.410986
71734.763425
71735.993096
71736.571727
71737.194852
71737.954932
71738.814273
71739.208692
71740.171312
71740.700882
71741.555726
71741.743235
71742.810431
71743.334661
71744.181059
71744.620784
71745.185935
71745.615017
71746.219609
71747.686597
71748.424945
71748.736296
71749.680087
71750.122072
71750.620770
71751.522847
71751.992102
71752.495264
71753.437289
71754.018082
71754.681628
71755.381029
71756.084134
71756.782568
71757.597135
71758.164368
71758.631085
71760.057008
71760.372276
71760.738464
71761.476801
71761.763748
71762.835261
71763.364598
71763.852737
71764.814238
71765.564145
71766.428903
71767.174828
71767.827658
