40362.480037
40363.505852
40363.753878
40364.577163
40365.544736
40366.488174
40367.158999
40367.986614
40368.795701
40369.017605
40369.915107
40369.976305
40371.217260
40372.011472
40372.732381
40373.214969
40374.050695
40375.083516
40375.822447
40376.339948
40376.882672
40377.739901
40378.749357
40379.237648
40379.831569
40380.689861
40380.873572
40381.717173
40382.510090
40383.502153
40384.647561
40385.233361
40385.703252
40386.064413
40387.351113
40387.714824
40388.197241
40389.269841
40389.601906
40390.708335
40391.345215
40391.923516
40392.895647
40393.247853
40394.298471
40395.472869
40395.839275
40396.197200
40397.084128
40397.836436
40398.431759
40398.851415
40399.680957
40400.651353
40401.244987
40402.575228
40402.934741
40403.657109
40404.337641
40404.874370
40405.442316
40406.399116
40407.380132
40407.932021
40408.265773
40409.024484
40409.586666
40410.873280
40411.568497
40412.121368
40413.143922
40413.694665
40414.469402
40415.071161
40415.560220
40416.047321
40417.026643
40417.591580
40418.708494
40419.262100
40420.156078
40420.886653
40421.375351
40422.281426
40422.789343
40423.929909
40424.232821
40425.134770
40425.374365
40426.614284
40427.038402
40427.581077
40428.106338
40429.960255
40430.141758
40431.075927
40431.567272
40432.264430
40432.542556
40433.687385
