39357.725824
39358.400595
39359.301669
39360.646108
39361.226163
39361.635539
39362.380654
39362.887289
39363.486680
39364.415824
39365.303805
39365.547725
39366.544010
39367.105297
39368.223654
39368.974872
39369.422490
39369.993833
39371.269420
39371.692173
39372.465665
39373.122361
39373.959422
39374.154233
39374.760691
39375.902725
39376.339068
39377.807394
39378.217777
39378.980955
39379.564225
39380.462431
39381.004379
39381.660359
39381.936052
39383.205902
39384.157829
39384.357429
39385.171808
39385.578892
39386.939152
39387.333726
39388.614988
39389.024855
39389.602037
39390.349019
39391.318474
39391.443721
39392.266158
39392.934460
39393.723213
39394.467519
39395.547452
39396.408960
39396.934220
39397.665497
39397.898413
39398.848506
39399.914786
39400.557693
39400.969139
39401.707100
39402.193103
39403.384927
39403.579731
39404.665037
39405.539287
39406.316062
39407.352156
39407.676826
39408.190364
39408.835354
39409.642666
39410.128464
39411.126562
39411.706131
39412.732937
39413.288831
39413.927936
39414.938314
39415.620809
39416.235796
39416.843929
39417.774076
39418.401647
39418.993878
39419.866801
39420.446684
39420.684136
39421.400725
39423.295921
39423.463284
39424.166759
39425.178236
39425.338599
39426.295337
39427.029393
39427.346085
39428.439591
39429.008921
