10727.364126
10728.150611
10728.690112
10730.170202
10730.484527
10731.337454
10732.212541
10733.540894
10734.088802
10734.911132
10736.009535
10737.045722
10737.410697
10738.114245
10738.811983
10739.581852
10740.905583
10741.711031
10742.765995
10743.585907
10744.334315
10745.130273
10745.596529
10746.898362
10747.604657
10748.264489
10749.272953
10749.959458
10750.503026
10752.193714
10752.949696
10753.868045
10754.305210
10755.020776
10756.007233
10756.752201
10757.549386
10758.092368
10759.751941
10760.369746
10761.197476
10761.941425
10762.726182
10763.741757
10764.687311
10765.384411
10765.905447
10766.817353
10767.509970
10768.458477
10770.067758
10770.322522
10771.519953
10772.318539
10773.001880
10773.364091
10774.252826
10775.515512
10776.512519
10776.775446
10777.775938
10779.126145
10779.647249
10780.599126
10781.610299
10782.133758
10783.196760
10783.955962
10784.171877
10785.388003
10785.987902
10787.591261
10788.537229
10789.133068
10789.685025
10790.398744
10791.719799
10792.207102
10792.989718
10794.065287
10794.505480
10795.714143
10796.492895
10797.192951
10798.760767
10799.414421
10799.773324
10800.797894
10801.441251
10802.116676
10802.991801
10804.098483
10805.016827
10805.914105
10806.948025
10807.573608
10808.312525
10809.048027
10810.051100
10811.075854
