49497.295644
49497.653983
49498.603924
49498.984995
49500.248080
49500.582077
49501.357314
49501.754511
49503.301576
49503.622182
49504.159012
49504.777036
49505.761187
49506.616646
49507.168862
49507.703800
49508.378355
49508.822421
49509.429244
49510.442105
49511.090130
49512.250158
49512.785485
49513.681074
49513.948358
49514.820916
49515.433223
49515.944938
49516.851792
49517.344925
49518.222257
49518.975068
49519.591298
49520.169199
49520.779538
49521.791858
49522.959124
49523.149088
49524.054520
49524.564104
49525.123763
49525.837725
49526.787172
49527.043193
49527.586595
49528.564334
49529.624976
49530.450454
49530.983153
49531.517414
49532.408967
49532.954808
49533.268480
49534.622070
49535.214886
49535.694143
49536.163607
49536.970964
49537.662611
49538.282056
49539.505735
49540.125695
49540.561050
49541.868455
49542.088785
49542.960697
49543.231878
49543.787472
49544.582774
49545.559239
49546.256884
49546.829847
49547.603059
49548.488733
49549.161729
49549.720129
49550.683569
49550.995994
49552.021811
49552.675846
49553.153939
49553.837711
49554.666341
49555.202135
49555.469349
49556.592888
49557.835754
49558.644851
49558.982146
49559.602328
49559.965591
49561.036177
49561.751324
49562.099961
49562.950795
49563.683317
49564.387672
49565.008551
49565.971369
49566.504536
