44141.003430
44141.878336
44142.778987
44143.257323
44143.984940
44144.342895
44145.257202
44146.376573
44147.313830
44147.969885
44148.184666
44149.003635
44149.668015
44150.581902
44151.040228
44151.265960
44152.630163
44153.131410
44153.926654
44154.944990
44155.640899
44156.146069
44156.637393
44157.506218
44158.437861
44159.024661
44159.789715
44160.463880
44160.633977
44161.405406
44162.429691
44163.081265
44164.153579
44164.584511
44165.821662
44166.236543
44166.837288
44167.207687
44168.234217
44168.444603
44169.523529
44170.475978
44170.935404
44171.415113
44172.512414
44173.152685
44173.846104
44174.677083
44175.525768
44175.954398
44176.885597
44177.289539
44177.965928
44178.925496
44179.388677
44179.591912
44180.635822
44182.359798
44182.418479
44183.196663
44183.785903
44184.499772
44185.059750
44186.042454
44186.473463
44187.312522
44188.009689
44188.500428
44189.477189
44190.045322
44190.624762
44191.709129
44192.566293
44192.999468
44193.978776
44194.711258
44195.156837
44195.469237
44196.279653
44197.033521
44197.893633
44198.561789
44199.519680
44199.993365
44201.143131
44201.602680
44202.385556
44202.861064
44203.248042
44204.730697
44205.086812
44205.698235
44206.466027
44206.770775
44207.624792
44208.429876
44209.453795
44210.499405
44210.808236
44211.640245
