4025.583199
4026.602759
4027.866297
4028.247172
4029.195557
4030.383280
4030.916107
4031.654311
4033.374476
4034.520820
4035.105599
4036.079389
4037.126014
4038.290698
4038.948310
4039.857819
4040.940563
4041.464677
4042.702480
4044.322287
4045.055147
4046.214784
4046.738210
4047.468044
4048.380709
4049.973704
4050.431390
4051.384379
4052.997625
4053.566272
4054.690712
4055.477852
4056.996361
4057.428904
4057.993493
4059.085428
4060.048996
4061.743933
4062.850288
4063.157725
4064.358380
4065.178475
4066.109592
4067.074106
4068.083223
4068.969297
4070.281912
4070.603677
4072.705128
4073.126450
4074.087681
4074.817064
4075.741346
4076.719781
4077.413345
4078.922771
4080.108304
4081.066083
4081.698568
4082.588348
4083.630042
4084.942883
4085.515370
4086.379221
4086.967478
4088.781881
4089.730285
4090.591265
4091.910846
4092.297206
4093.248362
4093.905911
4095.137930
4096.510847
4097.063684
4098.475186
4099.244845
4100.107534
4101.578447
4102.037362
4102.825941
4104.141331
4104.613098
4105.512852
4107.327219
4108.624233
4108.852443
4109.710931
4110.634319
4111.859845
4112.667206
4113.485989
4114.687567
4115.615773
4116.813980
4117.600710
4118.974352
4119.596332
4120.634210
4121.348656
