14285.393312
14286.874518
14287.338726
14288.363922
14289.434330
14289.813855
14290.198761
14291.135089
14292.176064
14292.835703
14293.935461
14294.484140
14295.458070
14296.344439
14297.129813
14298.098113
14298.833568
14299.588795
14300.273296
14301.018695
14301.938178
14302.531441
14302.880594
14305.056677
14305.391054
14306.149387
14306.938064
14307.417735
14308.550649
14309.185228
14309.976471
14310.975220
14311.411075
14312.495657
14313.167879
14314.306805
14314.915656
14316.251519
14316.570501
14317.690463
14318.128917
14318.830553
14319.282465
14320.568477
14321.550779
14322.141077
14323.322064
14324.202710
14324.764269
14325.499656
14326.151358
14327.161098
14328.167196
14328.858421
14329.265337
14329.979066
14331.089677
14332.091740
14333.216148
14334.192466
14334.303079
14335.148928
14336.164439
14336.920719
14337.194967
14338.605927
14338.945818
14340.578000
14340.932401
14341.931788
14342.305208
14343.592516
14344.584373
14345.027622
14345.640661
14346.594604
14347.369475
14347.866163
14348.830323
14350.100311
14351.112036
14351.711493
14352.451908
14353.284169
14353.684133
14354.455608
14355.720935
14356.381601
14357.168412
14357.749232
14358.672633
14360.065038
14360.569543
14361.150138
14362.329596
14363.168897
14363.632647
14364.351343
14365.061440
14365.668694
