49777.445383
49777.870579
49778.626577
49779.026072
49780.028502
49780.985436
49781.571120
49781.816322
49782.544528
49783.585915
49784.532787
49784.975208
49785.723987
49786.398784
49787.516756
49787.727391
49788.438862
49789.169613
49789.582104
49790.094598
49791.093977
49792.151510
49792.629539
49793.688543
49794.257844
49794.741253
49795.447525
49796.046777
49797.088540
49797.593572
49797.988681
49798.979798
49799.752123
49800.105654
49800.870881
49801.596850
49802.378860
49803.630734
49804.204431
49804.770402
49805.202228
49805.729788
49806.663323
49807.283687
49807.915074
49808.447635
49809.447377
49810.120622
49810.984444
49811.714488
49812.479039
49812.863230
49813.580374
49814.399247
49815.281189
49815.772674
49816.585136
49817.074776
49817.477106
49818.152976
49819.131269
49820.130632
49820.932309
49821.668022
49821.856008
49823.189876
49823.629680
49823.953630
49824.411788
49825.540749
49826.128241
49827.241742
49827.362934
49828.262112
49829.065343
49829.708778
49830.622456
49831.190424
49832.242733
49832.468297
49833.428774
49833.894221
49834.492007
49835.120743
49836.075727
49836.443470
49837.013940
49838.642386
49839.253072
49839.637924
49840.251273
49840.913935
49841.513586
49842.278958
49843.225356
49843.900062
49844.142337
49844.965168
49845.836588
49846.354490
