5541.576351
5542.764646
5543.113256
5544.515208
5545.192999
5545.667895
5546.535304
5548.523919
5549.358839
5549.834823
5550.807899
5551.929911
5552.207947
5553.659789
5554.238599
5555.402430
5556.199245
5557.363922
5558.202004
5559.248178
5560.367211
5561.310135
5561.791548
5562.261884
5563.637870
5564.430162
5565.566217
5566.912177
5567.644318
5568.798580
5568.912933
5570.006356
5571.437867
5572.175581
5572.586024
5573.899529
5574.441283
5576.064762
5577.183679
5577.672276
5578.644644
5579.495916
5580.333270
5581.025573
5581.822277
5583.389191
5584.323740
5585.244570
5585.708717
5587.160081
5587.886525
5588.751061
5589.691727
5590.385173
5591.400963
5591.925240
5593.555617
5594.574594
5595.711374
5596.227736
5596.856616
5597.841768
5598.606006
5600.162150
5600.549747
5601.300750
5603.081362
5603.564840
5604.347254
5605.644654
5606.542579
5607.273178
5608.005403
5608.695582
5609.563895
5611.146743
5612.157114
5613.121400
5613.727896
5614.492287
5615.741026
5616.254524
5617.320271
5618.289089
5619.268082
5619.902394
5621.023391
5622.488604
5623.413625
5623.777120
5624.755579
5625.592184
5626.502242
5627.213187
5628.348462
5629.890648
5630.380502
5631.520288
5632.197465
5632.847100
