48515.711694
48516.592805
48517.164226
48517.865661
48518.662492
48519.313605
48519.568573
48520.396073
48521.075149
48521.673597
48522.802615
48523.527766
48524.317813
48524.790452
48525.618588
48526.313583
48526.583568
48527.945370
48528.462892
48529.013067
48529.337603
48530.364899
48531.091816
48531.486369
48532.400466
48533.157821
48534.408403
48534.911316
48535.542371
48536.048572
48536.502631
48537.415328
48537.791366
48538.941795
48539.549278
48539.908536
48541.076279
48541.459743
48542.666728
48542.990522
48543.748215
48544.619577
48545.237424
48545.839245
48546.723723
48547.358173
48547.835450
48548.363782
48548.827389
48549.927041
48551.120394
48551.649301
48552.535159
48552.736722
48553.582167
48554.474570
48555.048253
48555.362185
48556.150562
48557.284564
48557.763221
48558.365802
48558.917040
48560.010625
48560.460602
48561.342415
48562.305887
48563.017454
48563.449029
48564.122791
48564.748526
48565.261908
48566.054591
48566.697467
48567.545520
48568.112377
48569.097713
48570.192820
48570.655573
48571.184399
48571.504402
48572.432116
48573.348936
48574.048112
48574.732650
48575.328233
48575.575515
48576.651081
48577.229961
48578.018504
48579.151867
48579.793944
48580.259017
48581.354801
48581.614677
48582.196935
48583.139313
48583.442351
48584.167700
48584.950479
