17256.387732
17256.798349
17257.304049
17258.284407
17258.870760
17260.399641
17261.016755
17261.834538
17262.498187
17263.361972
17264.102021
17264.329748
17265.518799
17266.205578
17266.835794
17268.251893
17268.981310
17269.585838
17270.361512
17270.980406
17272.247332
17272.854516
17273.575871
17274.098299
17274.877709
17275.911333
17276.383819
17277.194000
17278.766870
17279.421346
17279.949035
17280.902523
17281.233563
17282.099809
17282.817713
17283.853647
17284.579738
17285.525867
17285.823267
17287.121046
17288.134093
17288.456154
17289.652132
17290.166848
17291.048163
17292.042015
17292.551721
17292.776275
17293.657725
17294.961689
17296.133013
17296.597046
17297.548381
17298.193073
17298.911214
17299.553188
17300.672750
17300.966870
17302.245390
17302.740664
17303.416074
17304.373034
17305.374722
17305.867778
17307.444202
17307.882666
17308.483468
17309.023412
17309.793790
17310.823439
17311.255117
17312.320651
17312.972929
17314.296452
17315.154022
17315.570220
17316.273615
17317.017993
17318.078534
17319.007972
17319.339318
17320.347957
17320.850216
17321.517891
17322.537878
17323.954022
17324.562614
17325.049813
17326.110241
17326.753225
17327.415487
17328.134903
17328.508892
17329.977233
17330.543593
17331.577306
17332.147824
17332.924972
17334.102964
17334.754115
