18441.394114
18442.084755
18442.703369
18443.474762
18444.446854
18445.117028
18445.820233
18447.101523
18447.899059
18448.530478
18448.865121
18450.049527
18451.324097
18451.458617
18452.301190
18452.911102
18453.610559
18454.604573
18455.162542
18456.670911
18457.135778
18458.243128
18458.892341
18459.216671
18460.092063
18461.110621
18461.317347
18462.694949
18463.394606
18464.136708
18464.546460
18465.878502
18466.640873
18467.501920
18468.371111
18468.702214
18469.801131
18470.383018
18471.190795
18471.755898
18472.125834
18473.875404
18474.705676
18475.205994
18476.245954
18476.770730
18477.223125
18478.438161
18479.093216
18479.865993
18480.764289
18481.041040
18482.092509
18483.076573
18483.732872
18484.776182
18485.633201
18486.636198
18487.073807
18487.484907
18488.274216
18489.024760
18490.231869
18490.637964
18491.630479
18492.653137
18493.558954
18494.035204
18494.821782
18495.628594
18496.382090
18497.417038
18497.925120
18498.717048
18499.227353
18500.047534
18500.810929
18502.528160
18503.010953
18503.570945
18504.072549
18505.373673
18505.711238
18506.449617
18507.104096
18508.216990
18508.845889
18509.932698
18510.602932
18511.218963
18512.199598
18513.198778
18513.773429
18514.735402
18515.204711
18515.967221
18516.666652
18517.225264
18518.363866
18519.114647
