18991.145889
18991.699751
18993.079774
18993.536551
18994.643613
18995.038311
18995.860661
18996.357187
18997.563757
18997.811309
18998.553202
19000.053451
19000.870800
19001.595346
19002.229629
19003.053899
19003.563684
19004.110153
19005.494286
19006.205663
19006.606076
19007.451062
19008.053969
19009.506902
19009.948670
19010.988835
19011.558370
19012.631707
19013.331117
19013.742338
19014.470871
19015.015875
19016.073048
19017.056631
19017.944487
19018.780295
19019.640168
19020.099437
19020.851515
19021.929186
19022.572825
19023.116965
19024.168255
19024.766995
19025.419983
19026.267555
19026.939765
19028.321386
19029.532198
19029.647904
19030.149444
19031.054804
19031.884482
19032.609535
19033.282642
19034.072171
19035.186786
19035.655538
19037.096661
19037.373051
19038.071141
19039.011057
19040.156632
19040.383605
19041.550058
19042.212118
19042.351186
19043.252747
19044.341771
19045.539091
19046.312988
19046.774925
19048.010546
19048.457393
19049.042541
19049.720803
19050.494990
19051.688168
19052.295968
19052.933476
19053.673489
19054.647451
19055.605639
19056.315990
19057.312566
19057.904667
19058.595702
19059.310921
19059.868852
19060.872287
19061.455850
19062.042120
19063.714175
19064.453892
19064.893861
19065.649412
19066.295892
19067.033194
19068.330661
19068.693080
