37195.192422
37195.587157
37196.332529
37196.845024
37198.180087
37198.808410
37199.043014
37199.719176
37200.655937
37201.607329
37202.070019
37203.058798
37203.814058
37204.632656
37205.303641
37205.969652
37206.479301
37207.099049
37207.733236
37208.428816
37209.387824
37210.145071
37211.275224
37211.727836
37212.174803
37213.333150
37213.807235
37214.496434
37215.303419
37215.755902
37217.021592
37217.162746
37218.132658
37218.588262
37219.011723
37220.632687
37221.259781
37222.109916
37222.632823
37223.130779
37223.818052
37224.743539
37225.214435
37225.696251
37226.947540
37227.366488
37228.121727
37229.069944
37230.071188
37230.371592
37231.099955
37231.716639
37233.071804
37233.551927
37233.867286
37234.641612
37235.406488
37235.747809
37236.746368
37237.777432
37238.368106
37239.322646
37240.303856
37240.637946
37241.299650
37241.721875
37242.762357
37243.188253
37244.215883
37244.998920
37245.413321
37246.278366
37246.858612
37247.825057
37248.650868
37249.453871
37250.255100
37250.681368
37251.331177
37252.110760
37252.968860
37253.331557
37253.895574
37254.614305
37255.984658
37256.871328
37257.425225
37257.726948
37258.781231
37259.247379
37260.145607
37260.758716
37261.642893
37262.183058
37262.860981
37263.474022
37264.286350
37265.021418
37265.852817
37266.933083
