36035.509540
36036.040393
36036.823829
36037.834272
36038.594015
36038.963063
36039.645750
36040.399474
36040.807520
36042.557546
36043.001606
36043.489049
36044.360567
36045.085212
36045.721452
36046.209740
36047.090063
36047.395152
36048.486011
36049.351083
36049.864238
36051.154650
36051.423403
36052.217946
36052.819649
36053.725689
36054.758850
36055.067774
36055.869772
36056.345861
36056.995436
36057.945656
36058.509698
36059.256145
36060.323376
36061.385538
36061.962008
36062.481172
36062.846080
36063.699373
36064.466644
36065.078842
36066.110148
36066.688455
36067.283209
36067.906601
36069.096622
36069.655056
36070.307027
36071.401092
36071.907715
36072.484782
36073.348188
36074.062867
36074.738667
36075.006546
36075.549532
36076.918347
36077.824712
36078.689821
36079.125910
36079.681765
36080.777266
36081.142960
36081.882458
36082.766850
36083.151726
36084.377821
36084.687745
36085.461170
36085.987210
36087.102020
36087.740594
36088.774260
36089.599960
36090.051986
36090.756701
36091.341102
36091.785203
36092.647272
36093.652231
36094.056589
36094.838163
36095.858048
36096.761605
36097.394543
36098.019040
36098.559441
36099.088225
36100.647470
36100.854476
36101.473004
36102.045301
36102.942343
36103.364546
36104.243384
36105.260309
36106.379434
36106.900972
36107.227744
