27185.892289
27187.114096
27187.297709
27188.478395
27189.135144
27189.847372
27190.223267
27191.668962
27191.913148
27192.433386
27193.158432
27194.144029
27195.432326
27196.055144
27196.882188
27197.330576
27197.907677
27198.747663
27199.447103
27200.028397
27201.054327
27201.928557
27202.124049
27203.361393
27204.401050
27204.854288
27205.367758
27206.267738
27207.497057
27207.902227
27208.658957
27208.912672
27209.945184
27210.316233
27211.506681
27212.293952
27213.307076
27214.089023
27214.639304
27215.617535
27215.807045
27216.697090
27217.378942
27218.348878
27219.073771
27219.615771
27220.602773
27221.166172
27221.748522
27223.155394
27223.880624
27224.348383
27225.373668
27225.540659
27226.571756
27227.288543
27227.857032
27228.423204
27229.245887
27230.627079
27231.486508
27231.839012
27232.450371
27233.421462
27234.107793
27234.564685
27236.003755
27236.251697
27236.753204
27237.724912
27238.283376
27239.164018
27240.117608
27241.102785
27241.628241
27242.613697
27243.459372
27243.615048
27244.462349
27244.828141
27245.922706
27247.071898
27247.354114
27248.151106
27249.232336
27249.998976
27250.677590
27251.239075
27252.118717
27252.945281
27253.660200
27254.300150
27254.969488
27255.661999
27256.133602
27257.022593
27258.395612
27259.150174
27260.092670
27260.170357
