63442.380445
63443.842906
63444.429518
63445.151787
63445.948960
63446.509203
63446.756436
63447.519922
63448.659103
63449.016135
63449.682445
63450.289352
63450.984734
63451.860851
63452.136251
63453.201897
63453.709877
63454.493828
63455.733840
63456.130644
63456.630964
63457.261909
63457.603049
63458.567652
63459.122569
63459.791708
63460.423532
63461.350653
63462.099431
63462.680788
63463.724129
63464.114181
63464.627270
63465.496470
63465.978192
63466.870965
63467.612415
63468.136353
63468.805559
63469.323432
63469.659820
63470.592795
63471.895547
63472.485176
63473.181820
63473.478355
63474.490387
63474.974452
63475.857388
63476.058749
63476.553257
63477.692601
63478.406254
63478.853088
63479.780375
63480.469561
63481.052537
63481.735328
63482.660287
63483.081195
63484.167079
63484.566331
63485.156936
63485.885524
63486.153892
63487.084146
63487.939175
63488.184126
63489.088506
63490.263598
63491.206326
63491.426490
63491.860564
63492.693379
63493.283443
63493.729436
63494.867392
63495.606409
63495.991378
63496.353732
63497.442283
63497.968608
63498.874000
63499.401055
63500.612165
63500.764652
63501.735719
63502.470601
63502.700482
63503.755036
63504.172167
63504.501309
63505.185409
63506.326036
63507.028475
63508.002068
63508.382606
63508.950211
63509.863379
63510.495815
