47953.892520
47954.540396
47955.032124
47955.964673
47956.957129
47957.445154
47958.039446
47958.377587
47959.052005
47960.063140
47960.481917
47961.578990
47962.780919
47963.038393
47963.553401
47964.679472
47964.939476
47965.646229
47966.286069
47967.140818
47967.706069
47968.533220
47969.253732
47969.986845
47970.392806
47971.297642
47972.148317
47973.185063
47973.702368
47974.404133
47974.487683
47975.741227
47976.267866
47976.670028
47977.626747
47977.885120
47979.123458
47980.072169
47980.708355
47981.443261
47981.909385
47982.548903
47983.154479
47984.095310
47984.776398
47985.441396
47986.272035
47986.576788
47987.093245
47988.061544
47989.135186
47989.749680
47990.293812
47991.404015
47991.971830
47992.634837
47992.974739
47993.775826
47994.300517
47994.837928
47996.164943
47996.704612
47997.117960
47998.202131
47998.898844
47999.761673
47999.956434
48000.922935
48001.798014
48002.311087
48002.933971
48003.669666
48004.341886
48004.976148
48005.482248
48006.052073
48007.477153
48008.380078
48008.816686
48009.466299
48010.019203
48010.385383
48011.697902
48011.931686
48012.624014
48013.575021
48013.986074
48014.853540
48015.877191
48016.231288
48016.948155
48017.910055
48018.544141
48019.266438
48020.137367
48020.638939
48021.178105
48021.678743
48022.441881
48023.103448
