28905.888036
28906.541337
28906.977590
28907.925199
28908.848758
28909.483786
28910.304626
28911.086569
28911.564957
28912.471248
28913.431793
28913.622544
28914.264745
28915.134871
28915.855043
28917.274494
28917.785635
28918.841558
28919.215878
28919.582003
28920.472469
28921.411574
28921.987429
28922.866093
28923.532236
28924.031073
28924.938843
28926.176022
28926.551376
28926.968770
28928.518487
28929.075253
28929.603188
28930.256465
28930.970935
28931.412765
28932.388866
28932.952027
28934.021145
28934.936903
28935.643019
28936.515931
28937.005330
28937.792821
28938.336019
28939.389433
28939.670383
28940.929828
28941.618986
28941.813671
28942.792137
28943.219866
28944.782078
28945.651504
28945.933314
28946.820180
28947.372936
28948.395291
28948.705411
28949.423288
28950.143013
28950.980184
28951.842808
28952.949934
28953.333115
28954.230982
28954.974025
28955.496533
28956.359238
28957.496256
28957.916379
28958.491214
28958.942030
28959.957547
28960.723484
28961.267280
28962.461029
28963.324655
28964.136777
28964.774517
28965.362100
28965.929344
28966.343077
28967.515095
28968.449189
28968.936010
28969.415521
28970.684074
28971.079397
28972.113528
28972.896667
28973.565973
28974.362359
28975.160209
28975.669451
28976.447717
28977.295804
28977.546979
28978.152107
28979.409611
