52428.974631
52429.610784
52430.708740
52431.232436
52432.141873
52432.504694
52433.291692
52433.810041
52435.160129
52435.495477
52435.994649
52436.490152
52437.026691
52438.141885
52438.473654
52439.708354
52440.518671
52441.042951
52441.775901
52442.666556
52442.914006
52443.557211
52444.275524
52444.948320
52445.848125
52446.460766
52447.123318
52447.775806
52448.607288
52449.154659
52449.957347
52451.083917
52451.505888
52452.299623
52452.689062
52453.221171
52454.358990
52454.770987
52455.128384
52455.970731
52456.675383
52457.949451
52458.765421
52459.047949
52459.870874
52460.260986
52460.996011
52461.918695
52462.533405
52463.136367
52463.919784
52464.544541
52465.181345
52465.470280
52466.815292
52467.514907
52467.987741
52469.128395
52469.590254
52470.434114
52470.775848
52471.645921
52471.951579
52472.462529
52473.546539
52474.494884
52475.038569
52475.498380
52476.627039
52477.255386
52478.042110
52478.419224
52479.018831
52480.305875
52480.455731
52481.227393
52482.145758
52482.515454
52482.974459
52483.815952
52484.591389
52485.756612
52486.622763
52487.104373
52487.490607
52488.223133
52488.858870
52489.578419
52490.242046
52491.088236
52491.461703
52492.158479
52493.422478
52493.711502
52494.585315
52495.140711
52495.827621
52496.955832
52497.355254
52498.189234
