24619.424062
24620.205668
24621.336158
24622.196670
24622.606673
24623.699669
24624.147225
24624.802749
24625.195041
24626.187346
24627.073839
24627.994397
24628.706137
24629.397523
24630.382627
24631.209497
24631.661448
24632.550497
24632.985491
24634.457502
24634.777627
24635.228758
24635.963669
24636.861967
24637.399118
24639.050759
24639.586808
24640.178195
24640.977567
24641.585634
24642.280165
24642.898727
24643.814598
24644.672789
24645.042453
24646.091947
24647.093056
24647.805444
24648.261667
24649.084241
24650.382200
24650.913806
24651.438680
24652.377806
24652.515468
24653.648829
24654.332938
24654.887449
24656.060688
24657.135305
24657.769420
24658.462348
24659.141072
24659.624504
24660.534837
24661.157909
24662.143725
24663.017102
24663.472029
24664.095277
24664.763817
24666.338523
24666.630268
24667.636843
24668.274402
24669.089029
24669.579986
24670.768350
24670.999570
24671.250910
24672.536356
24673.640694
24674.378038
24675.073784
24676.046290
24676.456770
24677.208384
24678.024043
24679.038454
24679.609705
24680.041647
24681.045481
24681.736502
24682.199250
24683.370008
24684.046827
24685.253490
24686.135166
24686.495060
24687.028901
24687.630474
24688.565093
24689.269104
24690.274071
24690.728394
24691.477319
24692.871720
24693.093503
24694.154685
24694.730706
