63375.199334
63375.596349
63376.021667
63376.539902
63377.770294
63378.188394
63378.453280
63379.067957
63380.097227
63381.174635
63382.150809
63382.327655
63383.064972
63383.529446
63384.171425
63385.149140
63385.470836
63386.397942
63386.991952
63387.656617
63388.275541
63388.933657
63389.666914
63390.674694
63391.188165
63391.772500
63392.777653
63393.339389
63394.093607
63394.540383
63394.925471
63395.774690
63396.075823
63397.262104
63398.082312
63398.481730
63399.600065
63400.032597
63400.810794
63401.596022
63402.080201
63402.307215
63403.462649
63404.286984
63404.742636
63405.369400
63405.886404
63406.683833
63407.237830
63407.985963
63409.268710
63409.886870
63410.346728
63410.918205
63411.640647
63412.149202
63412.848425
63413.515327
63414.173072
63414.874439
63415.307697
63416.550324
63417.372941
63417.664410
63418.467283
63418.798866
63420.043664
63420.495843
63421.210196
63421.931591
63422.539220
63422.781718
63423.750823
63424.359486
63424.874789
63425.823883
63426.940174
63427.497290
63427.962157
63428.874932
63429.433251
63429.861859
63430.461626
63431.051534
63432.015181
63432.835168
63433.467572
63433.944583
63434.270453
63435.682529
63436.201304
63436.857740
63437.617557
63438.236839
63438.911346
63439.639216
63440.331236
63440.714639
63441.225924
63442.155003
