29129.379916
29129.763756
29130.390396
29131.137320
29131.907350
29132.715034
29133.207630
29134.409937
29135.550932
29135.937372
29136.853294
29137.137475
29137.770546
29138.755039
29139.577580
29140.070149
29141.271547
29141.628474
29142.010561
29143.228710
29144.139162
29144.820778
29145.757762
29146.347660
29146.907551
29147.932397
29148.393078
29149.080912
29149.552091
29150.157552
29151.804831
29152.213588
29153.030226
29153.735592
29154.632679
29155.012132
29155.876649
29156.836054
29157.219332
29158.133850
29158.855531
29159.570915
29159.890977
29161.074315
29161.750236
29162.856095
29163.787610
29164.196614
29165.061577
29165.376322
29165.948306
29166.964181
29167.850368
29168.347941
29169.162718
29169.896277
29171.185065
29171.638012
29172.177503
29172.983681
29173.737030
29174.821385
29175.369740
29175.882960
29176.589041
29177.154667
29178.026093
29178.598931
29180.048114
29180.810464
29181.506578
29181.655373
29183.050744
29183.320746
29184.163370
29184.485989
29185.672141
29186.402634
29187.054604
29188.099189
29188.294367
29189.253419
29190.432763
29191.095898
29191.816054
29192.242524
29193.378858
29193.643837
29194.418417
29195.200865
29195.651205
29196.727961
29197.631590
29198.776498
29199.268869
29199.761089
29200.616562
29201.104019
29201.829359
29203.268277
