49287.081899
49287.915887
49288.615061
49289.345482
49289.921265
49290.464835
49291.226057
49291.624124
49292.516969
49293.113491
49294.248869
49294.865513
49295.741540
49296.602154
49297.037562
49297.369278
49298.194457
49298.606412
49299.916565
49300.422781
49301.009251
49301.572048
49302.353184
49303.033107
49304.204346
49304.763577
49305.077854
49306.353927
49306.827679
49307.645835
49307.773746
49308.812554
49309.370183
49309.854528
49310.461751
49311.721280
49312.635837
49313.223167
49313.692606
49314.456297
49315.028048
49315.938773
49316.406457
49317.434301
49317.683185
49318.384050
49319.559290
49319.796893
49320.471997
49321.044503
49322.438541
49322.963400
49323.890176
49324.396607
49324.852812
49325.520030
49326.334937
49326.698256
49327.506013
49328.360671
49329.214835
49329.493581
49330.780877
49331.323027
49332.039310
49332.798920
49333.098379
49333.918433
49335.074075
49335.434039
49336.356652
49336.620153
49336.929420
49338.011199
49338.820009
49339.762817
49340.541264
49341.297856
49341.831588
49342.505272
49343.228271
49343.712907
49344.353362
49344.925643
49346.052985
49346.612444
49347.116046
49348.029962
49348.969910
49349.216570
49350.024677
49351.217998
49351.918922
49352.097467
49352.912221
49353.592232
49354.217483
49355.090601
49355.329544
49356.182268
