49427.130358
49427.471008
49428.640856
49429.022805
49430.041063
49430.487733
49431.559975
49432.589015
49433.130878
49433.402835
49434.033063
49434.895629
49435.359371
49436.008137
49437.041614
49437.590705
49438.269273
49439.237886
49439.853312
49440.606056
49441.332422
49441.825846
49442.705406
49443.233728
49444.158488
49444.787373
49445.251532
49446.043103
49446.517102
49446.819361
49448.644773
49449.147262
49449.777267
49450.334789
49451.089091
49451.869015
49452.264570
49453.012020
49453.568842
49454.505593
49455.038615
49455.970668
49456.579480
49457.125898
49458.164252
49458.661381
49459.520936
49460.178197
49461.286359
49461.663630
49461.894272
49462.748958
49463.351568
49464.273540
49464.835548
49465.350625
49466.781986
49467.145647
49468.222953
49468.698841
49469.253958
49469.503565
49470.502168
49471.536739
49472.012015
49472.759575
49473.148805
49473.971899
49474.570178
49475.529489
49476.218377
49477.226178
49477.898013
49478.284390
49479.126602
49479.806085
49480.445826
49480.839652
49481.624835
49482.071799
49483.243293
49484.138622
49484.707436
49485.472064
49485.892823
49486.836134
49487.443379
49488.345975
49488.787138
49489.292326
49490.458843
49490.924116
49491.345400
49491.952652
49492.965841
49493.488206
49494.896915
49495.369201
49496.036338
49496.588052
