50267.040217
50267.723372
50268.586991
50269.071959
50269.510443
50270.045616
50270.676124
50271.881977
50272.470451
50273.448744
50274.069194
50274.612956
50275.541425
50275.989615
50276.721364
50277.193693
50278.287053
50278.706289
50279.539617
50280.150606
50280.575299
50281.448074
50282.300916
50282.806793
50284.394541
50284.644382
50285.131792
50285.655007
50286.540816
50287.021474
50287.749141
50288.494905
50289.174658
50289.765658
50290.591014
50291.957365
50292.127822
50292.660269
50293.464422
50294.096857
50295.288719
50295.508799
50296.314606
50297.082856
50297.467374
50298.083183
50298.788801
50299.573151
50300.708054
50301.398352
50302.090182
50302.669206
50303.375932
50304.151356
50304.560599
50305.127262
50305.706258
50306.957815
50307.408681
50308.377935
50308.489656
50309.385524
50310.542675
50310.972914
50311.916143
50312.320799
50313.230762
50313.872910
50314.443697
50314.937591
50315.815651
50316.405860
50316.655901
50318.028575
50318.935660
50319.580530
50320.272003
50320.989296
50321.229675
50321.862798
50322.983236
50323.609890
50324.465286
50324.610990
50325.338806
50326.389566
50327.018159
50327.506548
50328.625358
50329.150684
50330.107434
50330.962716
50331.294086
50331.818129
50332.364646
50333.220942
50333.857752
50334.457287
50335.386304
50336.353431
