41436.236182
41436.936301
41438.030791
41438.078167
41438.901539
41439.240128
41440.006149
41441.063842
41441.865513
41441.985619
41443.335633
41443.656174
41444.720432
41445.570067
41445.844573
41446.890350
41447.398874
41448.304130
41449.099585
41449.378458
41450.284166
41450.754592
41451.529080
41451.826990
41453.712079
41454.135313
41454.763523
41455.105924
41456.284591
41456.721544
41457.295756
41458.102888
41458.726036
41459.439342
41460.401547
41460.958963
41461.545768
41462.346300
41463.231002
41463.895013
41465.010010
41465.384782
41466.064617
41466.912895
41467.236194
41467.867498
41468.614077
41469.671614
41469.904942
41471.146327
41471.787608
41472.929351
41473.410487
41473.659280
41474.442971
41475.138287
41476.222678
41476.789329
41477.538546
41478.031777
41478.406598
41479.364718
41480.564440
41480.805404
41482.031457
41482.744873
41483.308401
41483.843018
41484.620326
41485.294742
41485.909770
41486.221365
41487.353303
41488.180324
41488.947975
41489.707033
41490.451967
41490.862011
41491.763325
41492.658522
41493.468435
41493.644901
41494.470406
41495.419973
41496.009144
41496.446456
41497.086391
41497.865158
41499.272816
41499.811028
41500.723138
41501.002902
41501.709824
41502.356355
41503.089520
41503.628970
41504.616471
41505.468998
41505.718708
41506.522424
