8498.955065
8499.848538
8500.587623
8501.302755
8501.908544
8503.528225
8504.088873
8505.263513
8506.184467
8506.655630
8507.568430
8508.341839
8509.205092
8509.605168
8511.168181
8512.237298
8513.180504
8513.428366
8514.603122
8515.510306
8516.520710
8517.066793
8517.836912
8518.994229
8519.543241
8520.204192
8521.698529
8522.883461
8523.581766
8524.072959
8525.192740
8525.580145
8526.384967
8527.801285
8528.335279
8529.165725
8530.392088
8531.215969
8532.311647
8532.610707
8533.780194
8535.042150
8535.467449
8536.033310
8536.749664
8537.778374
8539.057118
8540.192595
8540.966649
8541.539982
8542.565392
8543.339096
8543.751519
8545.303334
8545.618122
8546.691491
8547.709108
8548.380388
8549.305495
8550.742265
8551.451183
8552.036847
8552.704688
8553.657695
8554.540035
8555.129548
8556.062209
8557.527026
8558.612656
8558.923460
8559.960124
8560.426167
8561.800541
8562.354829
8563.582511
8563.910392
8564.757382
8565.618743
8567.204607
8567.744539
8568.746748
8569.695230
8570.473144
8570.946215
8571.818896
8572.426464
8573.882934
8574.913003
8575.175968
8576.708934
8577.398701
8577.971246
8579.236900
8579.917964
8580.702003
8581.556354
8582.296736
8582.982426
8583.913021
8585.651463
