69747.795597
69748.397280
69749.146703
69749.705469
69750.061539
69750.662917
69751.695447
69752.488585
69753.264921
69754.043784
69754.473521
69755.092121
69755.908067
69756.467843
69757.023070
69758.269786
69758.446622
69759.024626
69759.591723
69760.404104
69761.143072
69761.612406
69762.543645
69763.326270
69764.355987
69764.808855
69765.349723
69765.954443
69766.552510
69766.870631
69767.759846
69768.838317
69769.250827
69769.676805
69770.501001
69771.575801
69772.134323
69772.502839
69773.611707
69773.965088
69774.727594
69775.484762
69776.202937
69776.769521
69777.149686
69777.995695
69778.511618
69778.827610
69780.208316
69781.131379
69781.805617
69782.218852
69782.552563
69783.635258
69784.237492
69784.735091
69785.296548
69785.981024
69786.875369
69787.500503
69788.109118
69788.862408
69789.225507
69790.398532
69790.786605
69791.905986
69792.367868
69793.165545
69793.497869
69794.296399
69794.696089
69795.458383
69796.053411
69796.729841
69797.573244
69798.393424
69798.954715
69800.185573
69800.560461
69800.868682
69801.484769
69802.136852
69803.199254
69803.975666
69804.196865
69805.052819
69805.558157
69805.975382
69806.912691
69807.974889
69808.355101
69809.319695
69809.987682
69810.651043
69811.197959
69811.811616
69812.205245
69813.238119
69813.466034
69814.147173
