38350.097903
38350.980210
38351.500963
38351.911902
38353.691016
38354.257901
38354.869814
38355.379883
38355.934805
38357.092074
38357.440580
38358.008363
38358.808630
38359.673574
38360.409049
38360.980724
38361.970858
38362.594829
38363.081482
38364.320245
38364.962065
38365.486155
38366.396190
38366.942526
38367.608342
38367.792841
38369.003885
38369.542478
38370.449878
38371.283818
38372.219463
38373.006679
38373.519435
38374.079943
38374.650851
38375.346616
38376.340392
38377.405440
38377.646804
38377.940971
38379.000486
38379.682012
38380.807076
38381.299086
38382.381980
38382.883154
38383.670284
38384.187592
38384.918891
38385.500821
38386.210274
38386.697179
38387.628434
38388.661545
38389.556577
38389.967971
38390.728827
38391.437782
38392.032011
38393.181080
38393.596974
38394.284899
38394.724873
38395.902978
38396.393920
38396.824632
38397.472186
38398.756784
38399.717336
38400.281815
38401.070295
38401.492227
38402.161201
38402.742859
38403.523404
38404.289951
38405.058526
38405.791640
38406.461109
38407.101821
38408.146649
38409.107806
38409.382261
38409.838140
38411.219846
38411.842930
38412.222186
38413.152909
38413.470145
38413.976139
38414.949193
38415.959278
38416.790967
38417.771933
38417.989264
38419.094848
38419.511521
38420.207987
38420.723255
38421.661670
