48375.131778
48375.944973
48376.567401
48377.018024
48377.602854
48379.266119
48379.679913
48380.455537
48380.933852
48381.543412
48382.420098
48382.993309
48383.516206
48384.276539
48384.821176
48385.877134
48386.538411
48387.240138
48387.723270
48388.759178
48389.201638
48390.340079
48390.901506
48391.427936
48392.262555
48392.757931
48393.422493
48393.926970
48394.700892
48395.513680
48396.190881
48397.236043
48398.184139
48398.540451
48399.268756
48399.847071
48400.424136
48400.893586
48402.214717
48402.825106
48403.230171
48403.907486
48404.291735
48405.563487
48406.244777
48406.849590
48407.699268
48408.678742
48409.041792
48409.591416
48410.755086
48410.950139
48411.201949
48412.316089
48413.047412
48413.763257
48414.813642
48415.700302
48415.838030
48416.708492
48417.368744
48418.313029
48418.770767
48419.700821
48419.893590
48420.964200
48421.618597
48422.214103
48422.645481
48423.396399
48424.559088
48425.627346
48426.162111
48426.460524
48427.325315
48427.821414
48428.532630
48429.220859
48429.844109
48430.677511
48431.433746
48431.952709
48432.966299
48433.506159
48434.667135
48435.006094
48435.261998
48436.569382
48437.319508
48437.994730
48438.221221
48439.179239
48439.353273
48440.321875
48441.046051
48442.360157
48442.734293
48443.379363
48444.571824
48444.799383
