41936.022907
41936.385016
41937.205967
41938.010872
41938.515366
41939.307996
41939.773190
41941.080606
41941.437673
41941.986248
41942.808863
41943.665645
41944.613327
41945.272614
41946.219487
41946.365699
41947.105241
41947.883921
41948.568902
41949.184301
41949.613296
41950.804777
41951.503326
41952.594843
41952.971721
41954.003731
41954.249302
41954.890690
41955.620258
41956.610798
41957.498004
41957.904347
41958.352196
41958.957706
41959.946482
41960.747746
41961.648505
41962.456165
41962.895214
41964.120780
41964.297914
41965.119423
41965.570298
41966.214949
41966.851267
41968.143580
41968.368887
41969.290986
41970.379590
41970.911023
41971.158226
41972.422643
41973.026700
41973.601728
41974.456339
41974.957930
41975.748044
41976.317208
41977.059668
41977.784916
41978.007375
41979.714163
41980.618686
41980.851562
41981.498723
41982.015747
41982.930243
41983.533163
41984.172185
41984.918248
41985.798244
41986.323253
41986.924928
41988.214878
41988.434416
41989.361938
41990.155291
41990.761725
41991.646236
41992.491153
41992.776357
41993.515820
41994.045865
41994.561342
41995.549835
41996.636090
41997.224719
41997.986798
41998.746466
41999.625981
42000.122809
42000.409307
42001.319082
42002.133378
42002.924378
42003.641787
42004.163409
42004.891770
42005.291885
42006.582231
