40434.228944
40434.980226
40435.610024
40436.429566
40437.167866
40437.938418
40438.667010
40439.617425
40439.934712
40440.903306
40441.617988
40442.535700
40443.140834
40443.226466
40444.112810
40444.842078
40445.428345
40446.785110
40447.484672
40447.870534
40448.953983
40449.587937
40450.157521
40450.655316
40451.394934
40452.067344
40453.209796
40453.820071
40454.024377
40454.924599
40455.780284
40456.442163
40457.427672
40458.325178
40458.925357
40459.536094
40460.020492
40460.819297
40461.447844
40462.198912
40462.650253
40463.589732
40464.222281
40465.568657
40466.157593
40466.747649
40467.045532
40467.827899
40469.080056
40469.442505
40470.115700
40470.993487
40471.401053
40472.062261
40472.831481
40473.632521
40474.372375
40475.492147
40476.178076
40476.776491
40477.459750
40477.980027
40478.858597
40479.260364
40479.646586
40481.128929
40481.532841
40482.448314
40482.776523
40483.862830
40484.646583
40485.468507
40485.774632
40486.761603
40487.362115
40488.196817
40488.852358
40489.454082
40489.911373
40490.452634
40491.484998
40492.595115
40493.506263
40493.960662
40494.545268
40495.422705
40495.832856
40496.398953
40497.497889
40498.136213
40498.641484
40499.298802
40500.255452
40501.056335
40501.505244
40502.623416
40502.900454
40504.149247
40505.019458
40505.307389
