71902.910596
71903.540224
71904.227043
71904.995548
71905.355849
71905.662258
71906.774273
71907.075640
71908.185322
71908.704737
71909.484360
71909.978227
71910.450501
71911.881133
71912.313684
71912.592366
71913.600045
71914.111759
71915.051246
71915.594213
71916.048937
71916.754054
71917.086825
71917.921473
71918.498013
71919.887900
71920.520246
71920.794076
71921.741747
71922.355111
71922.837262
71923.296589
71924.260236
71924.993424
71925.475051
71926.036344
71926.888881
71927.464988
71928.197397
71928.981704
71929.355436
71930.383715
71931.436966
71931.758725
71932.468652
71932.878737
71933.404201
71934.205037
71934.819841
71935.493054
71936.178366
71936.793868
71937.797857
71938.669124
71939.237646
71939.552991
71940.517715
71940.856641
71941.721169
71942.318978
71943.209817
71943.759232
71944.447400
71944.770219
71945.263866
71946.269662
71947.118824
71948.182513
71948.530555
71949.275302
71949.714005
71950.559320
71951.303133
71951.708719
71952.183105
71952.600752
71954.054068
71954.423947
71954.993760
71955.893330
71956.620021
71957.161950
71957.759348
71958.766105
71959.169015
71959.970856
71960.850503
71960.899848
71961.731691
71962.567633
71962.861348
71963.650658
71964.434912
71965.199873
71966.306253
71967.114138
71967.281769
71967.789813
71968.621128
71968.904908
