55273.808228
55274.229122
55274.624679
55275.413010
55276.787558
55277.509779
55278.109079
55278.653066
55279.334620
55279.936390
55280.613779
55281.397480
55281.963141
55282.608732
55283.533887
55284.065481
55284.506229
55285.383934
55286.357295
55286.865464
55287.513524
55288.902562
55288.961900
55289.878232
55290.355158
55290.675913
55291.507533
55292.427044
55292.755337
55293.953160
55294.360204
55295.145338
55296.358341
55296.921976
55297.029576
55297.823591
55298.550167
55299.588390
55300.026047
55300.734088
55301.422655
55301.952844
55302.405397
55303.291688
55304.089875
55305.344792
55305.862133
55306.257413
55307.094029
55307.587755
55308.483513
55308.813471
55309.675852
55310.089861
55310.839661
55311.985012
55312.524047
55313.216159
55313.903933
55314.445682
55315.346344
55316.210639
55316.766693
55317.203952
55318.263488
55318.662066
55319.029833
55320.083198
55320.536640
55321.102536
55322.266519
55323.221021
55323.848672
55324.265786
55325.202719
55325.601800
55326.178327
55326.558535
55327.938154
55328.506236
55329.039082
55329.471566
55330.201464
55331.337969
55331.866168
55332.687876
55333.226600
55334.106033
55334.745152
55335.563380
55336.109764
55336.449568
55337.085670
55337.828136
55338.558203
55339.377556
55340.321962
55341.301621
55341.504848
55342.250303
