12316.084278
12316.736807
12317.633779
12318.550082
12320.039230
12320.350796
12321.581519
12322.414336
12322.695975
12323.439818
12324.266976
12325.437166
12326.262756
12327.031853
12327.365973
12328.979582
12329.593071
12330.396269
12331.290635
12332.219576
12333.032867
12333.298784
12334.506404
12334.985938
12335.592935
12337.207963
12338.251440
12338.706451
12339.694358
12340.017565
12341.045578
12342.159769
12342.784137
12343.223697
12344.437580
12345.235908
12345.813304
12346.840041
12347.954678
12348.986445
12349.709122
12350.065945
12351.092976
12351.558529
12352.514734
12353.313935
12354.358101
12355.262690
12356.169960
12357.093339
12357.716976
12358.649675
12358.982060
12360.503992
12361.048088
12361.776835
12362.422436
12362.844140
12364.407571
12365.397322
12366.320998
12366.899604
12367.611952
12368.743381
12369.121868
12369.587323
12371.009381
12371.646512
12372.442221
12373.659128
12374.313300
12374.914974
12376.001135
12377.197188
12377.604502
12378.274637
12379.162024
12379.769068
12380.806962
12381.311447
12382.432864
12384.018643
12384.505781
12384.940085
12385.752255
12386.619178
12387.308999
12388.514168
12389.044124
12389.864863
12390.591317
12391.525381
12392.686289
12393.406451
12394.331113
12395.069653
12395.937813
12396.669857
12397.302313
12397.778202
