69342.744066
69343.368394
69343.794509
69344.789661
69345.578460
69346.665818
69347.138002
69347.787621
69348.356949
69348.804370
69349.467015
69350.115091
69350.844117
69351.788074
69352.435992
69352.656983
69353.291768
69354.646599
69355.150306
69355.814396
69356.008466
69357.469142
69357.730167
69358.478751
69359.369888
69359.588461
69360.030303
69360.916368
69361.415879
69362.323099
69363.186211
69364.081051
69364.564898
69365.431006
69365.772864
69366.331124
69367.416666
69367.659588
69368.440441
69369.001933
69370.023064
69370.478882
69371.111743
69371.643189
69372.387841
69373.133223
69374.517006
69374.717028
69375.336082
69376.068976
69376.452818
69377.328801
69377.823322
69378.503865
69379.125689
69379.605254
69380.739187
69381.482131
69382.138028
69382.786954
69383.636288
69383.932753
69384.475246
69385.452178
69386.243462
69386.881705
69387.573807
69387.639568
69388.478348
69389.311406
69389.847473
69390.905551
69391.867568
69392.005627
69392.992159
69393.945306
69394.278205
69394.543931
69395.277259
69395.904629
69396.860348
69397.646216
69397.944300
69398.935311
69399.559479
69400.130678
69401.145588
69401.574185
69402.301632
69403.098822
69403.757373
69404.265861
69404.877128
69405.552978
69406.300361
69406.773229
69407.170987
69408.088955
69409.528474
69410.083357
