24923.224405
24923.516308
24924.889265
24925.467554
24925.776665
24926.672236
24927.748779
24928.553851
24929.015350
24930.004603
24931.091197
24931.752008
24932.208596
24932.953461
24933.565549
24934.026269
24935.257573
24935.814980
24936.693230
24937.858097
24938.476928
24939.122358
24939.754131
24940.674691
24941.259270
24941.891841
24943.093946
24943.604235
24944.098402
24945.045451
24945.313698
24946.676065
24947.997471
24948.313633
24948.921556
24949.598164
24950.585721
24951.138490
24951.727246
24952.347993
24953.281962
24954.302644
24954.991567
24955.811802
24956.667865
24957.185284
24957.918660
24958.969371
24959.750572
24960.243230
24961.036574
24961.512569
24962.228019
24963.274370
24963.737203
24965.334737
24965.437156
24966.843475
24967.440849
24967.703975
24968.228604
24969.196549
24970.299134
24970.761746
24971.614103
24972.306877
24972.873656
24974.162981
24974.740753
24975.448750
24976.412345
24977.118231
24977.808168
24978.416515
24979.105664
24979.958039
24980.296191
24981.030369
24982.756046
24983.235793
24983.907464
24984.462496
24985.479938
24985.879262
24986.936834
24987.584952
24988.051739
24989.182612
24989.747263
24990.450048
24991.111458
24992.012811
24993.200709
24993.914656
24994.573297
24995.306278
24995.813136
24996.627426
24997.037253
24997.971709
