61736.538023
61737.266825
61737.839968
61738.776418
61739.282257
61740.309248
61741.164803
61741.795024
61742.092488
61743.073326
61743.361572
61744.117861
61744.976443
61745.762856
61746.303370
61746.825788
61747.477787
61748.376035
61748.512818
61749.984165
61750.832225
61751.193737
61752.006271
61752.212938
61753.369782
61753.824913
61754.412588
61754.898951
61755.455268
61756.724315
61756.992069
61758.395164
61758.601909
61759.244650
61759.880627
61760.915573
61761.308593
61762.024734
61762.861626
61763.446306
61764.090776
61764.380641
61765.335207
61765.878014
61766.680275
61767.478541
61768.467031
61769.231236
61769.636944
61770.530870
61770.755917
61771.403882
61771.925389
61772.997931
61773.739281
61774.313046
61774.797252
61775.419680
61776.597298
61777.305032
61777.617422
61778.448377
61779.221539
61779.958706
61780.777098
61780.972651
61781.861446
61782.334240
61783.033685
61783.412551
61784.414722
61785.632860
61786.232944
61786.702896
61787.382631
61788.085712
61788.550107
61789.387109
61790.154439
61790.620613
61791.079566
61792.282020
61792.775658
61793.438827
61793.671559
61794.958578
61795.442435
61796.603868
61797.162338
61797.604305
61798.269476
61799.079377
61799.216879
61800.261059
61800.958015
61801.136459
61802.426761
61803.056335
61803.758478
61804.612168
