54997.183586
54997.985733
54998.140736
54999.162839
54999.832413
55000.216615
55000.881431
55001.668184
55002.465422
55003.152768
55003.798480
55004.414197
55005.520858
55005.766398
55006.648041
55007.429450
55008.401025
55008.952819
55009.314295
55009.877406
55010.604090
55011.440468
55011.901039
55012.745838
55013.268389
55014.652340
55015.151014
55015.998320
55016.261990
55016.951004
55017.623010
55018.117644
55019.631956
55019.748859
55020.055247
55021.167515
55021.852163
55022.134171
55023.199136
55024.252740
55024.738101
55025.530869
55026.072277
55026.789428
55027.636001
55027.963746
55028.478960
55029.306702
55029.737055
55030.916362
55031.744962
55032.439462
55032.909342
55033.504287
55034.707974
55035.028258
55035.497190
55036.583204
55037.036893
55037.850073
55038.332490
55039.100274
55039.642886
55040.160418
55041.195530
55042.270763
55042.812939
55043.808877
55043.983923
55044.646428
55045.327946
55045.841582
55046.617885
55047.616942
55048.051650
55048.680116
55049.310143
55050.459891
55051.214919
55051.721282
55051.964440
55053.133555
55054.000792
55054.524765
55055.083804
55055.825885
55056.158117
55056.882066
55057.589906
55058.369972
55059.430413
55060.116637
55060.915923
55061.436838
55062.039466
55062.586166
55063.510880
55064.135896
55064.298366
55065.474152
