71297.399264
71297.885976
71298.939638
71299.395458
71299.675333
71300.255993
71301.149908
71302.162226
71302.645869
71303.552278
71304.227041
71304.816592
71305.315985
71306.048311
71306.772069
71307.621794
71308.200676
71308.562634
71309.515408
71309.883098
71310.463655
71311.406849
71311.957986
71312.805101
71313.620256
71314.781588
71314.996033
71315.510391
71315.887472
71316.765804
71317.356580
71318.011286
71319.005094
71319.388239
71320.085516
71320.675178
71321.737209
71322.379815
71322.950726
71323.400035
71324.531465
71324.929616
71325.715467
71326.249606
71327.045700
71327.397065
71328.104702
71328.525629
71329.253604
71330.682200
71331.254762
71331.811867
71332.270436
71333.033726
71333.923752
71334.138185
71334.978086
71335.615179
71336.070739
71337.241007
71337.617360
71338.199215
71339.031340
71339.472617
71340.360475
71341.438614
71341.881409
71342.460731
71343.325707
71343.956496
71344.149122
71344.853654
71345.605171
71346.419940
71346.852860
71347.600039
71348.699339
71349.213927
71350.211091
71350.534016
71351.198886
71351.617657
71352.264456
71353.576806
71353.885561
71354.586943
71354.993118
71355.456274
71356.436848
71357.165493
71357.695247
71358.914717
71359.429853
71359.972157
71360.791504
71361.371396
71361.987420
71362.247925
71363.219133
71363.679459
