42007.199370
42008.096967
42008.920230
42009.454674
42009.877565
42010.658492
42011.244586
42012.219347
42012.658577
42013.045618
42014.310630
42015.230232
42015.979313
42016.472305
42017.231911
42017.585727
42018.555005
42019.763573
42020.024549
42020.350609
42021.403088
42022.042447
42022.594286
42023.257945
42024.222243
42025.236858
42025.963182
42026.620822
42027.184022
42028.111265
42028.354655
42029.024171
42029.626920
42030.762140
42031.351375
42032.168950
42032.716454
42033.329104
42034.681700
42034.933212
42035.726581
42036.524591
42037.026922
42037.966061
42038.852995
42039.063686
42039.554866
42040.396144
42041.070438
42042.139240
42043.164547
42043.927046
42044.306321
42044.817404
42045.859944
42046.216525
42046.923595
42047.938369
42048.404341
42049.291453
42049.501588
42050.881996
42051.228061
42052.249544
42052.430752
42054.021854
42054.521363
42054.965647
42055.699361
42056.230366
42056.895926
42057.537165
42058.441366
42058.976682
42059.845156
42060.870337
42061.732661
42062.075512
42062.902837
42063.346287
42064.435884
42064.572238
42065.798488
42066.509969
42066.952930
42067.617192
42068.194930
42068.795937
42070.203330
42071.040898
42071.346291
42072.173658
42072.936742
42073.489305
42074.234861
42074.864855
42075.176047
42076.052537
42077.165088
42077.823155
