29872.452205
29872.929234
29873.812454
29874.642066
29875.033059
29875.606001
29876.240537
29877.954940
29878.494361
29879.209203
29879.795419
29880.317200
29881.266602
29882.006931
29882.465416
29883.298498
29884.260776
29884.699045
29885.643252
29886.285183
29887.122195
29887.915563
29888.912907
29889.383735
29890.516095
29890.954419
29891.458347
29891.863926
29893.090359
29893.429189
29894.598526
29895.182497
29896.272556
29896.995526
29897.830546
29898.238248
29899.000905
29899.331490
29900.804363
29901.438784
29901.823857
29902.411636
29903.340308
29903.930226
29904.868497
29906.094367
29906.647990
29907.304258
29907.958303
29908.838615
29909.235732
29909.961217
29910.816935
29911.222646
29912.246114
29913.313684
29914.082745
29914.590766
29915.207079
29916.122640
29917.030693
29917.705643
29918.301344
29918.955284
29919.738108
29920.439266
29921.106142
29921.549136
29922.718156
29923.792724
29924.693832
29925.072653
29925.771037
29926.554367
29926.978360
29927.673531
29928.692680
29929.473120
29930.213015
29930.672862
29931.351778
29932.940205
29933.206448
29933.596589
29934.881085
29935.458236
29936.378218
29936.784365
29937.629730
29938.028293
29938.492319
29939.796105
29940.594482
29941.537754
29942.278451
29942.907182
29943.702245
29944.022306
29945.069470
29945.738034
