27711.212063
27711.651637
27712.434239
27713.014236
27713.606776
27714.449949
27715.450516
27716.217001
27716.401183
27717.401356
27718.206721
27718.849289
27719.317462
27720.633621
27721.441365
27722.189176
27723.014353
27723.617229
27724.222050
27724.901550
27725.195655
27726.546524
27726.975734
27728.169908
27728.608093
27729.289982
27730.649606
27731.075956
27731.645640
27732.332603
27733.435094
27734.017559
27734.890811
27735.294878
27735.823609
27736.622666
27737.467582
27738.757581
27739.502456
27740.331537
27740.545541
27741.580235
27742.091668
27742.818229
27743.603121
27744.480603
27744.912498
27745.889590
27746.707408
27747.524314
27748.152847
27748.708349
27750.186892
27750.811632
27751.019923
27751.870977
27752.666816
27753.188654
27753.893569
27754.872948
27755.315792
27756.660438
27757.588851
27758.027397
27758.712963
27759.346434
27760.249001
27760.607275
27761.712263
27762.622677
27763.242059
27763.448545
27764.326911
27765.323903
27766.485859
27766.963400
27768.039200
27768.247235
27769.384350
27769.967219
27770.600748
27771.000384
27771.703190
27772.936598
27773.707845
27774.365525
27775.469952
27775.794720
27776.707997
27777.376595
27778.114338
27779.271079
27779.436361
27780.262581
27780.974777
27781.742363
27782.500662
27782.922069
27784.442665
27785.085462
