63715.080839
63715.993553
63716.884844
63717.916916
63718.286631
63719.059586
63719.457513
63720.280127
63721.035026
63721.502114
63721.888801
63722.642945
63723.576911
63724.232049
63725.007451
63726.162819
63726.508505
63726.814975
63727.762631
63728.283036
63729.112832
63730.046023
63730.602133
63730.827834
63731.584256
63732.285251
63733.171424
63733.511870
63734.710164
63735.118775
63736.369091
63736.795842
63737.466429
63737.848714
63738.374089
63739.183667
63739.747582
63740.700448
63741.169762
63742.032840
63742.664540
63743.294115
63744.212982
63744.812531
63745.573094
63746.018729
63747.045767
63747.413080
63748.228300
63748.774679
63749.577585
63749.961990
63750.613466
63750.887925
63752.748688
63753.263950
63753.545270
63754.443807
63755.016117
63755.619328
63756.362891
63756.848540
63757.617741
63758.343403
63758.837242
63759.868195
63760.323111
63760.789766
63761.926109
63762.413506
63763.165240
63764.051549
63764.746671
63765.354238
63765.871081
63766.530307
63766.726698
63767.767323
63768.556052
63768.990119
63769.925807
63770.675374
63771.630232
63772.182321
63772.948824
63773.187548
63773.698441
63774.799683
63775.451891
63776.173017
63776.954130
63777.104764
63777.720922
63778.750001
63779.318161
63780.192200
63781.213803
63781.787826
63782.382254
63782.676249
