9278.356214
9279.040933
9279.938256
9280.769267
9281.537438
9282.734288
9284.093681
9284.762478
9285.344159
9285.849431
9286.901569
9287.799427
9288.657678
9289.634716
9290.238472
9291.071149
9292.450151
9293.020371
9294.077099
9294.994414
9295.564223
9296.607047
9297.328597
9297.791417
9298.415822
9300.174304
9301.095504
9301.630677
9302.761169
9303.238852
9304.478169
9304.747219
9306.002925
9306.808098
9307.501144
9308.397687
9309.059307
9310.294182
9311.394263
9312.287090
9313.137110
9313.642041
9314.191767
9315.257777
9316.091993
9317.221478
9317.520864
9319.337900
9319.827795
9320.592913
9321.355037
9322.199858
9323.579903
9324.038643
9324.662478
9325.359891
9326.496593
9327.029340
9328.937276
9329.235940
9330.230659
9330.921834
9331.875838
9332.545535
9332.990177
9334.305898
9335.206489
9336.031511
9336.966415
9337.535506
9338.970532
9339.734206
9340.336005
9341.340822
9341.999574
9342.923902
9343.478761
9344.189903
9345.473934
9346.909626
9347.350886
9348.412153
9348.847438
9349.534174
9350.701823
9351.640126
9352.399663
9353.014453
9353.743506
9355.235106
9355.820175
9356.673033
9357.970513
9358.838675
9359.076903
9360.025057
9360.682314
9361.527052
9362.648214
9363.690016
