50756.216130
50756.792871
50757.277630
50758.019879
50758.857761
50759.745159
50760.120928
50760.730093
50761.460844
50761.984686
50763.035610
50764.221032
50764.483332
50765.376186
50765.922852
50766.516550
50767.119724
50767.681245
50768.480613
50769.363278
50769.732193
50770.469110
50771.636782
50772.342784
50773.040377
50773.318204
50774.037974
50775.093098
50775.637465
50776.649870
50777.047190
50777.366017
50778.027706
50779.111433
50779.623330
50780.096238
50781.619805
50782.042672
50782.801805
50783.344129
50784.255846
50784.475055
50785.255152
50785.868123
50786.548104
50787.658468
50788.227299
50788.555642
50789.734992
50789.928702
50791.178709
50791.790634
50792.623145
50793.073010
50793.657685
50794.648791
50795.226340
50795.651442
50796.384742
50796.761794
50797.657520
50799.027777
50799.509983
50800.159618
50801.030064
50801.471631
50801.841754
50802.908638
50803.498995
50804.210470
50805.059262
50805.371108
50806.278554
50806.687805
50807.787692
50808.538750
50808.940589
50809.978660
50810.985240
50811.515782
50811.862395
50812.321769
50813.179840
50813.823530
50814.454963
50815.412414
50815.992968
50816.775422
50817.697837
50818.410343
50819.141109
50819.375325
50820.171832
50821.169645
50821.742035
50822.297970
50823.138410
50823.790754
50824.340654
50824.558056
