30983.188005
30983.871020
30984.390000
30985.315649
30986.079935
30986.964956
30987.326575
30988.567003
30988.810667
30989.377441
30990.220829
30991.078221
30991.519280
30992.722866
30993.799108
30994.285820
30995.054258
30995.786558
30996.263441
30996.574175
30997.743968
30998.766567
30999.353250
30999.669607
31000.492833
31001.699162
31002.327620
31002.974775
31003.791356
31004.690802
31005.267180
31006.187755
31006.574381
31007.287949
31007.724172
31008.840903
31009.143777
31010.948300
31011.090341
31012.108162
31012.583341
31013.287083
31014.066277
31014.912073
31015.554011
31015.953185
31017.126177
31017.817898
31018.254252
31018.998834
31019.798943
31020.906954
31021.905013
31022.405218
31022.950184
31023.728443
31024.168846
31025.151699
31025.719010
31026.211144
31027.450693
31028.024219
31028.882116
31029.823100
31030.646697
31031.079011
31031.360250
31032.738489
31033.449690
31034.055754
31034.805621
31035.251528
31035.757936
31036.722871
31037.869576
31038.601096
31039.322989
31040.136474
31041.080033
31041.265986
31041.964223
31042.747847
31043.354089
31044.304128
31045.175096
31045.637716
31046.690949
31047.240974
31048.053389
31048.868695
31049.713486
31050.531541
31051.024680
31051.606105
31052.384259
31053.327585
31053.633673
31054.332491
31055.112702
31056.697524
