14771.932812
14773.383442
14774.017360
14774.630612
14775.451437
14776.712416
14777.464407
14777.826626
14779.210089
14779.823456
14780.319086
14781.385671
14781.903896
14782.732812
14783.099155
14784.700253
14785.711811
14786.614578
14786.917054
14787.567442
14788.523786
14789.517197
14790.130504
14790.818728
14791.668212
14792.670874
14793.276673
14794.142091
14795.135071
14796.073285
14797.074807
14797.658260
14798.051549
14799.094254
14799.663489
14800.272489
14801.576212
14802.219758
14803.471950
14803.943653
14805.058857
14805.645316
14806.269663
14806.901553
14808.370640
14808.936188
14809.298815
14810.264961
14810.723524
14812.111833
14813.231731
14813.900664
14814.516838
14815.454022
14816.141892
14816.794100
14817.299146
14818.456839
14819.198337
14819.978495
14821.377285
14821.790578
14822.339323
14823.459021
14824.360345
14825.208126
14825.935534
14826.293695
14827.249087
14828.109973
14828.828564
14829.471189
14831.104457
14831.933532
14832.299881
14833.165941
14833.739294
14834.505386
14835.437088
14836.306786
14837.132605
14837.807580
14838.436596
14839.778136
14840.358031
14841.426455
14842.014173
14842.882060
14843.850774
14844.318768
14845.174837
14845.426519
14846.424254
14848.079092
14848.498476
14849.332857
14850.324759
14850.939373
14851.530352
14852.514122
