16539.909984
16540.752221
16541.332708
16542.569523
16543.259481
16543.631028
16544.874689
16545.924754
16546.569708
16547.298138
16547.783370
16548.823937
16549.282436
16550.250611
16550.719039
16551.859277
16553.449676
16553.584477
16554.340490
16555.322112
16555.905683
16556.361991
16557.760847
16558.463530
16559.040991
16559.558581
16560.486316
16561.541162
16562.626382
16563.147744
16564.062976
16565.136962
16565.446636
16566.409336
16566.758633
16567.399172
16568.762986
16569.448904
16570.353852
16571.319283
16571.948542
16572.861049
16573.305351
16574.512703
16575.136466
16575.778289
16576.614496
16577.488874
16577.987009
16578.657404
16579.897663
16581.248962
16581.715163
16582.568641
16582.773000
16583.629088
16584.827552
16585.313966
16585.878533
16587.252883
16587.525056
16588.887833
16589.466657
16590.340898
16590.883727
16592.229443
16592.687462
16593.505811
16594.172493
16594.856648
16595.365728
16596.284684
16597.706722
16598.445326
16598.999893
16600.143972
16600.929535
16601.077167
16602.100121
16602.725482
16603.984368
16604.630713
16605.297641
16605.743193
16607.097124
16607.754657
16609.096008
16609.353066
16610.305348
16611.192891
16611.548895
16612.338473
16613.297149
16613.809952
16614.701472
16616.114046
16616.962157
16617.406985
16618.012325
16618.844900
