46827.403061
46828.456382
46829.732833
46830.160719
46830.908041
46831.114999
46832.137559
46832.681659
46833.572862
46834.071881
46834.253998
46835.835124
46836.112470
46836.923807
46837.806839
46838.328998
46839.026719
46839.894470
46840.905961
46841.150834
46842.006788
46842.614698
46843.200858
46843.795997
46844.505666
46845.166311
46846.002871
46847.157257
46847.579874
46848.641038
46849.132552
46849.711684
46850.186438
46850.686413
46851.892897
46852.741984
46852.985241
46853.949002
46854.100938
46855.186809
46856.096677
46856.819349
46857.547703
46858.166495
46859.038890
46859.776200
46860.343260
46860.528578
46861.576979
46862.100425
46862.696811
46863.636030
46864.725513
46865.502872
46865.824332
46866.470705
46867.533127
46867.846842
46868.676054
46869.703210
46869.897753
46870.569998
46871.546170
46872.270378
46872.621598
46873.152624
46874.400984
46875.493088
46876.090927
46876.431634
46877.176297
46877.905878
46878.310952
46879.192718
46879.674189
46880.707336
46881.234162
46881.930833
46882.858209
46883.595807
46884.321402
46885.125367
46885.294371
46886.357511
46887.213104
46887.923931
46888.396091
46888.920581
46889.686481
46889.858867
46891.313152
46892.034717
46892.699720
46893.717576
46894.217192
46894.713313
46895.635670
46896.102563
46896.520053
46897.469764
