24163.250537
24163.936452
24164.807438
24165.563448
24166.620212
24167.246767
24167.892704
24168.637729
24169.894864
24170.255288
24171.333516
24171.585471
24172.277527
24173.160823
24173.846356
24174.323579
24176.091596
24176.241683
24177.224312
24178.210293
24178.758059
24179.176309
24179.984249
24180.657760
24182.103127
24182.148234
24183.243059
24183.569663
24184.375167
24185.749193
24186.425272
24187.122010
24187.766526
24188.900059
24189.215090
24189.812613
24190.628955
24191.436071
24191.815197
24193.136170
24194.058782
24194.811994
24195.497251
24196.127436
24196.650626
24197.794268
24198.582628
24199.194301
24199.744390
24200.430629
24201.413458
24202.117442
24202.590367
24203.885816
24204.896689
24205.672876
24206.022793
24206.634811
24207.555542
24207.978968
24208.866054
24209.885438
24210.398125
24211.303403
24212.081747
24213.089757
24213.654048
24214.384717
24215.388112
24215.742674
24216.807565
24217.597468
24218.223978
24218.584218
24219.062567
24220.427126
24221.450505
24222.436809
24222.817838
24223.481387
24224.423217
24225.106022
24225.618742
24226.257510
24227.389212
24228.132682
24228.598984
24229.532165
24230.334228
24231.247267
24231.728724
24233.092282
24233.735558
24234.114607
24234.776154
24235.638580
24236.148306
24237.033725
24237.915460
24238.383657
