66433.676607
66434.281397
66435.702734
66436.045147
66436.592005
66437.289559
66438.142473
66438.556181
66439.383295
66439.854583
66440.633102
66441.223663
66442.110930
66442.772892
66443.076083
66443.719634
66444.559205
66445.560065
66446.614675
66446.880158
66447.534210
66448.025338
66449.027153
66449.213658
66450.164993
66450.339279
66451.609729
66452.043470
66452.633124
66453.694384
66454.566127
66454.897172
66455.687120
66456.063253
66456.871456
66457.834097
66458.405296
66459.145371
66459.589671
66459.926136
66460.589203
66461.710471
66462.215220
66463.027689
66464.049020
66464.552358
66465.343167
66465.816620
66466.345318
66467.046752
66467.663378
66468.064918
66469.417084
66469.636290
66470.438360
66471.006196
66472.069371
66472.333887
66473.172335
66474.280774
66474.580204
66475.419477
66475.945000
66476.393835
66477.457228
66477.811190
66478.495129
66478.906512
66479.522791
66481.137305
66481.447362
66482.430032
66482.680893
66483.302974
66484.041019
66484.655525
66485.441443
66486.044117
66486.764772
66487.379290
66488.003020
66488.620549
66489.346252
66490.106054
66490.999191
66491.684824
66492.119015
66493.263298
66493.912791
66494.202361
66494.486407
66495.431857
66496.051997
66496.639136
66497.770053
66498.227634
66498.936138
66499.744096
66500.607737
66501.250951
