28757.060109
28757.545416
28758.385324
28758.717729
28759.308068
28760.129832
28760.848676
28762.000415
28762.480082
28763.882017
28764.233365
28765.002243
28765.524336
28766.417164
28766.912643
28767.639867
28768.850014
28769.148963
28770.070996
28770.572369
28771.414023
28772.291441
28773.271772
28774.358188
28774.645942
28775.075175
28776.014704
28777.079921
28777.308957
28777.824691
28778.722373
28779.703632
28780.815108
28781.481161
28782.152923
28782.705528
28783.362027
28784.419173
28784.939391
28785.807709
28786.533360
28787.157664
28787.579216
28788.541635
28789.311522
28790.346154
28791.100577
28791.879003
28792.871873
28793.282855
28793.840434
28794.400569
28795.062961
28796.223385
28796.850396
28797.676610
28798.187947
28799.223442
28800.214623
28800.683662
28801.248373
28802.262988
28802.947879
28803.926376
28804.160882
28804.918827
28805.767001
28806.298483
28806.844923
28808.683476
28809.202512
28809.497648
28810.497361
28811.174801
28811.485108
28812.855236
28813.038713
28813.945680
28814.568212
28815.657007
28816.237262
28817.011547
28817.592756
28818.700948
28819.517522
28820.229350
28820.901041
28821.466498
28822.257241
28822.573476
28823.755831
28824.042504
28825.183750
28826.236534
28826.770116
28827.761533
28828.431795
28828.904628
28829.541633
28830.219202
