72709.566148
72709.723793
72710.541866
72710.992211
72711.838260
72712.342969
72712.933847
72713.741933
72714.190921
72714.843005
72716.048747
72716.290154
72717.061507
72717.542988
72718.566743
72719.087723
72720.189405
72720.581422
72721.142605
72721.790638
72722.524267
72722.887802
72723.774313
72724.142468
72724.880735
72725.828926
72726.545242
72727.545248
72728.128186
72728.410651
72729.418511
72729.738932
72730.182161
72731.190469
72732.148976
72732.630561
72733.072785
72733.557019
72734.186885
72735.461039
72735.765550
72736.696157
72737.408112
72738.096709
72738.716046
72739.444730
72739.926690
72740.546039
72740.905335
72741.620878
72742.574761
72743.250822
72743.894317
72744.792979
72745.595363
72745.982192
72746.398866
72747.499430
72748.188747
72748.579744
72749.278288
72750.091866
72750.558037
72751.195261
72752.126675
72752.304855
72752.892613
72754.217989
72755.190159
72755.708769
72756.032238
72756.822696
72757.144214
72758.064306
72758.689858
72759.235160
72759.880082
72760.838235
72761.254231
72761.954296
72762.887478
72763.531605
72764.130026
72764.868841
72765.324454
72766.350506
72766.930462
72767.722144
72767.998040
72768.483523
72769.307660
72769.763278
72770.586120
72771.901260
72772.232744
72772.730648
72773.837086
72774.462369
72774.829249
72775.357335
