48023.860952
48025.050111
48025.490134
48026.490032
48026.848753
48027.954490
48028.317029
48028.784284
48029.322293
48030.542709
48031.345151
48031.811772
48032.085580
48033.067829
48033.710650
48034.582949
48035.686779
48036.204010
48036.752647
48037.625231
48038.214974
48038.753718
48039.333772
48040.160614
48040.592781
48041.543739
48042.099172
48043.463042
48043.935592
48044.481783
48045.239368
48045.539707
48046.812384
48047.301655
48048.225058
48048.483804
48049.127460
48050.058845
48050.611688
48051.216847
48052.026674
48052.923856
48054.141699
48054.432592
48055.145381
48055.649037
48056.545857
48056.671743
48057.787218
48058.206443
48059.233456
48060.061365
48060.427437
48061.072533
48062.324006
48062.850867
48063.405555
48064.119617
48065.004075
48065.536272
48066.284180
48067.202383
48067.439378
48067.932319
48068.487691
48069.765719
48070.760126
48071.316860
48071.991637
48072.769342
48073.217156
48074.037244
48074.434253
48075.349556
48076.089169
48076.573274
48077.457410
48078.268235
48078.504185
48079.674647
48080.478372
48080.629849
48082.310236
48082.511011
48083.211575
48083.846762
48084.173182
48085.077479
48085.746964
48086.609475
48086.909491
48087.927057
48089.037262
48089.710742
48090.206269
48090.875562
48091.418713
48092.113631
48092.921619
48093.957865
