35454.397436
35454.925092
35455.764393
35456.233748
35457.167706
35457.677393
35458.074348
35459.083705
35459.787615
35460.920757
35461.616670
35462.267780
35462.539297
35463.885774
35464.456835
35464.984404
35465.970799
35466.474626
35467.162930
35467.793471
35468.647933
35469.030814
35469.870244
35471.227350
35471.865049
35472.643779
35473.061005
35474.045019
35474.256800
35474.974312
35475.754897
35477.044113
35477.392162
35477.736237
35478.688682
35479.886936
35480.291152
35481.251893
35481.711506
35482.534623
35483.635288
35484.239180
35484.379953
35485.307621
35485.920563
35486.395830
35487.592772
35488.356912
35489.441693
35489.894671
35490.707454
35491.167034
35491.922880
35492.775725
35493.304317
35494.114044
35494.715365
35495.781036
35496.148172
35496.863292
35497.562595
35498.553579
35499.595941
35500.364859
35500.812193
35501.376037
35501.905275
35502.990087
35503.513650
35503.991248
35504.708403
35505.977315
35506.448310
35507.482782
35508.376647
35508.483514
35509.471461
35509.911277
35511.161765
35511.686520
35512.247190
35513.241876
35513.430360
35513.980610
35515.191571
35516.137336
35516.861866
35517.552111
35518.326549
35519.308883
35519.517668
35520.121653
35520.763741
35521.576342
35522.575186
35523.198901
35523.968481
35524.525376
35525.562874
35526.318598
