3032.756029
3033.218123
3034.360907
3035.074103
3036.133113
3037.980383
3039.033651
3039.521601
3040.500427
3041.256803
3042.653049
3043.670541
3044.055127
3046.050030
3046.454504
3047.708817
3048.922632
3050.019676
3050.801233
3051.342383
3052.476848
3053.348265
3054.986520
3056.242923
3056.765138
3058.013703
3058.901494
3059.437861
3061.062700
3061.837584
3062.726873
3063.435086
3065.286555
3066.320250
3067.071320
3068.013501
3068.984266
3069.782904
3070.542621
3072.000993
3073.185237
3074.523494
3075.033872
3075.833479
3077.427473
3078.286226
3078.897379
3079.871394
3080.856382
3082.163163
3083.361357
3084.838451
3085.377268
3085.965522
3087.018815
3088.083437
3089.222308
3090.282194
3091.154469
3092.687667
3093.185445
3094.833068
3095.132031
3096.515485
3097.342606
3098.038354
3098.758089
3101.079373
3101.657370
3102.436089
3103.589916
3104.362546
3105.391402
3106.396352
3107.484255
3108.303596
3109.533099
3110.557200
3111.920727
3112.840737
3113.755213
3114.473416
3115.002672
3116.720450
3117.269723
3118.955013
3119.957556
3120.986214
3121.337219
3122.610128
3124.150225
3124.525922
3125.374441
3126.450116
3127.693012
3129.468612
3129.796205
3130.877663
3131.861090
3132.698331
