17968.508459
17968.925067
17970.271849
17971.067656
17971.483753
17972.201189
17972.954604
17973.810756
17974.176491
17975.756608
17976.692266
17977.162888
17977.960523
17978.974196
17979.617201
17979.712520
17980.888657
17981.781059
17982.666263
17983.493945
17983.928337
17984.780754
17986.201883
17986.578856
17987.530322
17988.208644
17989.094142
17989.653993
17990.401958
17991.026268
17991.767138
17992.625866
17994.073017
17994.630784
17995.633396
17996.028599
17996.556497
17997.610664
17998.424744
17999.447841
17999.865822
18000.370281
18001.457597
18002.354759
18003.105846
18003.878632
18005.182091
18005.781797
18006.401399
18007.013829
18007.670327
18008.510278
18009.069610
18010.364231
18010.900410
18011.897797
18012.953495
18013.379374
18014.153942
18015.190355
18015.766949
18016.344628
18017.828313
18017.905313
18018.760206
18019.241256
18020.159924
18021.864675
18022.259945
18023.073178
18023.771107
18024.298327
18025.419694
18025.927973
18026.363921
18027.619174
18028.420231
18028.991357
18030.117060
18030.966501
18031.380127
18032.397668
18033.393587
18034.192983
18034.739303
18035.333868
18035.892772
18037.025689
18037.549269
18038.599324
18039.680098
18040.503823
18041.394731
18041.984550
18042.236191
18043.159601
18044.238988
18045.289724
18045.391798
18046.464296
