67247.204168
67247.872044
67248.140697
67248.885166
67249.591052
67250.268143
67251.062061
67251.586094
67252.962895
67253.255945
67254.029843
67254.463367
67255.362486
67255.898541
67256.138237
67256.945985
67257.648228
67258.755212
67259.289403
67259.616304
67260.830668
67261.089072
67262.258311
67262.572214
67263.448162
67263.961697
67264.530956
67265.580627
67266.153603
67266.456826
67267.054254
67267.896771
67268.154846
67269.666671
67270.363852
67270.879753
67271.695710
67272.123544
67272.793509
67273.244994
67274.079278
67274.814698
67275.433169
67276.007886
67276.768071
67277.411971
67278.095474
67279.199831
67279.431664
67279.992200
67281.225759
67281.800820
67282.679176
67282.824665
67283.382296
67283.951966
67285.125691
67285.320437
67285.968435
67286.994070
67288.013057
67288.278975
67289.407094
67289.903657
67290.273169
67290.844702
67291.785310
67292.347916
67293.151987
67293.732685
67294.565876
67294.875342
67295.588922
67296.040375
67297.418930
67298.130763
67298.667371
67299.327548
67299.812382
67300.687449
67301.284993
67301.796711
67302.311631
67302.959289
67303.636942
67304.790844
67305.330863
67306.038987
67306.755967
67307.270802
67308.145357
67308.497617
67309.696895
67309.836335
67310.923407
67311.394203
67311.697931
67312.635482
67313.139612
67313.988040
