29203.384920
29204.188139
29204.589436
29205.613157
29206.424514
29207.453924
29207.913591
29208.912363
29209.969797
29210.336998
29210.762691
29211.652037
29212.273702
29212.758103
29213.941163
29214.636274
29215.470706
29216.307835
29217.000463
29217.838704
29218.211157
29219.432581
29219.840170
29220.641472
29221.246786
29222.237604
29222.845645
29223.268721
29223.735112
29225.474137
29226.091768
29227.034139
29227.343838
29227.995053
29228.708829
29229.615381
29230.246105
29230.695079
29231.820537
29232.442058
29233.249815
29233.994909
29235.030616
29235.485662
29236.144887
29237.229136
29238.065613
29238.499306
29239.233672
29239.770194
29240.245065
29241.367049
29242.020297
29243.182174
29243.773663
29244.671843
29245.496522
29246.148588
29246.310232
29247.213830
29248.090833
29249.138754
29249.614228
29250.157341
29250.917878
29251.826230
29252.556173
29253.531222
29254.682838
29254.805847
29255.539084
29256.644895
29256.807077
29257.813616
29258.216683
29259.272291
29259.545137
29261.303503
29261.850442
29262.236656
29263.044825
29263.655685
29264.735384
29265.270684
29266.057294
29266.722187
29267.439027
29268.041120
29268.776622
29269.645034
29270.247832
29271.804985
29272.053285
29272.838184
29273.677329
29274.257599
29274.713243
29275.307890
29276.288475
29277.288501
