61462.817260
61463.980600
61464.663195
61465.273790
61466.074786
61466.521374
61467.093760
61468.094513
61468.674503
61469.760415
61470.210248
61471.001734
61471.296772
61472.562118
61472.863105
61473.333642
61474.164361
61474.354221
61475.271596
61476.415576
61477.166583
61477.755852
61478.388199
61479.084734
61479.760790
61480.348211
61480.998674
61481.793976
61482.385753
61483.063392
61483.852328
61484.287875
61484.790885
61485.875470
61486.372618
61487.270703
61488.299487
61488.905003
61489.510631
61489.757453
61490.416491
61491.197590
61491.881654
61492.541649
61493.282542
61494.037972
61494.432287
61495.702800
61496.424127
61496.827062
61497.235040
61498.082246
61499.049233
61499.722807
61500.200531
61500.766997
61501.556033
61502.176430
61502.378334
61503.337359
61504.691313
61504.963211
61506.186861
61506.370271
61506.918165
61507.934611
61508.440815
61508.882628
61509.603709
61510.165217
61511.307408
61511.839050
61512.398330
61513.189377
61513.601517
61514.752706
61515.425539
61516.043350
61516.750145
61517.395026
61517.986938
61518.535462
61519.426697
61519.650635
61520.490877
61521.103683
61522.088245
61523.046197
61523.803352
61524.206137
61524.960923
61525.353774
61526.191122
61526.492306
61527.967417
61528.398541
61528.678625
61529.172294
61530.252334
61530.862910
