50196.639532
50197.914883
50198.446184
50199.001593
50199.421682
50200.704264
50201.149227
50202.094845
50202.508702
50203.564041
50204.044299
50204.732333
50205.520471
50206.099777
50206.551986
50207.273928
50207.900893
50208.522264
50209.920813
50210.610244
50211.351600
50211.704454
50212.029585
50213.278402
50213.986758
50214.165106
50215.154437
50215.805371
50216.694368
50216.935399
50218.055921
50218.570931
50219.116688
50220.344143
50221.129780
50221.553895
50222.472725
50222.746486
50223.514207
50224.129798
50224.728424
50225.328868
50226.620019
50226.796807
50227.808817
50228.644802
50229.484287
50229.944196
50230.514581
50231.095003
50231.878512
50232.925288
50233.522443
50233.997980
50234.455653
50235.192305
50235.811322
50236.911260
50238.041537
50238.168118
50239.168644
50239.896592
50240.455179
50240.890366
50241.627276
50242.325951
50243.047818
50243.503640
50244.783652
50245.080231
50246.186641
50246.570875
50247.312238
50248.098393
50248.785228
50249.857519
50250.304828
50250.571512
50251.319456
50252.366867
50252.749226
50253.501914
50253.747500
50255.218955
50256.229334
50256.598242
50257.205488
50258.013012
50258.417422
50258.958359
50259.880986
50260.848037
50261.032473
50262.193704
50262.494597
50263.174105
50264.064570
50265.149886
50265.480486
50266.323035
