63511.053021
63511.719034
63512.409292
63513.037778
63513.955092
63514.381801
63515.082981
63515.370593
63516.301447
63517.487099
63518.013746
63518.862608
63519.566242
63519.966942
63520.497758
63521.090323
63521.913858
63522.545452
63523.139571
63524.033664
63524.574348
63525.218912
63526.371511
63527.011940
63527.431894
63527.867688
63528.681773
63530.056943
63530.248623
63530.628173
63531.492844
63531.980607
63532.581872
63533.360159
63534.031199
63535.088205
63535.938615
63536.310917
63537.309164
63537.674825
63538.333306
63538.805849
63539.653696
63540.269176
63540.797248
63541.946858
63542.405786
63542.879910
63543.691633
63544.360331
63545.198934
63546.186640
63546.743820
63547.130371
63547.831609
63548.637489
63549.285556
63549.695810
63550.407522
63550.958358
63551.586640
63552.902779
63553.658663
63554.164439
63554.674281
63555.451218
63556.031258
63556.553318
63557.423106
63558.113199
63558.991662
63559.357062
63559.755161
63560.573375
63561.506507
63562.275202
63562.646884
63563.890554
63564.364370
63565.046509
63565.873593
63566.342455
63566.756322
63567.080648
63568.231775
63568.927486
63569.764376
63570.062250
63571.144233
63571.916399
63572.581897
63572.956164
63573.930085
63574.299375
63575.247097
63575.803699
63576.550379
63577.150388
63577.710807
63578.285571
