41221.483858
41222.072532
41223.050012
41223.520550
41224.288174
41225.091241
41225.880780
41226.630053
41227.633987
41228.158939
41228.593505
41229.253988
41230.581264
41231.120848
41231.586821
41232.150295
41232.782047
41233.432814
41234.551493
41234.767181
41236.173314
41236.853648
41237.433404
41238.431975
41238.819814
41239.191360
41240.076913
41240.757957
41241.540498
41242.349075
41243.065990
41243.600294
41244.319234
41245.281566
41245.792085
41247.012504
41247.610188
41247.978183
41248.662078
41249.704471
41250.118683
41250.764828
41251.318157
41251.888838
41252.978246
41254.194147
41254.795322
41255.227827
41255.876217
41256.570796
41257.599257
41257.747411
41258.917688
41259.362206
41260.411495
41260.642507
41261.208097
41262.520696
41262.894397
41263.798934
41264.709669
41265.516678
41266.162084
41266.625363
41267.427305
41267.792909
41268.304885
41269.485800
41270.268496
41270.804233
41271.457283
41272.712824
41273.212888
41273.858676
41274.417355
41275.172383
41275.943381
41276.922968
41277.313566
41277.907435
41278.744925
41279.283786
41279.665475
41281.016416
41281.985561
41282.698359
41283.342482
41283.604050
41284.529918
41285.198043
41285.913130
41286.485990
41287.132939
41287.901850
41288.907158
41289.638270
41290.120680
41290.843459
41291.780333
41292.442682
