24087.086288
24088.203824
24088.789713
24089.654018
24090.119267
24091.018836
24091.958359
24092.378323
24093.072072
24093.763184
24095.125073
24096.114095
24096.462643
24097.398688
24097.989661
24098.363857
24099.433566
24099.895981
24100.951839
24101.599312
24102.422445
24103.233301
24104.209902
24105.109044
24105.497403
24105.899339
24107.580113
24107.896439
24108.539289
24109.235138
24109.761747
24110.519729
24111.423044
24112.664130
24113.257189
24114.219887
24114.731666
24115.731597
24116.071390
24116.567511
24117.874821
24118.220698
24119.158125
24120.097291
24120.627561
24121.403459
24122.222915
24123.218613
24124.083236
24124.872982
24125.318555
24125.840010
24126.985151
24127.478052
24128.077368
24128.754406
24129.733385
24131.241458
24131.719924
24132.026848
24133.085833
24133.549190
24134.446878
24135.190401
24136.143637
24136.684780
24137.408763
24137.897744
24138.860986
24139.997901
24140.475161
24141.672607
24142.196623
24142.983164
24143.876295
24144.234969
24144.765813
24145.399137
24146.777616
24147.495111
24147.900316
24149.085440
24150.086918
24150.243462
24151.421555
24151.834551
24152.815182
24153.534397
24154.375404
24154.916476
24155.445006
24156.384121
24156.887390
24158.271002
24159.337474
24159.900399
24160.301954
24160.998462
24161.752824
24162.698692
