53888.172281
53888.749604
53889.248603
53890.303748
53891.141481
53891.709947
53892.756566
53893.101634
53893.478096
53894.788459
53895.229193
53895.647193
53895.995469
53896.949887
53897.725675
53898.702882
53899.626414
53900.120702
53900.849332
53901.235698
53902.216810
53902.517556
53903.671996
53904.019425
53904.886871
53905.544511
53905.907423
53906.699034
53907.735897
53908.143937
53908.885034
53910.066017
53910.713463
53911.389223
53911.742838
53912.233149
53913.139684
53913.471755
53914.599590
53915.099771
53915.795663
53916.566545
53917.508627
53918.222767
53918.783676
53919.448435
53919.963626
53920.865223
53921.673238
53922.191927
53922.822674
53923.660731
53923.931190
53924.744547
53925.080636
53926.874655
53927.174072
53928.100769
53928.234700
53929.335268
53929.808255
53930.511165
53931.042876
53931.759942
53932.274543
53933.404403
53933.938442
53934.700781
53935.251325
53935.952249
53936.978059
53937.534934
53938.126824
53939.230388
53939.557910
53940.290638
53940.465065
53941.642806
53942.127168
53942.556962
53943.664220
53944.406912
53945.373227
53946.082254
53946.654551
53947.184998
53947.645810
53948.244449
53949.328029
53950.220583
53950.517643
53951.154223
53951.662737
53952.651609
53953.377181
53954.115239
53954.932212
53955.630756
53956.378101
53957.064812
