57689.874105
57689.948698
57690.975676
57691.609233
57692.140322
57692.756205
57693.222878
57694.230828
57694.543104
57695.440099
57696.012412
57697.233527
57697.818654
57698.486043
57699.205155
57699.477029
57700.214300
57701.171543
57702.240709
57702.382401
57702.965350
57703.453192
57704.485687
57705.088152
57705.619690
57706.633141
57707.609278
57708.085700
57709.013784
57709.347708
57710.120793
57710.478136
57711.299842
57711.759737
57712.871821
57713.263150
57714.361901
57714.686475
57715.480115
57716.330137
57717.000191
57717.651635
57718.655837
57718.847373
57719.528417
57720.573766
57721.218151
57721.405619
57722.219640
57722.579277
57723.641656
57724.886528
57725.590471
57725.817188
57726.795370
57727.114533
57727.895450
57728.619019
57729.215301
57729.839466
57730.730220
57731.412794
57731.812358
57732.490985
57733.765773
57734.119893
57734.584369
57735.641758
57736.698105
57737.064123
57737.403883
57738.388666
57738.737447
57739.155925
57740.271659
57740.932225
57741.529672
57742.469792
57743.216650
57744.188343
57744.609427
57744.966275
57745.672029
57746.549104
57747.218874
57747.953066
57748.599986
57749.237191
57749.789855
57750.269533
57751.178097
57752.064393
57753.283707
57753.481086
57754.220284
57754.721923
57755.586909
57756.094852
57756.812629
57757.390332
