60779.157880
60779.648027
60780.586779
60781.437184
60781.700479
60782.458934
60783.029921
60783.760493
60784.364452
60785.596927
60785.737551
60786.398099
60786.937182
60787.613526
60788.764891
60789.684229
60789.970580
60791.031873
60791.452624
60791.969863
60792.830288
60793.086491
60794.119056
60794.524844
60795.193191
60796.140473
60796.816525
60797.778564
60798.538945
60798.841882
60799.340648
60800.210084
60801.230201
60801.725231
60802.435232
60802.979264
60803.236635
60804.246177
60805.138227
60805.304874
60806.311843
60807.447718
60808.074771
60808.669359
60809.273658
60809.821038
60810.594627
60810.904046
60811.617683
60812.655134
60813.331471
60813.727816
60814.710051
60815.155379
60816.022119
60816.750118
60817.662803
60818.139647
60818.735226
60819.395945
60820.278397
60820.999781
60821.471274
60821.529622
60822.688740
60823.116041
60824.460390
60825.276290
60825.909404
60826.102111
60827.028429
60827.751860
60828.307762
60828.766712
60829.746163
60830.420313
60831.085297
60831.404449
60832.472038
60832.927354
60833.846822
60834.547395
60835.055479
60836.454228
60836.702892
60837.273340
60837.858334
60838.485516
60838.929824
60839.887431
60840.483439
60841.361923
60841.729444
60842.956159
60843.595260
60844.296563
60844.819838
60845.353806
60845.862520
60847.136703
