14853.311400
14853.974648
14855.014310
14855.616159
14856.106301
14857.420794
14858.060092
14859.398293
14860.097121
14860.737463
14861.453012
14861.676348
14863.066725
14863.654903
14864.333548
14865.356844
14866.323362
14867.455269
14868.060399
14868.395368
14869.364714
14870.718620
14871.010800
14871.990102
14872.499893
14873.296002
14873.965100
14874.950739
14876.544841
14876.776111
14877.788452
14878.365239
14879.415108
14879.971766
14880.285207
14881.471961
14882.427858
14883.363438
14883.838356
14884.807457
14885.640880
14886.770038
14887.452100
14888.007730
14889.044042
14889.708888
14890.391373
14890.944783
14891.875143
14892.657549
14894.037754
14895.153079
14895.313078
14896.170402
14896.969194
14897.498262
14898.619925
14899.755126
14900.039806
14900.445250
14901.919327
14902.573378
14903.500369
14904.231388
14905.478457
14906.119839
14906.679634
14907.386255
14908.105479
14908.666488
14909.834707
14910.598532
14911.709052
14912.540485
14913.241408
14913.926657
14914.994472
14915.348487
14916.484891
14917.060468
14918.117709
14918.735599
14919.295114
14919.846304
14921.766403
14922.179619
14923.180668
14923.719191
14924.292916
14925.324032
14926.087000
14926.431018
14927.562503
14928.511374
14929.286939
14930.241342
14931.045028
14931.915461
14932.201177
14933.907519
