4507.745182
4508.211436
4509.371444
4509.943668
4511.040014
4511.462718
4512.809991
4514.077139
4515.191306
4516.089845
4516.365671
4518.275389
4518.584679
4519.574800
4520.538555
4521.475485
4522.144077
4523.237464
4524.973397
4525.790882
4526.348586
4527.353633
4527.943893
4529.069234
4530.025233
4531.318968
4531.643575
4533.297976
4534.135598
4534.935556
4535.907562
4537.252568
4537.806098
4538.508935
4539.188862
4540.347726
4542.129666
4542.620486
4543.746922
4544.720271
4545.263343
4546.141207
4547.593415
4547.938636
4549.281071
4550.068688
4550.979693
4552.321926
4553.536850
4554.197951
4554.959391
4555.595473
4556.891310
4557.533974
4558.396623
4560.215941
4560.999833
4561.629346
4562.596817
4563.416046
4564.815955
4565.416958
4566.253326
4567.121450
4567.941686
4569.615770
4570.433329
4571.457898
4572.249860
4573.246173
4573.924130
4574.297621
4576.189954
4576.793917
4577.859111
4578.927025
4579.956917
4580.717084
4581.894187
4582.568249
4583.673687
4584.380768
4584.977258
4586.207762
4587.674877
4588.977914
4589.643449
4589.748811
4591.204146
4592.049309
4593.159791
4593.836891
4594.787190
4596.263664
4596.829908
4597.820812
4599.373672
4599.907579
4600.630054
4601.602961
