70219.717585
70220.112103
70221.255674
70221.965699
70222.099869
70223.028892
70223.435061
70224.384600
70225.089193
70225.967997
70226.779834
70227.400175
70227.698198
70228.469310
70229.271871
70229.916695
70230.263913
70230.841956
70231.404766
70232.788196
70233.153187
70234.207056
70234.571910
70235.238032
70235.802082
70236.757910
70237.265957
70237.903225
70238.631830
70239.346067
70239.745667
70240.547493
70241.169765
70241.567331
70242.566911
70243.498202
70244.164689
70244.975566
70245.542219
70246.172682
70246.608337
70247.062461
70247.714031
70248.961349
70249.118293
70250.208088
70250.349708
70251.386074
70252.132520
70253.043960
70253.638446
70253.789113
70254.732924
70255.775067
70256.234456
70256.897711
70257.327902
70257.842414
70258.676037
70259.265680
70259.737583
70261.253880
70261.756355
70262.391669
70262.773579
70263.807394
70264.091591
70264.868303
70265.391050
70266.302565
70266.695186
70267.401998
70268.433545
70269.005280
70269.227005
70270.190789
70270.921308
70271.865116
70272.759093
70272.978597
70273.602938
70274.351658
70274.955213
70275.507739
70276.216008
70276.666940
70277.568603
70278.196742
70279.476432
70279.760059
70280.490712
70281.468401
70281.542294
70282.098497
70283.147573
70283.755395
70284.599329
70285.230713
70285.620626
70285.997371
