9793.549999
9793.647618
9794.761051
9795.420031
9796.201811
9797.293024
9798.034191
9799.096192
9800.348712
9800.831815
9801.527598
9802.247218
9803.782724
9804.339386
9804.771010
9805.672191
9806.373069
9807.415268
9808.579426
9809.662905
9810.291826
9811.323107
9812.026190
9812.268979
9813.488974
9814.292509
9815.145409
9816.280725
9816.937616
9817.665816
9818.915101
9819.703209
9820.652109
9821.399312
9821.902829
9823.078061
9823.702895
9824.295346
9825.034070
9826.946695
9827.547832
9828.155753
9828.973287
9829.933473
9830.307902
9831.760429
9832.237602
9833.139694
9833.898350
9834.670764
9836.112660
9836.485906
9837.756654
9838.631071
9839.435359
9840.038249
9840.729469
9841.165565
9842.661664
9843.426278
9844.269014
9845.514484
9846.234022
9846.883790
9847.700262
9848.563597
9849.559686
9850.340915
9851.168115
9851.623956
9852.552236
9853.637530
9855.045803
9856.031387
9856.177060
9856.910175
9858.164581
9858.732414
9859.381159
9860.360205
9861.363515
9862.379013
9863.480482
9863.698339
9864.789829
9866.121993
9866.515268
9867.444225
9868.274452
9868.714659
9869.812878
9870.332258
9872.000623
9872.558666
9873.802220
9874.323957
9875.218994
9875.600956
9876.479017
9877.782654
