7443.628394
7444.423866
7445.518979
7446.192112
7447.470379
7447.915999
7448.578846
7450.026851
7450.313414
7451.287377
7453.156333
7453.562255
7454.501150
7455.111599
7455.756248
7456.879264
7457.555015
7458.758896
7459.317916
7460.742319
7461.412836
7462.345119
7463.241034
7463.953428
7465.235332
7465.873648
7466.509567
7467.236892
7467.893516
7469.742312
7470.410694
7471.316153
7472.216337
7472.938452
7473.801923
7474.318375
7475.457148
7476.661685
7477.126117
7477.990220
7479.360803
7479.826490
7481.270585
7482.088353
7482.760970
7483.222684
7484.435406
7485.087260
7485.836110
7486.980574
7488.341398
7489.410793
7489.801649
7490.288466
7491.480237
7492.871177
7493.000605
7494.155593
7494.893354
7495.620535
7496.903234
7497.876666
7499.018375
7499.635017
7500.520758
7501.394356
7501.889601
7502.606128
7503.815822
7505.007627
7505.855760
7506.458777
7507.881582
7508.325357
7509.362857
7510.062014
7511.268152
7511.831550
7512.639108
7513.256478
7514.327458
7516.017338
7516.682865
7517.316546
7518.233922
7518.988255
7519.483808
7521.095478
7521.418960
7522.235955
7523.583809
7524.576063
7525.117755
7526.077888
7527.339243
7528.255945
7528.618824
7529.572439
7530.024518
7531.443037
