22635.239310
22635.921987
22636.870422
22637.530718
22638.279693
22638.925993
22639.768974
22640.327023
22640.914255
22641.584089
22642.688717
22643.621689
22644.503523
22645.515763
22645.834664
22646.197001
22647.427174
22648.424298
22648.803039
22649.574916
22650.332876
22650.937742
22651.840745
22652.677129
22653.277052
22654.754173
22655.247459
22656.143682
22656.490036
22657.127107
22657.910023
22658.762784
22659.409326
22660.363237
22661.249518
22661.748904
22663.145394
22663.272511
22664.476856
22664.929930
22665.759439
22666.653530
22667.517596
22667.926992
22668.645548
22669.188627
22669.929155
22671.595959
22672.405752
22672.508186
22673.494350
22674.473255
22674.992464
22675.394103
22676.409681
22677.262875
22677.924812
22678.731889
22679.582526
22680.258731
22681.151762
22681.892550
22682.933074
22683.575604
22684.490973
22684.861665
22685.287482
22686.312723
22687.270815
22687.620817
22688.646696
22689.880884
22690.747428
22691.170084
22691.747240
22692.703071
22692.962306
22694.534463
22694.929436
22695.416142
22696.483344
22696.818859
22697.839686
22698.814721
22699.792676
22700.473006
22701.371726
22701.658459
22702.705365
22703.449288
22703.840384
22704.315600
22705.599317
22706.575246
22707.282284
22708.066495
22708.676302
22709.594621
22710.327271
22711.134428
