51732.863453
51733.549735
51734.049039
51734.816833
51735.631309
51736.175152
51737.304289
51737.559956
51738.108276
51738.833908
51739.635255
51739.910776
51741.075834
51741.904795
51742.481843
51743.578322
51744.268874
51744.580466
51745.213265
51745.675266
51746.513475
51747.257286
51748.208248
51748.775714
51749.201707
51749.913906
51750.956509
51751.717301
51752.282870
51752.883946
51753.894694
51754.502882
51755.111456
51755.521391
51756.452670
51757.191192
51757.313557
51757.970053
51759.420774
51760.129725
51760.932827
51761.385798
51762.012960
51762.499170
51763.634383
51763.970314
51764.774700
51765.390261
51765.993516
51766.990083
51767.554683
51767.888628
51768.885133
51769.648483
51770.717574
51771.242920
51772.031485
51772.391954
51773.311247
51773.559930
51774.311226
51775.033514
51775.823781
51776.550738
51777.316321
51778.028545
51779.045258
51779.549289
51780.159121
51780.820835
51781.225007
51782.291077
51783.325232
51783.613295
51784.015824
51784.731645
51785.289396
51786.402156
51786.941727
51788.321719
51788.520362
51789.310369
51789.913010
51790.800073
51791.225653
51791.606192
51792.470193
51793.379801
51793.841951
51794.675920
51795.619388
51796.107619
51796.972635
51797.281682
51798.356182
51799.434131
51799.596531
51800.224462
51800.997122
51801.763633
