14447.922506
14449.132794
14449.951624
14450.705122
14451.418267
14452.005671
14453.579166
14453.919149
14454.643456
14455.077743
14456.068295
14456.873621
14457.704774
14458.892072
14459.853925
14460.723009
14461.056439
14462.049895
14462.616608
14463.289287
14464.453779
14465.200997
14465.930372
14466.743208
14467.397547
14468.613234
14469.456955
14470.384412
14471.075549
14471.397522
14472.789214
14473.367164
14473.620897
14474.446642
14475.757681
14476.881446
14477.720910
14478.217900
14478.989911
14479.714005
14480.841720
14481.210025
14482.497363
14482.844151
14483.720736
14484.328900
14485.581113
14486.291820
14487.201600
14488.535957
14488.835733
14489.551339
14490.254350
14490.781887
14491.789611
14492.841820
14493.557013
14494.207889
14495.708917
14496.035209
14497.023438
14497.404889
14498.693674
14499.343559
14500.149700
14500.920173
14501.356488
14502.368838
14502.833113
14504.744089
14505.278383
14505.782511
14506.719507
14507.357323
14508.153885
14509.032640
14509.512700
14510.479629
14511.519600
14512.368992
14512.977619
14513.812715
14514.853821
14515.881055
14516.269402
14517.442800
14517.892553
14518.326128
14519.635533
14519.906682
14520.988991
14522.381624
14522.931620
14523.875689
14524.740256
14525.238317
14525.509798
14526.965122
14527.866788
14528.574506
