9621.757407
9622.960401
9623.378434
9624.134944
9625.222075
9626.015526
9627.410922
9628.224711
9628.814176
9629.724366
9630.301966
9631.280209
9632.562265
9633.111145
9633.589919
9634.275150
9635.651739
9636.586190
9637.636829
9638.333970
9639.400372
9639.941632
9640.667624
9641.271927
9642.172583
9643.651510
9643.850300
9645.268004
9646.033601
9646.682120
9647.776874
9648.593127
9649.697627
9649.853790
9650.999123
9651.871456
9652.538464
9653.014874
9654.963345
9655.670242
9656.509156
9657.006073
9657.625816
9658.780678
9659.637116
9660.202999
9661.371533
9661.957836
9663.085768
9663.881076
9665.039454
9665.485661
9666.807212
9667.564227
9668.135428
9668.700128
9669.745616
9670.162113
9671.949512
9672.494340
9673.396190
9674.547299
9675.122226
9675.734272
9676.482970
9677.762490
9678.441444
9679.309646
9679.806168
9680.762833
9681.933181
9683.097742
9683.867021
9684.589585
9685.308004
9685.960000
9686.938901
9687.635650
9688.452504
9689.424900
9691.007692
9691.345099
9692.129608
9692.775465
9694.160018
9694.810249
9695.587265
9696.340584
9696.969092
9697.964078
9698.735918
9699.909751
9701.268636
9701.750955
9702.343670
9703.640136
9703.837388
9704.480325
9705.876215
9706.802865
