43004.729756
43005.106609
43006.105825
43006.719305
43007.338916
43008.036616
43008.547256
43009.476900
43010.451285
43010.703416
43011.501087
43012.202158
43013.162871
43013.836387
43014.873862
43015.256276
43016.303357
43016.521414
43017.078205
43017.914103
43018.699550
43019.093249
43020.212438
43020.721888
43021.876959
43022.497933
43023.430503
43023.748705
43024.206792
43024.873741
43026.345076
43026.675995
43027.120888
43027.824744
43028.702090
43028.995567
43030.042708
43031.030720
43031.751928
43032.430537
43033.266726
43033.948916
43034.187579
43035.230303
43035.539202
43036.368168
43036.988493
43037.936414
43038.861784
43039.463753
43040.103934
43040.722870
43041.700115
43042.398164
43042.970939
43043.791319
43044.384148
43044.854501
43046.076367
43046.344953
43046.669484
43047.614789
43048.768754
43049.812949
43050.438635
43050.726015
43051.497569
43052.244639
43052.807307
43053.351464
43054.325208
43055.303101
43055.535114
43056.122913
43057.164110
43058.079058
43058.687572
43059.249681
43060.057626
43061.049479
43061.560071
43062.401530
43062.732458
43063.392150
43063.748351
43064.907665
43065.710090
43066.382946
43067.318338
43068.272280
43068.590599
43069.193706
43070.122062
43070.589099
43071.216230
43072.244944
43072.808535
43073.487120
43074.173993
43074.665063
