60025.111380
60026.023438
60026.702480
60027.506961
60028.079790
60029.308413
60029.769789
60030.008290
60030.923910
60031.694840
60032.130968
60032.751786
60033.444795
60033.986550
60034.711149
60036.141991
60036.662393
60037.138002
60037.798499
60038.154176
60039.426028
60039.593714
60040.625303
60041.163391
60041.667545
60042.637451
60043.009303
60043.618151
60044.568797
60045.169474
60046.167419
60046.922596
60047.599215
60048.069332
60048.883903
60049.444678
60049.681230
60050.448532
60051.407445
60052.070805
60052.881074
60053.519090
60053.952046
60055.262711
60055.795849
60056.250454
60056.659696
60057.748337
60058.439696
60059.103133
60059.657369
60060.337471
60060.713166
60061.419855
60062.079561
60063.429571
60063.960077
60064.762364
60065.282985
60066.050269
60066.362047
60067.104888
60067.887741
60068.532117
60069.265459
60069.556715
60070.777081
60071.373969
60071.915287
60072.768957
60073.330040
60074.025778
60075.151407
60075.818477
60076.006784
60076.811037
60077.243991
60078.155403
60078.790800
60079.221842
60079.920515
60081.121294
60081.813831
60082.582954
60083.131986
60083.705106
60084.369477
60084.945647
60085.476284
60086.497957
60087.250453
60087.876902
60088.188368
60088.842310
60089.668312
60090.535817
60091.575848
60092.009850
60092.575051
60093.512124
