32015.248763
32016.006706
32017.348972
32018.099807
32018.577922
32019.206421
32019.829755
32020.608565
32021.251461
32022.413305
32022.751345
32023.281734
32024.311294
32024.906865
32025.929767
32026.470802
32027.164120
32028.456928
32029.088922
32029.621666
32030.010929
32030.924364
32031.476833
32032.135196
32033.123384
32033.644347
32035.034299
32035.275991
32036.310773
32037.109342
32037.547741
32038.122214
32039.214238
32039.687559
32040.583042
32041.392907
32041.906911
32042.444672
32042.848298
32044.625084
32045.111527
32045.940046
32046.491240
32047.265315
32047.882063
32048.728332
32049.062561
32049.896547
32050.555656
32051.688279
32052.274082
32053.087817
32053.835560
32054.821779
32054.966390
32056.016611
32057.184776
32057.455609
32058.209648
32058.603546
32059.587693
32060.129674
32061.024603
32061.608785
32062.917154
32063.579858
32064.578844
32064.887166
32065.292244
32066.164142
32066.818275
32067.832124
32068.649770
32069.019310
32069.717786
32070.636538
32071.684808
32071.911728
32073.382746
32073.593497
32074.522415
32075.181474
32075.982139
32076.598428
32077.046344
32077.761431
32078.353026
32079.631075
32080.624482
32081.238212
32081.772663
32082.322119
32083.466060
32084.066312
32084.428418
32085.324957
32086.315122
32086.909848
32087.303031
32088.295493
