36832.958686
36834.256591
36834.492848
36834.927220
36836.032016
36836.499926
36836.972181
36838.163823
36839.151280
36839.806692
36840.575394
36840.845809
36841.757477
36842.689050
36843.396039
36843.885762
36844.624900
36845.318249
36846.246711
36846.456033
36847.519497
36847.920657
36849.355066
36850.236098
36850.628226
36851.258806
36851.899147
36852.640774
36853.211664
36853.755884
36854.906898
36855.512834
36856.292105
36856.628693
36858.080412
36858.615495
36859.046203
36859.981288
36860.623940
36861.435064
36862.377280
36862.808971
36863.326051
36863.861227
36864.481049
36865.784173
36866.462444
36867.369372
36868.233037
36868.551496
36869.401270
36870.025522
36870.722793
36871.188792
36872.310734
36872.797298
36873.598805
36874.325732
36874.980460
36875.799555
36876.466618
36877.447513
36878.445079
36878.966450
36879.345739
36879.951005
36880.872028
36881.544159
36882.160140
36882.704619
36883.583127
36884.884424
36885.513282
36886.131703
36886.598528
36887.624260
36887.761493
36888.918543
36889.854758
36890.251235
36890.801567
36891.713521
36892.298535
36892.751830
36894.193168
36895.005836
36895.268141
36896.333446
36897.029629
36897.687319
36898.209593
36898.732686
36899.266733
36900.453588
36901.092336
36902.062531
36902.537998
36903.306104
36904.241501
36905.030117
