13387.503245
13388.716842
13389.343315
13390.763347
13391.223755
13391.827252
13392.717120
13393.162311
13394.070644
13395.405445
13395.918638
13396.372216
13397.593044
13398.488149
13399.194480
13400.392606
13401.021910
13401.752733
13402.430552
13403.403107
13403.965815
13404.662135
13405.244465
13406.907370
13407.883533
13408.341752
13409.055835
13409.734981
13410.913530
13411.394775
13412.401705
13413.009370
13413.855368
13414.933835
13415.097617
13416.529643
13417.441505
13418.360759
13419.121520
13419.996864
13420.367380
13421.004802
13421.926003
13422.934413
13423.703520
13424.779659
13425.324809
13426.732836
13427.306793
13427.627896
13428.587199
13430.007115
13430.289897
13431.195695
13431.679591
13432.520899
13433.322625
13434.811628
13435.638978
13436.244436
13437.027702
13437.881692
13438.309033
13439.293466
13440.151624
13440.704027
13441.831698
13442.898231
13443.358722
13444.340292
13445.009416
13446.424461
13447.003314
13447.373847
13448.362595
13449.163492
13449.726003
13450.658914
13451.331873
13452.904528
13453.639774
13454.288346
13455.002759
13455.717429
13456.411831
13457.264937
13458.472826
13459.001361
13459.744566
13460.142035
13461.927148
13462.175279
13463.451114
13464.023014
13464.961880
13465.768920
13466.404818
13467.124664
13467.298736
13468.992754
