64396.393552
64396.840436
64397.787802
64398.282529
64399.035401
64399.960829
64400.160885
64400.991892
64401.653224
64402.358068
64402.448086
64403.214351
64404.695250
64405.240451
64405.943716
64406.446082
64407.145236
64407.844124
64408.587213
64409.008667
64409.769779
64410.380984
64411.345882
64411.793054
64412.314339
64413.183587
64413.624871
64414.523130
64415.522084
64416.263017
64416.701119
64417.670532
64417.915672
64418.560015
64419.120104
64419.789591
64420.667184
64421.391993
64421.810182
64422.619684
64423.816876
64424.383423
64424.753165
64425.400257
64426.176979
64426.627599
64427.932963
64428.282686
64428.794738
64429.405708
64429.888157
64430.683767
64431.583905
64432.028509
64433.370568
64433.995027
64434.324584
64434.977775
64436.013635
64436.187623
64436.920336
64437.494716
64438.163139
64439.112597
64439.691777
64440.555376
64441.037996
64441.751464
64442.407907
64443.342983
64444.057040
64444.672868
64445.305449
64445.629744
64446.816858
64447.114656
64447.703530
64448.390209
64448.819290
64449.959459
64450.997437
64451.582299
64452.187047
64452.741828
64453.380057
64454.029255
64454.351425
64455.666741
64456.077794
64456.576932
64457.639714
64457.753738
64458.471539
64459.750182
64460.342169
64460.670326
64461.557859
64462.703259
64463.022086
64463.602496
