62829.269858
62829.915917
62830.610078
62831.436216
62832.312495
62832.806741
62833.120765
62833.847252
62834.648499
62835.127895
62836.131941
62836.495275
62837.591066
62838.798694
62838.936769
62839.532615
62840.325169
62840.627984
62841.414430
62842.003976
62843.229597
62843.392214
62844.304021
62844.610004
62845.736138
62846.469538
62846.921950
62847.795318
62848.628762
62849.233869
62849.584641
62850.608285
62851.237883
62851.772649
62851.986330
62853.016727
62853.296646
62854.873049
62855.336386
62856.219712
62856.668254
62857.041650
62858.067097
62858.752811
62859.240122
62859.691456
62860.719477
62861.362901
62862.006630
62862.505993
62863.186031
62864.048047
62864.646273
62865.714274
62866.345466
62866.988232
62867.726184
62868.138831
62868.654564
62869.266818
62870.121293
62870.743986
62871.397310
62872.346253
62872.731411
62873.956610
62874.604151
62875.107460
62875.512275
62876.066989
62877.221573
62877.855161
62878.615273
62878.969656
62879.403457
62880.340149
62880.901991
62881.474829
62882.822111
62883.384082
62883.937444
62884.769359
62885.382336
62885.910355
62886.346643
62887.329874
62887.734396
62888.305393
62889.243513
62890.154160
62890.757938
62891.216224
62891.986542
62892.790773
62893.542434
62894.236407
62894.962535
62895.405095
62896.086426
62896.759377
