42790.747907
42791.847444
42792.350109
42793.222966
42793.817943
42794.207452
42795.409802
42796.202778
42796.786873
42797.864126
42798.164874
42798.684980
42799.681211
42800.305652
42801.036930
42801.158669
42801.931367
42803.324938
42804.225267
42804.580516
42805.467594
42805.982923
42806.665176
42807.329709
42808.157539
42808.936687
42809.491491
42810.085078
42810.985209
42811.415722
42812.094890
42813.306153
42813.782957
42814.622286
42815.711628
42816.185869
42816.616485
42817.240814
42817.953740
42818.329733
42819.616915
42820.207065
42820.681820
42821.611128
42822.621612
42823.132664
42824.046295
42824.337091
42825.057435
42826.135983
42826.693083
42827.482636
42827.842396
42828.636626
42829.176356
42829.838972
42830.771695
42832.171888
42832.576370
42833.146740
42833.645441
42834.432296
42835.495416
42835.613652
42836.247890
42837.363191
42837.787013
42838.683026
42839.613432
42840.107538
42840.716347
42841.518147
42842.708639
42843.062625
42843.822324
42844.437452
42845.174887
42845.674999
42846.334210
42846.979341
42847.819784
42848.562046
42849.672199
42850.379150
42851.010218
42851.663680
42852.341826
42852.676615
42853.434717
42854.546453
42855.217285
42855.884724
42856.265684
42856.717400
42858.122484
42858.569200
42859.693227
42860.017051
42860.990265
42861.789088
