64056.195544
64056.917904
64057.221219
64057.537585
64058.804292
64058.959810
64059.525016
64060.941558
64061.680528
64062.332180
64062.875071
64063.478064
64064.023661
64064.738662
64065.474453
64065.954148
64066.688690
64067.412970
64068.011388
64068.979105
64069.854932
64069.964792
64070.803127
64071.668928
64072.506554
64073.234166
64073.806059
64074.034525
64075.101176
64075.424490
64076.236538
64076.794073
64077.357319
64078.558454
64079.161760
64080.138472
64080.596378
64081.249397
64081.713993
64082.397920
64083.125573
64083.542632
64084.865598
64085.183817
64085.896585
64086.162407
64086.881641
64088.189009
64088.724310
64089.274045
64090.262375
64090.681210
64091.494237
64092.125527
64092.642832
64093.360885
64093.616171
64094.318196
64095.622087
64095.897980
64097.047986
64097.488487
64098.476736
64098.725410
64099.385961
64100.163733
64101.126861
64101.613549
64101.972386
64102.939555
64103.477907
64104.119386
64104.758377
64105.471642
64106.085184
64107.512564
64107.955598
64108.568130
64109.047746
64109.656634
64110.159099
64110.980103
64111.710295
64112.355927
64112.887242
64113.729379
64114.529175
64115.208140
64115.954965
64116.586377
64117.299101
64117.719932
64118.808892
64119.260647
64120.155477
64120.509813
64121.195682
64121.519341
64122.373302
64123.062657
