46616.145499
46616.842426
46617.807599
46618.454736
46619.068429
46619.886116
46620.627432
46621.425347
46621.909506
46622.920487
46623.682926
46623.951426
46624.881231
46625.463703
46626.158278
46627.000817
46627.247076
46627.688759
46629.448575
46630.069551
46630.733435
46631.139714
46631.956576
46632.436086
46633.231716
46633.956948
46634.742301
46635.144090
46636.082828
46636.741026
46637.409900
46638.016439
46639.145137
46639.704716
46640.228449
46641.438421
46641.967252
46642.434640
46643.171504
46643.503871
46644.251536
46645.077013
46645.913241
46646.646390
46647.595327
46648.017952
46649.223296
46649.626629
46650.135268
46650.615172
46651.554006
46652.558021
46653.099780
46653.501068
46654.399805
46654.855555
46655.469243
46656.643436
46657.372809
46658.379125
46658.921692
46659.271904
46660.033038
46660.789783
46661.530321
46661.826140
46662.707573
46663.458119
46664.081404
46665.436653
46665.784006
46666.374649
46667.009384
46667.810958
46668.779145
46669.419291
46669.902764
46670.515647
46671.458808
46671.793855
46672.465616
46673.285670
46673.970953
46675.025678
46676.075461
46676.393065
46677.092262
46677.694232
46678.493707
46678.889623
46679.376760
46680.639711
46681.467403
46681.754206
46682.237599
46683.259815
46684.230663
46684.893038
46685.430428
46686.263564
