55135.448634
55135.846584
55136.931952
55137.318556
55137.807131
55138.455896
55139.585624
55140.068852
55141.400055
55141.593494
55142.321315
55142.833361
55143.614113
55144.767712
55145.004149
55145.876193
55146.134141
55147.091558
55147.916426
55148.226147
55148.764483
55149.924656
55150.667188
55151.767625
55152.194045
55152.674949
55153.532447
55153.829874
55154.703259
55155.067841
55156.117792
55156.892144
55157.436072
55158.069168
55158.695630
55159.826091
55160.444834
55160.965598
55161.773380
55162.187886
55163.411566
55163.902330
55164.345374
55164.934772
55165.451002
55166.245327
55166.900292
55168.208208
55168.752360
55169.516243
55169.965066
55170.793414
55171.482187
55171.814310
55172.575741
55173.580206
55173.992904
55174.702775
55175.347698
55176.226424
55176.862997
55177.340228
55178.198319
55179.493214
55179.810227
55180.418388
55181.222891
55181.596501
55182.113131
55183.058305
55183.756468
55184.286033
55184.762736
55186.216933
55186.652524
55187.665188
55187.879441
55188.678402
55189.166609
55190.164636
55190.582083
55191.668844
55192.153782
55192.602602
55193.333705
55193.785395
55194.698866
55195.713894
55196.543132
55197.208017
55197.547373
55198.604118
55199.173970
55199.653301
55200.254288
55200.770070
55201.465858
55202.681239
55203.308851
55203.625199
