58171.279239
58171.893407
58172.414161
58173.432860
58173.748999
58174.358415
58174.986556
58175.703534
58176.665225
58177.682211
58177.945749
58178.959280
58179.619804
58180.019317
58180.414658
58181.810213
58182.319317
58182.758938
58183.487624
58184.038104
58184.704229
58185.307649
58186.301860
58186.980135
58187.739445
58188.629007
58189.421350
58189.883730
58190.429328
58190.751861
58191.571518
58192.434257
58193.049633
58193.892622
58194.366440
58195.347064
58195.713589
58196.967864
58197.232464
58197.973311
58198.768568
58199.558770
58200.085623
58200.569461
58201.659741
58202.011971
58202.351937
58203.235031
58203.739754
58205.462881
58205.776659
58206.355633
58206.954662
58207.505981
58208.435079
58209.041910
58209.404017
58210.339856
58210.960055
58211.712089
58212.333824
58213.005230
58213.812660
58214.397035
58215.185810
58216.215384
58216.659062
58217.360107
58218.200453
58218.529563
58219.040790
58219.740393
58220.384636
58221.459355
58221.908919
58222.616132
58223.779779
58224.434735
58224.792329
58225.588840
58226.206214
58226.493782
58227.632747
58228.533423
58229.010493
58229.457954
58229.858736
58230.904343
58231.515038
58232.375269
58233.439388
58233.878474
58234.684861
58235.168385
58235.783040
58236.522743
58237.109645
58237.685888
58238.224187
58239.105894
