7797.939994
7798.642876
7799.027356
7800.048866
7801.085965
7802.278136
7802.563043
7803.341640
7804.662539
7805.651244
7806.365526
7807.453947
7808.521694
7809.148095
7809.949348
7810.246422
7811.425296
7812.392880
7813.480751
7814.556090
7815.586939
7815.855841
7817.152637
7817.796685
7818.660115
7819.635648
7820.586397
7821.053880
7822.094093
7822.719034
7824.645471
7825.273177
7825.827781
7826.471180
7827.806459
7828.125195
7828.993878
7830.128538
7830.877581
7832.274462
7832.824494
7833.920755
7834.383065
7835.733258
7836.463501
7837.396947
7838.064178
7838.482550
7839.568362
7840.782349
7841.828068
7842.773773
7843.741048
7844.457429
7845.080327
7845.576147
7847.000089
7847.835966
7848.647013
7849.322974
7850.381575
7851.749375
7852.055533
7853.536887
7854.099209
7854.705243
7855.730232
7856.589741
7857.007480
7857.998247
7859.863876
7860.360848
7861.074293
7861.968307
7862.576808
7863.886469
7864.688424
7865.047548
7866.327295
7867.142338
7867.701391
7869.054058
7870.100532
7871.026268
7871.891593
7872.421051
7873.258974
7873.857411
7874.894281
7876.081256
7876.811378
7877.833953
7878.910611
7879.774371
7880.247924
7881.172597
7882.440411
7883.219132
7883.739288
7884.386136
