74050.859647
74051.426608
74052.354886
74053.091529
74053.463261
74054.293305
74054.602330
74055.685608
74056.105961
74056.557826
74056.859677
74058.193790
74059.075834
74059.778416
74060.603891
74060.883141
74061.154717
74062.400934
74062.849273
74063.599121
74064.042286
74064.833193
74065.600958
74066.044043
74066.920785
74067.204602
74068.199371
74069.051785
74069.617376
74070.565959
74071.237719
74071.575112
74072.237270
74072.929452
74073.231262
74074.026405
74074.823330
74075.602061
74076.321116
74076.740178
74077.826794
74078.624557
74078.980717
74079.655697
74080.172094
74080.774125
74081.963225
74082.617699
74082.711972
74083.543404
74083.976635
74084.890802
74085.253894
74086.486242
74087.351897
74087.847803
74088.501616
74089.004044
74089.896120
74090.200619
74090.870220
74091.523518
74092.424326
74092.691080
74093.589205
74094.568406
74095.114113
74095.684267
74096.234654
74097.087153
74097.923497
74098.733925
74099.016287
74099.727728
74100.471094
74100.786262
74101.688454
74102.269493
74102.863777
74103.311780
74104.858119
74105.420503
74105.784419
74106.636712
74107.185339
74107.721251
74108.238190
74108.922849
74109.954350
74110.414332
74111.213930
74111.668746
74112.026424
74113.075968
74114.015263
74114.606673
74115.107795
74116.032497
74116.589871
74117.247892
