51523.229357
51524.536740
51525.345034
51525.989828
51526.682668
51527.009500
51527.532538
51528.769457
51529.011079
51529.468984
51530.800765
51531.135869
51531.797698
51532.570045
51533.501093
51534.385976
51534.644928
51535.304697
51536.395859
51537.102504
51537.776346
51538.106658
51538.856376
51539.317036
51539.960783
51540.967374
51541.791045
51542.507942
51543.323523
51544.074560
51544.791510
51545.151284
51545.810528
51546.419413
51547.308637
51548.035642
51548.724511
51549.366455
51549.842622
51550.806096
51551.216661
51552.269848
51553.421147
51553.599621
51554.492681
51555.021749
51555.500951
51556.566314
51556.773514
51557.662695
51558.268730
51558.670138
51560.256950
51560.864937
51561.290498
51561.930484
51562.686822
51563.320992
51564.019833
51564.987530
51565.352744
51566.229384
51566.645143
51567.256570
51568.183954
51568.632086
51569.583152
51570.655434
51571.434048
51571.502130
51572.903833
51573.193676
51573.623046
51574.134499
51574.908202
51576.032176
51576.498622
51577.401679
51577.693769
51578.701294
51579.677131
51580.169267
51580.735027
51581.507488
51582.200622
51583.115449
51583.526780
51584.384106
51584.662126
51585.307001
51586.137307
51586.783691
51588.103875
51588.763598
51589.426537
51589.821464
51590.533804
51591.079350
51591.966899
51592.644092
