31131.013587
31131.662593
31132.241547
31133.044877
31133.277757
31134.338352
31135.190007
31135.719952
31136.558149
31137.654546
31138.217130
31139.232821
31139.398557
31140.549393
31141.065680
31141.757648
31142.874906
31143.378773
31143.956984
31144.354279
31145.225294
31146.067782
31147.603578
31147.935178
31148.562538
31149.221986
31150.131266
31150.857369
31151.332130
31151.664780
31153.012405
31153.546852
31154.480861
31154.951789
31156.028213
31156.556819
31157.391406
31158.218863
31159.084018
31159.835909
31160.166243
31160.988743
31161.519807
31162.434288
31162.955176
31163.848128
31164.731844
31165.941448
31166.497124
31167.159760
31167.599228
31168.098112
31169.119855
31170.161688
31170.545703
31171.358385
31171.846374
31172.769132
31173.413142
31174.468091
31175.336689
31175.728549
31177.075213
31177.345623
31177.871552
31178.811037
31179.512539
31179.829738
31180.504757
31181.855222
31182.709850
31183.259285
31183.982499
31184.698299
31185.627667
31186.117636
31186.821330
31187.835299
31188.122142
31189.161195
31189.929214
31190.295870
31190.793245
31192.090568
31193.278720
31193.605841
31194.651711
31195.059898
31195.698058
31196.274326
31197.156016
31197.718264
31198.809277
31199.341457
31199.836360
31201.211221
31201.844420
31202.391526
31203.158465
31203.688612
