61121.393860
61122.101994
61122.293071
61123.174736
61124.272350
61124.869761
61125.409782
61125.841341
61127.054969
61127.361082
61128.049011
61129.131081
61129.325145
61129.888282
61130.657565
61131.269376
61131.790718
61133.302356
61133.910485
61134.475767
61135.008270
61135.533443
61136.274307
61137.029412
61137.728317
61138.102155
61138.881950
61139.664232
61140.519645
61140.995376
61141.759443
61142.439255
61143.094218
61144.162248
61144.563958
61145.606302
61145.826320
61146.519093
61147.066876
61147.918175
61148.259124
61149.109125
61149.842293
61150.954063
61151.445291
61152.131678
61153.172512
61153.536507
61153.910329
61154.441371
61155.437109
61156.587878
61156.693164
61157.392764
61158.101755
61158.553947
61159.321544
61160.584345
61161.003078
61161.775138
61162.386076
61163.424834
61163.582869
61164.414191
61164.804080
61165.615026
61166.125634
61166.911852
61167.698034
61168.605346
61169.514937
61169.802606
61170.428742
61171.280103
61171.896869
61172.633132
61173.603341
61173.924826
61174.198214
61175.500658
61175.809411
61176.497357
61177.038876
61177.855264
61179.051550
61179.923650
61180.354401
61180.659946
61181.428238
61182.174852
61182.685408
61183.294212
61184.110586
61185.164318
61185.259036
61186.070272
61186.990122
61187.755148
61188.448840
61188.943272
