58446.273114
58447.016613
58447.478011
58448.096689
58448.747281
58449.428603
58450.914479
58451.300037
58452.102966
58452.421742
58452.912636
58453.904781
58454.601771
58454.856277
58455.620106
58456.591366
58457.240311
58457.722640
58458.875957
58459.488538
58460.038259
58460.594950
58461.446782
58462.094222
58463.045695
58463.538149
58464.145602
58464.661942
58464.993946
58466.135624
58466.566293
58467.913817
58468.273215
58469.022371
58470.060492
58470.471167
58471.045691
58471.411058
58472.314155
58472.813358
58473.891533
58474.585388
58474.825662
58475.793024
58476.383196
58477.129045
58478.042000
58478.704006
58479.437752
58480.111577
58480.835398
58481.144906
58481.859956
58482.728533
58483.330160
58483.688450
58484.252310
58485.821504
58486.477636
58486.927130
58487.640116
58488.093190
58488.884282
58489.440943
58490.479279
58491.014179
58491.410415
58492.300565
58492.852487
58493.623325
58494.192700
58494.888452
58496.156956
58496.471146
58497.306758
58498.185137
58498.509514
58499.274693
58499.662969
58500.253748
58500.973386
58502.089759
58502.500259
58503.378834
58503.928020
58504.817836
58505.688257
58506.177236
58506.615625
58507.373192
58508.222633
58508.950524
58509.664477
58510.067670
58510.764600
58511.020851
58512.122042
58512.922644
58513.881461
58514.801257
