63306.766403
63307.416744
63307.928087
63308.777121
63309.416770
63310.105988
63310.550799
63311.630075
63312.251266
63312.605874
63313.651372
63313.951113
63314.566898
63315.293759
63316.009460
63316.531321
63317.745689
63318.338291
63319.194812
63319.922561
63320.335606
63320.786138
63321.377633
63322.017408
63323.158013
63323.690440
63324.163772
63324.979423
63325.348241
63326.702074
63327.054831
63327.764139
63328.451778
63329.331161
63329.777895
63330.831088
63331.168843
63331.645583
63332.275727
63332.998140
63333.705900
63334.131954
63335.740638
63336.236704
63336.568653
63337.318203
63337.996179
63338.847725
63339.178850
63340.021890
63340.567576
63341.298215
63342.254425
63342.441357
63343.539901
63343.846858
63344.440081
63345.747665
63346.475819
63347.205929
63347.362922
63348.364891
63348.826857
63349.474198
63349.968573
63350.797394
63351.380024
63352.293306
63352.785992
63353.960748
63354.399206
63355.253377
63355.826180
63356.129202
63356.905241
63357.930857
63358.604171
63359.258750
63359.538360
63360.327468
63360.658951
63361.706976
63362.588903
63363.324692
63363.946101
63364.941182
63365.350673
63366.084633
63366.419200
63367.235747
63367.797034
63368.308075
63369.359804
63370.032169
63370.594743
63371.332625
63372.237818
63372.568861
63373.625832
63373.983483
