45557.287245
45557.760046
45558.440134
45559.836269
45560.646689
45561.344423
45561.654136
45562.352086
45562.908810
45563.922347
45564.367742
45565.254374
45565.758720
45566.383761
45567.495976
45567.859856
45568.857389
45569.267526
45570.248677
45571.193088
45571.697613
45572.444531
45573.057796
45573.571816
45574.208633
45574.828912
45575.509642
45576.562402
45577.180120
45578.128610
45578.890200
45579.394871
45580.197513
45580.891231
45581.358906
45581.746144
45583.268499
45583.717130
45584.194740
45584.618521
45585.538368
45586.127621
45587.338107
45588.048326
45588.732294
45589.510842
45589.872548
45590.787503
45591.352216
45591.996336
45592.296861
45593.523258
45593.944228
45594.835920
45595.812381
45596.643054
45597.108699
45597.347444
45598.589211
45599.243519
45600.021655
45600.824424
45600.912695
45601.754047
45602.675907
45603.240942
45603.716475
45604.662091
45605.844814
45606.482781
45607.311872
45607.660763
45608.139989
45608.981954
45609.590324
45610.293205
45611.134767
45611.871894
45612.512097
45613.125991
45613.835670
45614.948521
45615.570068
45616.038332
45616.876008
45617.737191
45618.217600
45619.081560
45619.711857
45619.875353
45620.818542
45621.209131
45622.951456
45623.253215
45623.949064
45624.680383
45625.603359
45625.920534
45626.546596
45627.351816
