36760.793037
36761.388658
36762.005755
36762.570221
36763.609900
36764.215494
36765.106913
36765.659367
36766.252901
36767.016707
36768.220610
36768.798809
36769.636741
36770.199769
36770.606907
36771.731463
36772.260934
36772.889003
36773.087082
36774.339752
36775.020698
36776.306148
36776.877160
36777.367102
36778.047099
36778.790795
36779.408836
36780.212525
36781.098788
36781.761626
36782.347918
36782.645617
36783.748658
36784.553066
36785.415586
36785.891042
36787.208893
36787.722849
36788.332032
36788.884213
36789.565803
36790.062813
36790.734952
36792.113309
36792.345443
36793.024301
36794.297403
36794.744343
36795.678828
36796.028086
36796.934747
36797.750560
36798.307032
36799.156607
36799.730489
36800.493592
36801.068598
36801.421454
36802.448895
36803.953876
36804.448506
36804.928508
36805.661763
36806.194611
36807.110555
36807.653872
36808.469352
36808.862141
36809.822098
36810.836774
36811.178227
36812.220476
36812.684067
36813.694594
36814.304488
36815.166586
36815.994889
36816.571342
36817.035721
36817.619827
36818.453702
36819.141874
36819.747746
36820.974655
36821.689159
36822.268745
36823.512672
36823.798610
36824.232266
36824.765266
36825.819923
36826.862228
36827.268842
36827.913968
36828.562344
36829.146596
36830.255808
36831.018355
36831.822258
36832.760131
