43786.301366
43787.188443
43787.961760
43788.707206
43789.032668
43789.358291
43790.285563
43791.292287
43792.168201
43793.139393
43793.526492
43794.252339
43795.127799
43795.567499
43796.295976
43796.589056
43797.688141
43798.385531
43799.061972
43799.939561
43800.325390
43801.393602
43802.039304
43802.525579
43803.771575
43804.312858
43804.962609
43805.495984
43805.917193
43807.026612
43807.541423
43808.092697
43808.633997
43809.939203
43810.811128
43811.636378
43811.993559
43812.561345
43813.186272
43813.905611
43814.984345
43815.455496
43815.997634
43816.990502
43817.302628
43818.205551
43818.752998
43820.103311
43820.487640
43821.162208
43822.185471
43822.736388
43823.259036
43824.011579
43824.492677
43825.046307
43825.753797
43826.993048
43827.770036
43828.074228
43829.087074
43829.809405
43830.514717
43831.137833
43831.664297
43832.488881
43833.399408
43833.954279
43834.457626
43835.223170
43835.888928
43836.301757
43837.648299
43838.464537
43839.247808
43839.803996
43840.477853
43840.719387
43841.705548
43842.340287
43842.982390
43843.964254
43844.383416
43844.938285
43846.439466
43846.781735
43847.380215
43847.957301
43848.936561
43849.822339
43850.376723
43851.077259
43851.589766
43852.195225
43852.739756
43853.790813
43854.126371
43855.315854
43856.353856
43856.749547
