20007.298211
20008.058429
20008.780338
20009.554300
20009.974296
20010.739624
20011.686960
20012.621425
20013.255854
20013.975876
20014.736556
20015.485784
20016.785059
20017.460596
20018.047559
20018.687061
20019.919183
20020.156753
20020.922438
20021.728531
20022.056538
20023.483938
20024.659948
20025.085241
20025.945417
20026.529858
20027.336548
20028.013164
20028.945887
20029.846528
20030.258976
20031.067858
20031.786379
20032.641486
20033.831538
20034.057083
20035.662702
20036.182512
20036.768859
20037.424720
20037.953263
20038.765155
20039.674348
20040.580500
20041.203760
20042.087967
20043.223891
20043.978308
20044.297839
20045.146451
20046.248303
20046.902156
20047.441685
20048.560056
20049.061400
20049.361022
20050.300538
20051.742558
20052.596833
20053.421580
20053.773098
20054.458513
20055.675521
20055.961735
20056.676324
20057.491096
20058.428415
20059.473195
20059.891664
20060.702502
20061.956284
20062.109790
20063.669360
20063.911032
20064.826867
20065.496779
20066.025676
20066.899459
20067.478888
20068.489459
20069.369256
20070.624640
20071.040942
20072.089954
20072.483511
20072.987381
20073.784379
20075.300984
20075.531411
20076.241526
20076.805051
20077.879278
20078.704736
20079.658582
20080.484507
20081.188915
20082.112162
20082.686051
20083.448849
20083.842473
