27635.512321
27636.748923
27637.529539
27637.882557
27638.677270
27639.744375
27640.488299
27641.286781
27642.127815
27642.640455
27643.182024
27644.116494
27644.771276
27645.269186
27645.953292
27647.113261
27648.229613
27648.659929
27649.729832
27650.168382
27650.756883
27651.181328
27652.559568
27653.168729
27653.876004
27654.359287
27655.035100
27655.928443
27656.973408
27657.649088
27658.416676
27659.246332
27660.292001
27660.680498
27661.035436
27662.033282
27662.438087
27663.338792
27664.360895
27664.985604
27666.063395
27666.769501
27667.236976
27668.093969
27669.016812
27669.522709
27670.271655
27671.188860
27671.640270
27672.633151
27673.092119
27673.635552
27674.556696
27676.198410
27676.570000
27677.237806
27677.683880
27678.498660
27679.365009
27680.003861
27680.374867
27681.632948
27682.239527
27682.757543
27684.099306
27684.671965
27685.091069
27686.257462
27686.730146
27687.758666
27688.483874
27689.111293
27689.642416
27690.033660
27691.031829
27691.914927
27692.972170
27693.537711
27694.615171
27695.329115
27695.716358
27696.704537
27696.883492
27697.799248
27699.028756
27699.437447
27700.207275
27700.755166
27701.609915
27702.620344
27703.270919
27704.389260
27704.913468
27705.584950
27706.395771
27706.673921
27707.958509
27708.211606
27708.836763
27709.686188
