52568.447122
52568.828582
52569.677902
52570.004185
52571.252991
52571.891935
52572.436693
52572.871992
52573.673649
52574.295249
52575.114269
52575.785081
52576.957507
52577.579988
52578.030003
52578.749141
52579.562274
52580.193292
52580.550294
52581.140595
52581.865981
52582.929710
52583.407516
52584.611664
52585.130327
52585.230945
52586.575386
52587.299794
52587.570933
52588.613604
52589.003285
52589.896560
52590.583382
52591.067751
52591.680199
52592.267029
52593.059968
52594.118065
52595.287261
52595.459974
52596.189797
52596.870764
52597.429597
52597.941661
52598.658897
52599.711806
52600.180828
52600.866651
52601.347559
52602.315743
52603.317800
52603.778151
52604.423799
52604.920319
52606.267340
52606.753819
52607.217589
52607.779844
52608.450186
52609.210934
52609.464022
52610.670528
52611.308919
52612.338066
52612.951004
52613.672922
52614.322509
52614.739209
52615.559769
52616.153694
52617.070403
52617.297631
52618.536021
52619.094777
52619.526854
52620.066321
52620.976228
52622.067301
52622.732797
52623.643575
52623.843609
52624.628460
52625.173465
52626.057638
52626.688181
52627.103979
52627.558238
52628.875873
52629.478755
52630.405701
52630.966321
52631.772131
52632.163400
52632.785900
52633.771981
52634.351661
52635.307016
52635.789799
52636.011584
52636.976236
