32750.234735
32751.824929
32752.180774
32752.611230
32753.346807
32754.709126
32755.113278
32755.856432
32756.379136
32756.893664
32757.731283
32758.382641
32759.239044
32760.418052
32760.942272
32761.900253
32762.692831
32762.970885
32763.589548
32764.654651
32765.106661
32765.774288
32767.007873
32767.371497
32768.067221
32768.689087
32769.639798
32770.599033
32771.473469
32772.122770
32772.600256
32773.253198
32774.232664
32774.734578
32775.314520
32775.987429
32776.602947
32778.230127
32778.495512
32779.483667
32780.031663
32780.663676
32781.354834
32782.147540
32782.938467
32783.905370
32784.161324
32784.950001
32785.459860
32786.583655
32787.123402
32788.158293
32789.003183
32789.665128
32790.568674
32791.199530
32791.475998
32792.152026
32792.782260
32794.061210
32794.710382
32794.968322
32796.259033
32796.955424
32797.635814
32798.480749
32798.985049
32799.781702
32800.676243
32801.279012
32802.054827
32802.544329
32803.171255
32804.127613
32804.300695
32805.997774
32806.975989
32807.216516
32807.790282
32808.456773
32809.666279
32809.768285
32810.629872
32811.481475
32812.030967
32813.019642
32813.682919
32814.588034
32814.930768
32816.106340
32816.674094
32817.787673
32818.241894
32818.876322
32819.445404
32820.355185
32820.718037
32821.396171
32822.572438
32823.244743
