65891.125431
65892.049838
65892.942016
65893.471161
65893.819722
65894.520749
65895.020176
65896.112073
65896.553694
65897.193124
65897.876413
65898.552775
65899.130003
65899.977290
65900.645522
65901.363316
65901.829789
65903.159658
65903.635090
65904.364054
65904.580056
65905.222515
65906.137520
65906.566265
65907.138834
65907.963543
65908.929364
65909.366900
65910.439454
65911.021245
65911.554389
65912.344083
65912.905039
65913.365411
65914.205884
65915.096306
65915.788250
65916.055436
65916.919546
65917.330692
65917.776277
65919.279610
65919.971530
65920.503322
65921.132289
65921.742307
65922.618015
65923.143587
65923.438416
65924.333738
65924.756419
65925.799910
65926.376737
65927.068068
65928.106605
65928.425414
65929.166125
65929.866746
65930.700083
65931.108241
65932.438859
65932.527374
65933.135175
65933.495625
65934.654194
65935.139116
65935.713905
65936.316054
65937.577740
65938.334607
65938.982781
65939.520706
65939.939140
65940.625446
65941.172880
65941.931172
65943.028569
65943.364038
65943.786649
65944.787426
65945.286735
65946.130647
65946.907987
65947.519901
65948.477793
65948.887211
65949.568991
65950.394559
65950.999457
65951.376489
65952.198931
65952.463200
65953.178780
65954.462832
65955.195835
65955.757674
65956.474094
65956.930019
65957.824135
65958.429558
