66501.557341
66502.158138
66503.024863
66503.942569
66504.483236
66504.903934
66505.680595
66506.231600
66506.909908
66507.344583
66508.816716
66509.330938
66510.231752
66510.522303
66511.173162
66511.839783
66512.396686
66513.293617
66513.632152
66514.515675
66514.839341
66516.135567
66516.494179
66517.560496
66517.995625
66518.336009
66519.417772
66520.222389
66520.791110
66521.532381
66521.841058
66522.710550
66523.294448
66523.700917
66524.560041
66525.170085
66526.119045
66527.025424
66527.804277
66528.198437
66528.846028
66529.695557
66530.024909
66530.478653
66531.344957
66532.459434
66532.936385
66533.427133
66533.893174
66534.633371
66535.925526
66536.296975
66536.861309
66538.032123
66538.267464
66538.945414
66539.919554
66540.431666
66540.704185
66541.271243
66542.137973
66542.894320
66543.718461
66544.600115
66545.447289
66545.839257
66546.264614
66547.234783
66547.600310
66548.667190
66549.127059
66549.869348
66550.200511
66551.198165
66551.787314
66552.287811
66553.094617
66553.722709
66554.782002
66555.894622
66556.017221
66556.542807
66557.245394
66557.879351
66558.375565
66559.312828
66559.790875
66560.499870
66561.251248
66562.193898
66562.658814
66563.497101
66564.355915
66564.645674
66565.286880
66566.096125
66567.051405
66567.438762
66568.211746
66568.612457
