63783.810740
63784.205555
63784.825272
63785.221224
63786.127920
63786.772747
63787.836898
63788.360200
63789.226125
63789.673525
63790.212220
63791.155655
63792.117898
63792.369527
63793.035496
63793.708708
63794.730109
63794.889621
63795.513865
63796.340483
63796.882161
63797.899278
63799.018855
63799.475374
63799.975055
63800.747679
63801.353041
63801.595956
63802.595557
63803.056965
63804.304065
63804.581366
63805.157205
63805.731470
63806.847611
63807.551221
63808.317655
63808.567052
63809.449389
63810.429481
63811.104613
63811.404355
63812.121758
63812.587983
63813.260586
63813.893635
63814.781157
63815.798153
63816.357908
63817.341218
63817.491655
63818.578292
63818.827102
63819.570369
63820.311451
63821.123349
63821.554502
63822.223783
63823.254425
63823.564631
63824.343237
63824.654263
63826.069580
63826.741720
63827.355664
63828.128318
63828.543075
63828.946525
63829.769795
63830.686119
63831.091116
63831.431527
63832.513018
63833.270157
63834.205054
63834.939527
63835.195939
63836.150233
63836.828008
63837.000334
63838.207593
63839.000454
63839.393976
63840.000442
63840.514629
63841.335727
63841.669500
63842.898768
63843.715235
63844.294239
63844.970060
63845.797868
63846.440351
63846.945625
63847.331720
63848.146448
63848.481632
63849.882800
63850.360319
63850.694732
