17097.480683
17098.223995
17098.696068
17099.565487
17100.512820
17101.631744
17101.921544
17102.361372
17103.624349
17104.267507
17104.947165
17106.178614
17106.952197
17108.272700
17108.372024
17109.156563
17109.729326
17110.512159
17111.528633
17112.271579
17112.967092
17114.089823
17114.766566
17115.606363
17116.539693
17117.152143
17117.836070
17118.957249
17119.566186
17120.175933
17121.094469
17121.560943
17122.032997
17123.973274
17124.622752
17125.123584
17125.915136
17126.750986
17127.468321
17128.244574
17128.606727
17130.097286
17130.320525
17131.449845
17132.108406
17133.022721
17133.851189
17134.670312
17135.801837
17136.314307
17137.039162
17137.605800
17138.329854
17139.080597
17140.083869
17140.782411
17141.811976
17143.060622
17143.786536
17143.821843
17144.798325
17145.573567
17146.664276
17147.365080
17148.130249
17148.672945
17149.235614
17150.670299
17151.114938
17152.484914
17153.033395
17153.960348
17154.248173
17155.424327
17155.977499
17156.431435
17157.231467
17158.510285
17159.355012
17160.231536
17160.727540
17161.700691
17162.350887
17163.647420
17163.788965
17164.641345
17165.727103
17166.265055
17166.887641
17167.578049
17168.610754
17170.081091
17170.523946
17171.298077
17172.114295
17172.698224
17173.063577
17174.287814
17175.104520
17175.811229
