49077.331427
49077.655102
49078.683216
49078.991984
49079.395821
49080.433885
49080.899506
49081.668869
49082.376534
49082.990089
49083.829682
49084.566756
49084.914124
49086.169588
49086.675332
49087.485020
49087.836018
49089.176356
49089.781988
49090.010311
49090.763915
49091.381128
49091.959194
49092.561224
49093.809705
49094.295889
49095.088462
49096.113201
49096.539796
49097.412669
49097.868824
49098.206475
49099.209499
49100.045869
49100.902920
49101.075135
49101.982283
49102.667143
49103.081608
49104.214552
49105.024323
49105.974964
49106.478969
49107.004170
49107.540477
49108.523348
49108.900378
49109.615958
49110.319965
49110.810070
49111.801476
49112.896162
49113.571758
49114.043760
49114.391458
49115.493070
49116.219638
49116.786140
49117.599790
49118.245909
49118.766691
49119.347747
49120.149313
49120.803384
49121.425679
49122.597579
49123.466839
49123.926779
49124.622681
49125.356271
49126.002012
49126.345185
49126.832465
49128.013681
49128.895530
49129.322823
49129.860754
49130.632850
49131.826769
49132.218278
49132.984344
49133.643075
49134.390776
49135.027170
49136.144555
49136.299377
49136.772608
49137.563842
49138.282946
49138.845105
49140.236610
49140.828652
49141.556674
49142.165793
49142.770472
49143.195242
49144.117376
49145.024605
49145.281774
49146.145013
