54857.823243
54859.416295
54860.086533
54860.831687
54861.251833
54861.939508
54862.672697
54863.403299
54863.995282
54864.792948
54865.203681
54866.098149
54866.769734
54867.551774
54867.820301
54868.540363
54869.691024
54870.674869
54871.075695
54871.771154
54872.652641
54872.928843
54873.450503
54874.230899
54875.020465
54875.655072
54876.322400
54877.255937
54877.758017
54878.760884
54879.575904
54879.945944
54880.687903
54880.952367
54882.359907
54883.009007
54883.330896
54884.060270
54884.360313
54885.391082
54885.779195
54886.925766
54887.832245
54888.364809
54889.323277
54889.616745
54890.470211
54891.074581
54891.443765
54892.247597
54893.019840
54893.748839
54894.383530
54895.226664
54895.946518
54896.347763
54897.386499
54897.852048
54899.167527
54899.418765
54900.021075
54900.586559
54901.386456
54902.229614
54902.571928
54903.061562
54903.953282
54904.760147
54906.110036
54906.515001
54907.086992
54907.475507
54908.406724
54908.916783
54909.699656
54910.293909
54911.335741
54911.728757
54912.275309
54912.902593
54913.723868
54914.792824
54915.293030
54915.921181
54916.944016
54917.650773
54917.923687
54919.012895
54919.235887
54919.834219
54920.205206
54921.789728
54921.947152
54922.919086
54923.556356
54924.546963
54925.023727
54925.729836
54926.269770
54926.969576
