69410.375281
69411.187115
69411.449834
69412.418656
69413.080205
69413.602433
69414.462055
69414.920530
69415.676458
69416.349118
69416.983001
69417.810076
69418.342154
69419.297532
69419.814050
69420.804526
69421.487522
69421.669555
69422.503866
69423.296690
69423.588102
69423.896806
69425.262339
69425.961710
69426.397918
69427.354142
69428.099661
69428.869136
69429.198645
69430.048729
69430.372527
69431.144481
69432.085888
69432.786352
69433.314807
69433.782406
69434.348246
69434.925779
69436.288993
69436.557355
69437.694372
69438.334251
69438.798920
69439.372038
69439.927581
69440.801765
69441.277588
69441.818210
69442.515104
69443.451107
69443.880538
69445.084454
69445.584762
69446.264672
69446.499296
69447.527088
69448.239233
69449.283269
69449.471339
69449.956400
69450.746310
69451.435410
69452.060837
69452.722968
69453.112976
69454.356685
69455.358469
69455.630892
69456.506498
69456.999431
69457.578585
69458.245945
69458.552208
69459.607393
69460.337226
69460.910835
69461.695170
69462.116412
69462.740468
69463.856381
69464.422852
69465.316997
69465.680507
69466.231279
69467.390431
69467.928017
69468.277061
69468.814012
69469.506081
69470.150610
69470.724010
69472.070820
69472.689366
69473.185677
69473.877449
69474.615997
69475.181839
69475.707988
69476.342126
69477.393630
