6457.653867
6458.658611
6459.067827
6459.952831
6460.534639
6461.614784
6462.852814
6463.724097
6465.143720
6465.743873
6466.295733
6467.193447
6468.092790
6469.131125
6470.197357
6470.701077
6471.560457
6472.780201
6473.798648
6475.021493
6475.727754
6476.113123
6477.481705
6478.027176
6478.831342
6479.431139
6481.273679
6482.002790
6483.006704
6483.450189
6484.519323
6485.713209
6486.163374
6487.445215
6487.830216
6488.926620
6489.622575
6490.906097
6492.190210
6492.813486
6494.004710
6494.622125
6494.866454
6496.007974
6497.279308
6498.038769
6498.834863
6500.031689
6501.207453
6501.665184
6502.566972
6503.701543
6504.732509
6505.408729
6505.667900
6507.137020
6507.477752
6509.618252
6510.058208
6510.892054
6511.726223
6512.566938
6513.360945
6514.382624
6515.052647
6516.171290
6517.240330
6517.861387
6518.808197
6520.320492
6520.909964
6521.788872
6522.371597
6523.377319
6524.089123
6524.898764
6526.082562
6527.431766
6528.187904
6529.103609
6529.761023
6530.427671
6531.598707
6532.693567
6533.491429
6533.871387
6534.762937
6536.470053
6537.054650
6538.142600
6539.169984
6539.724960
6540.638906
6541.354659
6541.862394
6543.517657
6544.117508
6545.406761
6546.203853
6546.926187
