36688.143124
36688.883480
36689.844070
36690.582730
36691.075975
36691.772841
36692.151062
36692.858267
36694.113320
36695.188717
36695.614793
36696.303571
36696.956933
36697.902818
36698.355672
36698.872423
36699.503962
36700.485599
36701.403575
36701.857057
36702.553371
36703.733735
36704.149587
36704.647131
36706.112914
36706.325613
36707.278313
36707.768950
36708.583495
36708.850763
36709.831140
36710.664929
36711.006675
36712.040723
36713.297111
36714.028124
36714.473220
36714.844316
36715.661630
36716.356909
36717.292208
36717.898215
36718.745421
36719.356968
36719.629669
36720.876219
36721.488035
36722.315280
36723.211814
36724.140509
36724.310046
36725.383876
36725.997300
36726.542760
36727.051983
36727.780498
36728.421704
36729.894495
36730.313338
36730.949783
36731.835702
36732.517627
36733.227809
36733.906396
36734.500671
36735.367232
36736.026190
36736.842786
36737.333084
36738.116827
36738.401272
36739.690234
36740.842400
36741.190834
36742.170152
36742.730977
36743.299084
36743.652414
36744.624054
36745.503497
36745.996892
36746.821375
36747.412113
36748.580163
36749.121563
36750.187657
36750.414911
36750.919959
36752.432500
36752.867674
36753.570441
36753.899410
36754.630065
36755.485360
36756.024505
36756.806322
36758.134995
36758.604606
36759.593032
36759.939776
