39501.583527
39501.997051
39502.956843
39504.040334
39504.708924
39505.441848
39506.165290
39506.818757
39507.158143
39508.086040
39509.097746
39509.736497
39510.290884
39510.777982
39511.399843
39512.179809
39513.310566
39513.956400
39514.800584
39515.559155
39516.228836
39516.980603
39517.437712
39518.101033
39518.464227
39519.515555
39520.519233
39520.982539
39521.607913
39522.770096
39523.266550
39523.892245
39524.722806
39525.709442
39526.118373
39526.818969
39527.530649
39528.237050
39528.863974
39529.606204
39529.876307
39530.980674
39532.191500
39533.249310
39533.432656
39533.778766
39534.569185
39535.566995
39536.182433
39536.597737
39537.715736
39538.220964
39538.812446
39539.714372
39540.538418
39541.101569
39542.110196
39542.575419
39543.844984
39543.986667
39545.014552
39545.417672
39546.045620
39546.636508
39547.242985
39548.427602
39549.203809
39549.857201
39550.623775
39551.588204
39552.075777
39552.614798
39553.385472
39553.784771
39555.290858
39555.455481
39556.088451
39557.025469
39557.324731
39558.127287
39559.395383
39560.107103
39560.766013
39561.518203
39562.267406
39562.540089
39563.274691
39564.262534
39564.611992
39565.489843
39565.972041
39567.240961
39568.076959
39568.516219
39569.207175
39569.934367
39570.469467
39571.902835
39572.030488
39572.782247
