46404.562977
46405.329062
46406.549815
46407.056103
46407.674421
46408.126282
46408.984890
46409.307719
46410.047880
46411.220007
46411.980843
46412.927611
46413.290880
46414.196985
46414.765730
46415.107067
46416.099574
46416.733628
46417.280134
46418.045948
46418.985465
46419.788520
46419.924248
46420.994422
46421.698831
46422.549319
46423.560355
46423.982230
46424.594012
46424.969236
46426.070825
46426.503689
46427.281801
46427.582267
46428.567883
46429.644434
46430.575940
46431.116024
46431.485813
46432.505236
46432.971870
46433.339356
46434.657857
46435.139022
46435.894567
46436.350095
46437.064121
46437.513656
46438.837827
46439.324087
46440.237189
46440.970323
46441.539769
46442.433379
46443.100091
46443.422580
46443.951160
46444.534640
46445.942721
46446.213583
46446.993389
46448.053013
46448.568344
46449.257241
46450.119228
46450.517740
46451.601850
46451.856234
46453.028415
46453.340403
46453.983443
46454.850614
46455.302247
46455.951740
46456.814638
46458.307350
46458.758119
46459.207278
46459.670802
46460.444981
46461.237043
46461.788175
46462.552684
46463.286215
46463.804457
46464.699210
46465.436694
46466.395647
46466.753391
46467.512345
46468.407000
46469.131395
46469.908194
46470.433402
46471.095129
46471.673809
46472.200196
46472.915361
46473.611607
46474.891528
