62624.332468
62625.262736
62626.066143
62626.475220
62626.936005
62628.205359
62628.956617
62629.235638
62630.002609
62630.709685
62631.624294
62632.319284
62633.017433
62633.426683
62633.788808
62634.527201
62635.447820
62635.909711
62636.790115
62637.656147
62638.599565
62639.037730
62639.826426
62640.248553
62640.896077
62641.525861
62642.341502
62642.774260
62643.911772
62644.401789
62644.774005
62645.697422
62646.125626
62647.077751
62648.208928
62648.638496
62649.235823
62650.019879
62650.403582
62651.156655
62652.072062
62652.350920
62652.914717
62653.426765
62654.819209
62655.523188
62655.941687
62657.062327
62657.284421
62657.906355
62658.713419
62659.372435
62660.322893
62660.698429
62661.364978
62662.044295
62662.599036
62663.246487
62663.961741
62665.055038
62665.501780
62666.407712
62667.239609
62667.907098
62668.304256
62668.696318
62669.259923
62670.321930
62670.765470
62671.753875
62672.432986
62672.662177
62673.835508
62674.554568
62675.335870
62675.646300
62676.377772
62677.346666
62677.869624
62678.600590
62679.163861
62679.706171
62680.443089
62680.919279
62681.450275
62682.651514
62683.921946
62684.048260
62684.864765
62685.045636
62686.095086
62686.892535
62687.091366
62687.955004
62688.680803
62689.238027
62690.061519
62690.948633
62691.205005
62692.196661
