52220.098098
52220.687088
52221.450745
52222.791476
52223.106483
52224.198509
52224.570730
52225.236888
52225.902840
52226.328025
52226.885178
52228.097861
52228.752701
52229.269890
52229.857894
52230.403227
52231.866459
52232.132024
52232.790508
52233.568905
52234.519905
52234.876980
52235.791919
52236.503889
52236.677070
52237.371807
52238.044448
52239.003013
52239.766531
52240.838554
52241.420103
52242.103500
52242.387783
52243.237368
52244.073607
52244.602091
52245.422304
52245.808034
52246.791318
52247.384384
52248.067035
52248.577906
52249.625894
52249.971543
52251.552931
52251.866857
52252.515957
52252.755657
52253.725349
52254.357291
52254.967595
52255.462950
52256.560473
52256.841845
52258.118441
52258.632423
52259.476263
52260.140881
52260.745564
52261.153487
52262.027878
52263.012699
52263.439846
52264.398520
52264.601829
52265.243842
52265.831936
52266.814071
52267.923964
52268.640122
52268.947736
52269.991189
52270.526587
52271.381433
52271.705601
52272.020737
52273.106538
52273.850328
52274.501596
52275.382007
52275.869806
52276.793019
52277.257597
52278.370196
52278.669894
52279.584796
52280.520130
52280.878471
52281.377815
52282.070743
52282.971936
52283.464482
52284.093797
52284.573831
52286.287346
52286.661030
52287.317073
52287.969647
52288.468887
52288.920756
