18362.096575
18363.339258
18363.696221
18365.181028
18366.102733
18366.775235
18367.402013
18368.069825
18368.887881
18369.694184
18370.559936
18371.130631
18371.957111
18372.772987
18373.515881
18374.400644
18374.953980
18376.527665
18377.071524
18377.723380
18378.421524
18378.795491
18379.949603
18380.577227
18381.108258
18382.346238
18383.029670
18384.141884
18384.837860
18385.616503
18386.045524
18386.975581
18388.011641
18388.557745
18389.558953
18390.044835
18390.584479
18391.194480
18392.965307
18393.381763
18394.320027
18395.065865
18395.814178
18396.583072
18397.088210
18397.732897
18398.600768
18399.652316
18400.562379
18400.931433
18402.084831
18402.881316
18403.526537
18404.421153
18405.585509
18405.883862
18406.513809
18407.375083
18408.219174
18408.753414
18409.521732
18410.614884
18412.174449
18412.338135
18413.014775
18413.735790
18414.385320
18415.233801
18416.427629
18416.836486
18417.396126
18418.435875
18419.232945
18420.044704
18420.968843
18421.820036
18422.744044
18423.222227
18424.253470
18424.769118
18425.343714
18425.878101
18427.002424
18427.963703
18429.030725
18429.755281
18430.110515
18431.438180
18431.948898
18432.541710
18433.244331
18434.578465
18434.948822
18435.624572
18436.499958
18436.922981
18438.242672
18439.353155
18440.104939
18440.614016
