53679.786300
53680.588043
53681.754972
53682.275648
53682.909610
53683.417607
53684.484202
53684.860037
53685.418499
53686.152800
53686.811763
53687.921278
53688.305692
53688.857549
53689.513499
53690.066474
53691.364571
53691.958837
53692.854792
53693.400044
53693.807084
53694.787697
53695.100660
53695.883500
53696.501698
53697.099561
53697.897481
53698.800799
53699.431453
53700.474907
53701.058718
53701.540677
53702.025874
53702.778745
53703.933786
53704.655619
53704.853568
53705.380384
53706.298132
53706.901064
53707.507444
53708.398489
53709.456820
53709.791104
53711.038043
53711.513415
53711.964313
53712.402210
53713.262161
53713.870771
53714.480794
53715.506969
53715.969405
53716.848517
53717.455471
53718.046509
53719.090096
53719.641760
53720.412021
53721.013658
53721.921238
53722.102228
53723.297019
53723.530783
53724.413590
53724.868691
53725.096802
53726.911819
53727.380439
53728.360508
53728.538685
53729.249687
53729.995610
53730.838715
53731.123346
53731.956419
53732.882149
53733.486154
53733.796470
53734.796559
53735.514412
53736.166145
53737.011667
53737.636041
53738.647499
53739.178631
53739.931642
53740.342708
53740.976695
53741.356722
53742.238030
53743.298368
53743.698447
53744.367589
53745.558151
53746.179067
53746.849046
53747.260836
53747.986974
53748.631010
