45132.894685
45133.741774
45134.841964
45135.366110
45135.887542
45136.559020
45137.671483
45138.335092
45138.480626
45139.351687
45139.962757
45140.422050
45141.417288
45142.458454
45143.480564
45143.707358
45144.657389
45144.979933
45145.972768
45146.344488
45147.210427
45148.089824
45148.669157
45148.966537
45150.183043
45150.692569
45151.346011
45152.107822
45152.941353
45154.103290
45154.628773
45155.145283
45155.493843
45156.420964
45156.979003
45157.715501
45158.365581
45159.101438
45159.977773
45160.778943
45161.778471
45162.251682
45162.675911
45163.556807
45164.171655
45165.000661
45165.622396
45166.617115
45166.964256
45167.699560
45167.823656
45168.985081
45170.154411
45170.799772
45171.516237
45172.093808
45172.898521
45173.405190
45174.380876
45174.537930
45175.161530
45176.043265
45177.214870
45177.669438
45178.121691
45179.257161
45179.928170
45180.436358
45181.183221
45182.345411
45182.612332
45183.359714
45183.962204
45184.778436
45185.063850
45186.257034
45186.409435
45187.363999
45188.756788
45189.172866
45190.076818
45190.593053
45190.827129
45191.564392
45192.532466
45193.446226
45193.745582
45194.717887
45195.014976
45195.992641
45196.828652
45197.468949
45198.214413
45199.118845
45199.740936
45200.419846
45201.265646
45201.721839
45202.221694
45202.850376
