2516.571049
2517.146931
2518.552852
2519.634252
2520.402323
2521.885175
2523.263480
2523.967055
2524.642045
2525.687993
2526.868810
2527.418791
2529.378043
2530.273672
2531.543961
2531.969384
2533.067317
2534.408614
2535.505886
2536.091884
2536.867485
2538.559826
2539.998407
2540.531661
2541.998729
2542.687650
2543.343955
2544.290953
2545.878017
2546.761141
2548.181615
2548.895987
2549.996484
2551.411141
2551.880445
2553.275677
2553.723069
2555.050875
2555.832350
2558.009105
2558.752211
2559.234296
2560.263289
2561.405635
2562.426113
2563.501718
2564.332107
2565.975270
2566.557557
2567.958599
2569.043090
2569.948111
2570.958525
2571.540774
2572.368208
2574.207163
2575.404511
2576.141011
2577.519835
2578.070129
2578.971298
2580.346111
2581.398140
2582.138733
2583.003294
2584.758402
2585.772739
2586.925178
2587.591000
2588.368210
2589.579264
2590.371692
2591.549378
2593.275876
2594.023618
2594.905011
2595.687530
2597.546141
2597.979353
2598.598768
2600.121355
2600.641952
2602.412300
2603.628781
2604.573564
2605.368075
2606.243664
2607.003639
2608.364899
2609.552086
2610.444520
2611.543670
2612.956807
2613.731929
2614.737136
2615.847707
2616.902118
2617.335046
2618.292915
2620.279393
