15176.495039
15177.265096
15177.684431
15178.812986
15179.921029
15180.434725
15181.201585
15181.436870
15182.669523
15183.841305
15184.371542
15185.770645
15186.089606
15187.089239
15187.818375
15188.243156
15188.956185
15189.876008
15190.995854
15191.556662
15192.666058
15193.436237
15194.194704
15194.805665
15196.221496
15196.571744
15197.119964
15198.275660
15199.096444
15199.311987
15200.428787
15200.905538
15202.742812
15203.427336
15203.944807
15204.479603
15205.404023
15206.190273
15206.904806
15207.734305
15208.661495
15209.291997
15210.122947
15211.165903
15212.070791
15212.553093
15213.703047
15214.537520
15215.234832
15216.032178
15216.326354
15217.092328
15218.110439
15219.153068
15220.215535
15220.714031
15221.891290
15222.600776
15223.069261
15223.628590
15224.865523
15225.653472
15226.382353
15226.971394
15227.949088
15228.375450
15229.825544
15230.735054
15231.419636
15232.318009
15232.812924
15233.344676
15234.621545
15234.943994
15235.761258
15236.601995
15238.087622
15238.745251
15239.178791
15240.152930
15240.770626
15241.933011
15242.668033
15243.356604
15243.823587
15244.824176
15245.676624
15246.014221
15247.629910
15248.370541
15249.218171
15250.026057
15250.561291
15251.426853
15251.799380
15252.677423
15254.082179
15254.590275
15255.055041
15256.241466
