32970.698123
32971.908564
32972.040639
32973.073973
32973.650994
32974.495496
32974.918369
32975.598356
32975.981704
32977.741105
32978.533159
32978.725508
32979.708624
32980.312324
32981.014126
32981.656068
32982.590989
32983.012843
32983.786487
32984.953480
32985.218808
32985.759639
32987.106676
32987.408028
32988.699186
32989.122053
32990.263322
32990.729541
32991.012397
32991.816065
32992.491263
32993.513828
32993.853128
32995.064351
32995.562910
32996.665755
32997.598479
32997.929548
32998.404148
32999.122874
33000.320910
33000.928891
33001.640303
33002.093286
33002.762236
33003.469225
33004.326405
33005.275952
33006.355049
33006.968839
33007.401672
33008.227671
33009.070225
33009.387315
33010.240838
33010.797980
33011.617463
33012.635465
33013.324620
33014.168836
33014.780686
33015.244393
33016.554643
33017.113931
33017.747786
33018.329749
33019.275897
33019.752677
33020.511706
33021.057324
33021.758418
33022.729690
33024.020668
33024.588402
33025.200352
33025.657794
33026.623253
33027.109840
33027.542811
33028.897269
33029.495286
33030.104720
33030.435487
33031.559947
33032.615819
33033.079291
33033.878613
33034.572824
33035.660895
33036.136365
33036.791626
33037.500660
33037.741172
33038.621417
33039.573123
33040.456139
33041.262537
33042.170224
33042.833685
33043.254605
