34579.935844
34580.575599
34581.182768
34582.528015
34582.889740
34583.892782
34584.240086
34585.606603
34586.057219
34586.552885
34587.253637
34587.814032
34588.312032
34589.599618
34589.983133
34591.147217
34592.041923
34592.437242
34593.214659
34594.090976
34594.467385
34595.314573
34596.108413
34596.872379
34597.407999
34598.210342
34598.893080
34599.499618
34600.077959
34601.693077
34602.406565
34602.679791
34603.281306
34604.238744
34604.662187
34605.549167
34606.075198
34606.812952
34607.604425
34608.421397
34609.488025
34610.117211
34610.566601
34611.424007
34612.212086
34612.831722
34613.791004
34614.529117
34614.929757
34615.573927
34616.073131
34617.100688
34617.798127
34619.104582
34619.402053
34620.364752
34621.209015
34621.735367
34622.203845
34622.774238
34623.599089
34624.511946
34625.472915
34625.971067
34626.259884
34627.472154
34628.461184
34628.745322
34629.853689
34630.520610
34631.274537
34631.807110
34632.460158
34633.227904
34633.900629
34634.453018
34634.942527
34636.540916
34637.095784
34638.056839
34638.567701
34638.877648
34639.635021
34640.846703
34641.268037
34642.055929
34642.449666
34643.616757
34644.027642
34644.743038
34645.633011
34646.422710
34647.326056
34648.254465
34648.751624
34649.359352
34650.196942
34650.365948
34651.502801
34651.789647
