28234.286092
28234.913674
28235.329542
28236.514607
28237.723199
28238.339516
28238.743399
28239.611773
28240.012667
28240.937128
28241.792031
28242.796836
28243.015203
28243.810453
28244.465183
28245.512452
28245.956097
28247.650545
28247.787636
28248.343750
28249.536371
28250.039309
28250.706602
28251.261388
28251.781403
28252.691120
28253.881214
28254.465521
28255.440218
28255.828478
28256.779142
28257.589917
28258.278333
28258.804343
28259.797177
28260.466326
28261.185326
28261.584251
28262.620415
28262.943970
28264.211109
28265.208502
28266.179365
28266.402438
28267.386028
28267.672037
28268.325112
28269.467978
28270.006631
28270.848641
28271.553362
28272.047352
28273.564594
28273.856050
28274.718551
28275.080888
28276.459101
28277.184743
28277.588478
28278.176940
28279.102016
28279.550473
28280.151577
28281.243607
28282.338833
28283.019127
28283.857348
28284.355443
28285.184960
28285.740518
28286.547609
28287.154033
28287.918662
28288.892601
28289.839967
28289.948310
28290.589870
28292.047602
28292.592056
28293.791772
28294.078333
28294.800276
28295.478514
28296.355460
28296.935531
28297.381894
28298.233699
28299.191805
28300.152224
28301.120805
28301.554495
28302.389619
28303.012447
28303.445117
28304.668201
28305.531716
28305.970027
28306.426484
28307.273461
28307.980280
