8324.656429
8325.300636
8325.708797
8326.619738
8328.079211
8328.715589
8329.271340
8330.212048
8331.593502
8332.263071
8333.237664
8334.052726
8335.037292
8335.626392
8336.461889
8337.076040
8337.871295
8339.257480
8340.393714
8341.281554
8341.924980
8342.350313
8343.649101
8344.661638
8345.053008
8346.083112
8346.963463
8347.710096
8348.747559
8349.534979
8351.134421
8351.661547
8352.417119
8352.958073
8353.845609
8354.918549
8355.268913
8356.904040
8357.317471
8358.619425
8359.658407
8359.970765
8361.073625
8361.854099
8362.910269
8363.896584
8364.270313
8364.921654
8365.842461
8367.570202
8368.300171
8368.924192
8369.980516
8370.774259
8371.308043
8372.087574
8373.147445
8374.076460
8374.967512
8375.843575
8376.964785
8377.391886
8378.850000
8379.465601
8380.556228
8380.966154
8381.564090
8382.905500
8383.402690
8384.243264
8386.020866
8386.716772
8387.240328
8388.199827
8388.635538
8389.785194
8391.043045
8391.345769
8392.202609
8393.253383
8394.048747
8395.258153
8396.238183
8396.956726
8397.801538
8398.740715
8399.525152
8399.733280
8400.790029
8402.071249
8403.287132
8403.814434
8404.739289
8405.705195
8406.569355
8407.084863
8408.331513
8408.928736
8410.102479
8410.365241
