68126.319533
68127.379935
68128.463932
68128.582183
68129.289848
68130.116020
68130.883790
68131.400008
68132.319939
68132.995314
68133.810037
68134.405541
68134.904623
68135.411887
68136.031401
68137.023104
68137.448274
68137.751582
68138.891775
68139.637950
68140.889841
68141.092214
68141.896283
68142.075904
68142.855020
68143.608692
68144.580705
68145.229589
68145.382188
68146.357229
68146.938569
68147.562869
68148.200707
68149.130190
68150.033314
68150.454786
68151.389475
68151.981326
68152.613181
68153.077332
68153.728025
68154.343793
68154.861942
68155.516445
68156.922350
68157.086441
68158.011861
68158.355575
68159.623457
68159.907655
68160.654207
68161.169948
68161.997051
68162.641335
68163.320961
68164.097298
68164.424409
68165.165913
68165.502718
68166.544091
68167.673520
68168.301394
68168.931434
68169.535990
68170.056968
68170.706461
68171.257065
68171.858034
68172.931597
68173.272896
68173.921404
68174.652046
68175.458777
68176.408126
68176.904844
68177.389189
68177.970320
68179.334507
68179.624081
68180.208430
68181.100465
68181.332453
68181.835888
68182.717256
68183.597846
68183.896648
68184.946122
68186.071915
68186.514238
68186.891648
68187.793300
68188.428882
68188.766981
68189.637164
68190.059758
68191.252599
68191.684399
68192.279953
68192.873964
68193.444778
