52289.965834
52290.567349
52291.420547
52291.846635
52292.526874
52293.213721
52294.241940
52294.522874
52295.583000
52296.372101
52296.929700
52297.811524
52298.358791
52299.145230
52299.508475
52300.166487
52300.783074
52301.265636
52302.646158
52303.171953
52303.864967
52304.692560
52305.357998
52305.952644
52306.852328
52307.121262
52307.896414
52308.648536
52309.632332
52310.187686
52310.523624
52311.095328
52312.037044
52312.755378
52313.947285
52314.421109
52315.328813
52315.845442
52316.166335
52316.949718
52317.739534
52318.423042
52318.721430
52319.991378
52320.276839
52321.081421
52322.444688
52322.738861
52323.237386
52323.736320
52324.845078
52325.771963
52326.173540
52326.764686
52327.406236
52327.941567
52328.766082
52329.310779
52330.077302
52331.088128
52331.948188
52332.638721
52333.259777
52333.768249
52334.494980
52335.036882
52335.612347
52336.422724
52337.202731
52338.159502
52338.455883
52339.150893
52339.846205
52340.818116
52341.753262
52342.122340
52343.059848
52343.340626
52344.406250
52345.068511
52345.297424
52346.260286
52346.561516
52347.264447
52348.464721
52349.475816
52350.017448
52350.350266
52351.333241
52352.046573
52352.240498
52353.126401
52354.280014
52354.621108
52355.079931
52355.849568
52356.716808
52357.215443
52358.144827
52358.730182
