8759.591981
8760.797760
8761.335651
8762.328890
8763.396469
8763.655686
8765.005865
8765.741131
8766.709274
8767.797892
8768.800400
8769.371308
8770.321068
8771.029690
8771.396367
8772.413788
8773.892563
8774.336921
8775.643665
8776.412826
8777.325477
8778.016754
8778.547501
8779.874152
8780.751048
8781.399843
8781.999405
8782.763532
8784.098180
8785.349005
8786.001416
8786.925723
8787.516533
8788.234123
8789.166704
8790.055912
8790.605373
8791.865750
8792.938115
8793.748087
8794.528210
8795.102194
8796.605348
8797.281339
8797.933469
8798.459711
8799.627566
8800.402790
8800.875335
8802.633957
8803.428243
8804.220472
8805.171186
8805.599435
8806.272540
8807.488748
8808.223313
8809.413500
8809.849477
8810.602647
8812.167774
8812.725714
8813.832162
8814.311277
8815.594893
8816.333686
8816.597902
8817.604528
8818.267042
8819.823257
8820.831983
8821.428062
8822.438231
8822.982439
8823.926324
8824.821596
8825.747064
8826.471286
8827.196344
8828.126900
8829.200853
8829.757344
8831.476274
8832.095903
8832.667733
8833.353272
8834.227333
8834.898748
8836.174940
8836.623445
8837.776447
8839.103878
8839.786452
8840.183848
8841.401930
8842.186429
8843.085298
8844.209896
8844.421280
8845.399046
