66298.080155
66298.813048
66299.871581
66300.169931
66301.056065
66301.678099
66302.326739
66303.223958
66303.766053
66304.171728
66305.266954
66305.494851
66306.108195
66307.024430
66307.465084
66307.987742
66309.691331
66310.246893
66310.440606
66311.192334
66311.606259
66312.671153
66312.899059
66313.810953
66314.608711
66314.964180
66315.861194
66316.328023
66317.354525
66317.839579
66318.724067
66319.110930
66320.265971
66320.736937
66321.415788
66322.086694
66322.767405
66323.162076
66323.728047
66324.218466
66325.442267
66325.910572
66326.992599
66327.536937
66328.043103
66329.132593
66329.582462
66330.003234
66330.513943
66331.528458
66332.092552
66333.004094
66333.577890
66333.945269
66334.513216
66335.318968
66336.373088
66337.101917
66337.701237
66338.636776
66339.043961
66339.509944
66340.302403
66340.778900
66341.592079
66342.362336
66342.446121
66343.685563
66344.369368
66345.354755
66345.853302
66346.426823
66347.073662
66347.468765
66348.733060
66349.382575
66349.885453
66350.118092
66350.992629
66351.840758
66352.367481
66352.736702
66353.815983
66354.758093
66355.476956
66356.090847
66356.816829
66357.321490
66357.734687
66358.481912
66359.172492
66359.666884
66360.822242
66361.240698
66362.013404
66362.393664
66363.393376
66364.101265
66364.993825
66365.396926
