55204.545034
55205.459722
55206.071769
55206.475233
55207.524137
55208.179670
55208.755298
55209.274567
55210.220582
55210.659622
55211.111449
55212.099343
55212.438174
55213.733028
55214.506995
55215.381659
55215.921187
55216.262460
55216.597564
55217.742180
55218.364349
55219.103967
55219.727580
55220.293273
55221.044642
55221.754296
55222.653576
55223.439836
55223.704656
55224.722479
55225.668307
55226.206974
55226.719538
55227.252698
55228.153300
55228.524338
55228.998312
55229.996639
55230.883773
55231.819913
55232.388122
55232.921938
55233.750811
55234.484258
55235.132639
55235.324768
55236.357552
55237.067493
55238.001751
55238.310423
55238.988911
55239.656277
55240.107423
55241.594728
55242.129420
55242.850235
55243.373254
55244.127149
55244.661973
55245.385392
55245.939010
55246.367328
55247.580451
55247.862662
55248.634466
55249.886601
55250.540051
55250.732486
55251.765738
55252.179115
55252.867991
55253.967931
55254.714283
55255.046779
55255.322028
55256.292748
55256.939700
55257.882512
55258.154298
55259.377104
55260.252394
55260.818040
55261.588097
55261.879087
55262.714678
55263.207696
55263.710889
55264.812643
55265.382775
55266.129919
55266.703315
55267.472492
55268.246476
55268.841549
55269.939164
55270.285279
55271.125967
55271.699357
55272.322847
55273.165568
