5910.297428
5911.489176
5912.332412
5912.935296
5914.115666
5915.019576
5916.088332
5916.441169
5917.380890
5917.975417
5920.055550
5920.538476
5921.438418
5922.552080
5923.106480
5924.023918
5924.612567
5925.982652
5926.867806
5927.479356
5928.899161
5929.345382
5930.860362
5931.570134
5932.736065
5933.033536
5933.987898
5934.829981
5935.948347
5936.465147
5938.287679
5939.265303
5939.695838
5940.379099
5941.441894
5942.467736
5943.543979
5944.130246
5944.725413
5946.143331
5946.820062
5948.301613
5949.142426
5949.777706
5950.989084
5951.430121
5952.261902
5952.902618
5954.465995
5955.342138
5956.365914
5957.027692
5958.332640
5958.866457
5959.876516
5960.740693
5961.788662
5962.574245
5962.943559
5964.146533
5965.736509
5966.619515
5967.433133
5968.178918
5968.735878
5969.779680
5970.844216
5971.604971
5972.485368
5973.620902
5974.886211
5975.356163
5976.141901
5978.026590
5978.139309
5978.832670
5979.862288
5980.592613
5981.506260
5982.914976
5984.012615
5984.792817
5985.669034
5986.419145
5987.055919
5988.313841
5988.973948
5990.294284
5990.809755
5991.472985
5993.084653
5994.057233
5995.024532
5995.409540
5996.609465
5997.392505
5998.052919
5998.734794
6000.121020
6001.495519
