45981.299693
45981.917073
45982.655209
45983.373200
45984.028120
45984.943492
45985.370877
45986.677959
45986.897328
45987.636808
45988.459794
45989.290693
45990.162352
45990.466669
45991.058674
45991.562913
45992.341571
45993.134447
45994.054877
45995.004501
45995.606537
45996.178769
45997.215518
45997.773012
45998.100043
45998.562809
45999.816373
46000.570727
46000.830937
46002.029309
46002.121088
46003.139434
46003.716412
46004.805086
46005.580812
46006.381974
46006.796049
46007.530692
46008.088068
46008.702063
46009.582852
46010.111824
46010.635479
46011.412937
46012.726176
46013.456874
46013.868031
46014.562137
46015.021927
46016.008351
46016.725700
46017.414165
46018.156660
46018.598177
46019.258544
46020.204185
46020.435438
46021.466930
46022.436815
46023.215206
46023.901691
46024.740820
46025.057693
46025.874893
46026.477071
46026.906842
46027.523379
46028.937642
46029.326729
46029.902255
46030.532015
46031.769962
46032.331394
46032.760579
46033.889645
46034.093370
46035.103019
46035.892555
46036.369119
46037.058050
46037.522843
46038.076383
46039.025363
46040.263280
46040.711971
46041.885837
46042.229855
46042.520672
46043.322930
46044.323112
46044.748626
46045.472251
46046.281407
46046.876288
46047.483838
46048.569304
46049.090814
46049.720321
46050.462986
46051.512996
