29798.201769
29798.979411
29799.588547
29800.454871
29801.028983
29801.386576
29802.087556
29803.315060
29804.136816
29804.855041
29805.367077
29806.464017
29807.003781
29807.897664
29808.334529
29809.535665
29809.714235
29810.892509
29811.256352
29811.893849
29812.788666
29813.228567
29814.666199
29815.511328
29816.174540
29816.728891
29817.500193
29817.911175
29818.509829
29819.763307
29820.426432
29820.775791
29821.572141
29822.742880
29823.284962
29824.292595
29824.678768
29825.470848
29826.720229
29827.130445
29827.850157
29828.442622
29828.881249
29829.799449
29830.549795
29831.167046
29832.657714
29833.290548
29833.551777
29834.650310
29835.354904
29835.857515
29836.417106
29837.439632
29838.027615
29839.151599
29839.449750
29840.239269
29840.738304
29841.915503
29843.142670
29843.377201
29844.407401
29844.674247
29845.633122
29846.423959
29846.875467
29847.364320
29848.413443
29849.149688
29850.186500
29851.017439
29851.694578
29852.482740
29852.660804
29853.708573
29854.726475
29855.291861
29855.988823
29856.668763
29857.005164
29858.011980
29858.887544
29859.734692
29860.403165
29861.671935
29862.217447
29862.623671
29863.395943
29863.799607
29864.956309
29865.135197
29866.660178
29866.956311
29867.568600
29868.808849
29869.396164
29870.057347
29870.915528
29871.693899
