50616.228070
50617.349465
50617.622788
50618.345948
50619.310647
50619.978757
50620.563634
50621.365653
50621.991427
50622.529972
50623.426402
50623.938988
50624.534698
50625.140167
50625.599577
50627.346413
50627.998792
50628.197693
50628.943009
50629.659010
50630.330341
50631.052803
50631.345868
50632.694725
50632.917532
50633.600901
50634.499933
50635.091934
50635.931955
50636.655993
50637.423942
50637.942452
50639.081126
50639.525302
50640.322557
50640.616923
50641.307910
50641.716599
50642.871479
50643.421714
50644.350780
50644.993584
50645.930795
50646.713565
50647.162649
50647.698611
50648.307452
50649.165128
50649.852894
50650.791591
50651.212886
50651.787266
50652.433739
50653.124262
50654.031698
50654.914409
50655.914388
50656.289085
50657.063553
50657.439459
50658.091352
50659.274531
50659.481960
50659.861201
50660.793388
50661.840327
50662.497571
50663.404237
50663.929758
50664.658258
50664.898323
50666.263193
50666.738694
50667.500053
50667.786970
50668.945323
50669.188598
50669.879400
50670.689219
50671.165427
50672.591727
50672.961676
50673.884527
50674.713939
50675.041637
50675.680771
50676.236598
50676.873870
50677.673673
50678.638951
50679.332755
50679.757128
50680.183987
50681.686979
50681.964428
50682.841313
50683.513259
50683.973639
50685.147321
50685.600238
