38638.504467
38639.350109
38639.967400
38640.356100
38641.455572
38642.163259
38642.479608
38643.675855
38644.328572
38645.206054
38646.187481
38646.430565
38647.203085
38648.050677
38648.333728
38648.853631
38649.957114
38650.767939
38651.528189
38652.136681
38653.246743
38653.724422
38654.646833
38654.952666
38655.729358
38656.413884
38657.549071
38658.096708
38658.532243
38659.228938
38659.621442
38660.795563
38661.688091
38662.528265
38663.494953
38663.790722
38664.361849
38665.235357
38665.861660
38666.527185
38666.970748
38668.147218
38668.524385
38669.475740
38670.466406
38671.058358
38671.634100
38672.082109
38673.629398
38673.898582
38674.582727
38675.225040
38675.810593
38676.607865
38677.232650
38677.944425
38678.499421
38679.906951
38680.543471
38681.312342
38681.907477
38682.440547
38682.977086
38683.970615
38684.276354
38685.529312
38686.006900
38686.880735
38687.093170
38688.042841
38689.088598
38689.845907
38690.637293
38690.981477
38691.971106
38692.846986
38693.309303
38693.722364
38694.476836
38695.110104
38695.774880
38697.224501
38697.725778
38698.305489
38699.235906
38699.816583
38700.595341
38700.859717
38702.146280
38702.552052
38703.396136
38703.832009
38704.689022
38705.426359
38706.067178
38706.666766
38708.160674
38708.481955
38709.458059
38710.117863
