18912.633246
18913.551419
18914.210730
18915.163306
18915.930054
18916.487718
18917.090787
18917.838724
18919.620743
18920.207204
18920.368447
18921.707742
18922.048339
18922.879266
18923.495685
18924.374521
18925.068234
18925.951480
18927.040651
18927.645518
18928.698300
18929.237531
18929.736702
18931.049758
18931.735235
18932.604050
18932.877927
18933.507241
18934.520387
18935.358008
18936.122932
18937.344264
18938.108236
18938.903068
18939.629818
18939.945218
18940.722907
18941.664404
18942.511040
18943.461311
18943.914686
18944.649673
18945.871365
18946.346866
18947.443896
18948.307821
18949.044098
18949.375149
18950.490839
18951.313426
18951.686535
18952.153721
18953.278938
18954.621187
18955.443374
18956.133779
18956.476598
18957.397820
18958.414537
18958.930563
18959.673107
18960.656418
18961.235593
18962.115310
18962.520488
18963.861540
18964.416681
18965.558506
18966.455116
18966.981652
18967.770477
18968.119616
18969.087094
18969.551643
18970.928249
18971.469510
18972.123668
18973.446699
18974.172206
18974.704563
18975.518233
18975.967696
18977.450019
18977.936842
18978.429197
18979.231515
18980.040748
18980.436302
18981.849290
18982.993006
18983.463053
18984.367232
18984.787782
18985.738749
18986.365577
18987.018624
18987.996628
18988.465461
18989.724126
18990.515074
