51453.914282
51454.414522
51455.436827
51456.060110
51456.557611
51457.417887
51458.134812
51458.382872
51459.250916
51460.142156
51460.747183
51461.544196
51462.818878
51463.165734
51463.744452
51464.414105
51464.826569
51465.380424
51466.543540
51466.950602
51467.734175
51468.487884
51469.037581
51470.139592
51470.908556
51471.304266
51471.823872
51472.879857
51473.466395
51474.233308
51474.975449
51475.304199
51476.060169
51476.806447
51477.022137
51478.109119
51479.523052
51479.986120
51480.341940
51481.052346
51482.053166
51482.410650
51483.212856
51483.501666
51484.591554
51485.034838
51486.068570
51486.657945
51487.284182
51487.795113
51488.817617
51489.605443
51490.526621
51490.732493
51491.806975
51492.283741
51492.779815
51493.440900
51494.111774
51494.974422
51495.333505
51496.408425
51497.351071
51498.135861
51498.637469
51499.385271
51499.825279
51500.298497
51501.211505
51502.414312
51502.762689
51503.152580
51503.722498
51504.752264
51505.227516
51506.344943
51506.879516
51507.730229
51508.534206
51509.296430
51509.560669
51510.409039
51510.917037
51511.601085
51512.026515
51513.115626
51513.845374
51514.569029
51515.472468
51516.031112
51516.495305
51517.467609
51518.123699
51518.859770
51519.422499
51519.967777
51520.853044
51521.722908
51521.953343
51522.496038
