21016.515427
21017.131966
21018.228525
21018.768870
21019.721017
21020.485031
21021.411783
21021.937153
21022.748578
21024.135998
21024.430941
21025.210603
21026.026610
21026.468633
21027.380938
21028.228098
21028.608252
21029.456223
21031.240978
21031.611816
21032.076523
21033.030739
21033.607303
21034.271060
21035.218430
21036.157675
21036.640216
21037.612835
21037.832708
21039.050997
21039.917993
21040.846318
21041.555375
21042.304397
21043.253043
21043.864270
21044.365494
21045.036758
21045.531794
21046.855282
21047.775248
21048.286676
21049.327305
21050.141485
21050.770703
21051.474553
21052.157927
21053.198520
21053.778231
21054.508985
21055.380358
21055.843289
21056.461444
21057.710454
21058.662279
21059.725048
21060.296752
21060.747429
21061.155486
21062.485187
21062.893469
21063.755904
21064.401946
21065.338840
21066.216869
21067.317895
21067.673579
21068.393211
21069.312846
21070.401767
21071.156360
21071.321104
21072.286782
21073.118211
21073.515816
21074.310976
21075.810836
21076.302483
21077.353387
21077.881463
21078.764940
21079.309594
21080.084389
21080.413714
21081.855261
21082.555015
21083.014017
21083.868870
21084.450170
21085.784451
21086.546608
21087.178734
21088.016788
21088.665055
21089.634932
21090.004736
21090.600614
21091.597341
21092.118678
21093.302674
