63578.936554
63579.508107
63581.065660
63581.453137
63582.394648
63582.550516
63583.074587
63584.072744
63584.716746
63585.142587
63585.949257
63586.409140
63587.349899
63588.089638
63588.848949
63589.265163
63590.266561
63590.749962
63591.436546
63592.514569
63592.910885
63593.667629
63594.160168
63594.607492
63595.551941
63596.022721
63596.401273
63597.849179
63598.227336
63599.066646
63599.926535
63600.706454
63600.972712
63601.745643
63601.966805
63602.912989
63603.936170
63604.462628
63605.083879
63605.510330
63606.346753
63606.778226
63608.245049
63608.517359
63609.156681
63610.110015
63610.932179
63611.101294
63611.826512
63612.646741
63613.033128
63613.728863
63614.281530
63615.223150
63616.173699
63617.006866
63617.423682
63618.195350
63618.424573
63619.571132
63620.103071
63620.860077
63621.534812
63621.944246
63622.651176
63623.494011
63624.192212
63624.413787
63625.314915
63626.433414
63627.387427
63627.739272
63628.398693
63628.842747
63629.713431
63630.133712
63630.702759
63631.490818
63632.503670
63632.939904
63633.436474
63634.506905
63635.171114
63635.849614
63636.612938
63636.993366
63637.921511
63638.351609
63639.596315
63639.922597
63640.350961
63640.889407
63641.404102
63642.484541
63643.144118
63644.329656
63644.766653
63645.376207
63646.088942
63646.816006
