32529.905346
32530.513089
32532.018038
32532.411144
32533.142296
32534.103491
32534.796126
32535.187584
32536.502878
32536.923171
32537.739558
32538.278799
32539.236775
32539.513689
32540.373879
32540.952322
32541.912752
32542.864953
32543.754944
32544.624962
32545.213673
32545.658755
32546.151334
32546.962548
32547.960938
32548.662073
32549.479818
32549.848709
32550.471644
32551.821197
32552.417414
32552.934333
32554.018200
32554.555327
32555.625826
32556.008853
32556.619491
32557.205936
32558.101474
32558.473573
32559.442000
32560.780342
32561.291611
32562.093583
32562.425190
32563.499187
32564.163328
32564.591214
32565.738478
32566.045446
32566.927980
32567.859375
32568.290264
32568.998833
32569.547920
32571.201441
32571.585947
32572.494398
32572.776618
32573.713618
32574.420153
32574.672674
32575.748131
32576.382002
32577.147981
32577.918079
32579.025446
32579.516672
32580.491716
32580.970963
32581.571406
32582.299948
32583.671684
32583.955353
32584.484689
32585.127378
32585.791355
32586.520255
32587.707751
32588.331719
32589.318725
32590.044510
32590.605061
32591.406943
32591.930287
32592.414999
32593.223589
32594.208138
32594.933215
32595.500351
32596.416003
32597.031817
32597.949751
32598.572879
32599.482606
32600.557046
32600.847058
32601.124936
32602.440515
32602.957284
