38134.033559
38134.393927
38135.430486
38136.471654
38137.173987
38137.628360
38138.782027
38139.006019
38139.477858
38140.456471
38140.901486
38142.019810
38142.688289
38143.129417
38144.290505
38144.771263
38145.343374
38146.524296
38147.257204
38147.793169
38148.434649
38149.187767
38149.803324
38150.679662
38151.012672
38151.820556
38152.217464
38153.853641
38154.564093
38155.137895
38155.659548
38156.285571
38157.154081
38157.660338
38158.549093
38159.262906
38159.905176
38160.705028
38161.127329
38161.905871
38163.114122
38163.500732
38164.350815
38165.279782
38166.015222
38166.635096
38167.228788
38167.574091
38168.505183
38168.863393
38170.192070
38170.768774
38171.443225
38172.308158
38173.312079
38173.831436
38174.382458
38174.808860
38176.198088
38176.395447
38177.346917
38177.959452
38178.790317
38179.027996
38179.748722
38180.981254
38181.758678
38182.878393
38183.320171
38183.568288
38184.476832
38185.161335
38185.958596
38186.469975
38187.201531
38187.789485
38189.009281
38189.628769
38190.259131
38191.181145
38191.467787
38192.527309
38193.479469
38193.961371
38194.572220
38195.232412
38195.935209
38196.528554
38197.180057
38197.968510
38199.026020
38199.970829
38200.559950
38201.154263
38202.127805
38202.442939
38203.075617
38203.506818
38205.040753
38205.393250
