72037.233241
72037.885897
72038.500579
72039.156261
72040.225246
72040.747651
72041.290725
72041.945630
72042.496722
72042.714798
72043.667909
72044.515299
72045.192624
72045.781837
72046.643320
72047.379836
72048.146369
72048.822142
72049.182536
72049.641673
72050.846929
72051.185235
72052.176491
72052.528368
72053.064607
72053.989559
72054.365571
72054.809847
72056.208111
72057.164917
72057.378998
72058.189635
72058.712910
72059.237153
72060.064494
72060.606416
72061.223286
72061.917532
72062.334477
72063.433926
72064.182909
72064.916397
72065.218484
72065.987899
72067.038907
72067.288580
72068.235488
72069.052964
72069.432239
72069.888884
72070.678983
72071.295132
72071.972484
72072.351687
72073.472900
72074.434355
72074.894559
72075.683732
72076.537843
72076.760048
72077.383475
72077.990903
72078.512991
72079.710151
72080.400930
72080.724024
72081.150109
72082.059937
72082.826419
72083.724729
72084.377707
72084.830416
72085.753683
72086.359136
72087.156020
72087.444144
72088.232147
72088.683263
72089.356322
72089.823868
72091.166347
72091.403959
72092.751684
72093.163244
72093.622468
72094.092098
72095.046087
72095.710343
72096.391123
72096.915854
72097.527858
72098.344222
72098.915549
72099.536070
72100.183944
72100.833537
72101.592456
72102.876132
72103.316909
72103.922908
