31278.204143
31279.701859
31279.933474
31280.158056
31281.316885
31281.720965
31283.139218
31283.566242
31284.612359
31285.263551
31285.885894
31286.629620
31287.329709
31287.906104
31288.398095
31289.223445
31290.224051
31290.816645
31292.194960
31292.736747
31292.984599
31293.759270
31294.909997
31295.430200
31296.240874
31296.855169
31297.487749
31298.217499
31299.012999
31299.697726
31300.165736
31301.518976
31302.463552
31303.219531
31303.496422
31304.123539
31305.006565
31305.681465
31306.067471
31307.248149
31308.081493
31308.364416
31309.448163
31310.197482
31311.172045
31311.654675
31312.395882
31313.068653
31314.133999
31314.688387
31315.399078
31315.789180
31316.559095
31316.976434
31318.384145
31319.499961
31319.705151
31320.636955
31321.503900
31322.037361
31322.519877
31323.315019
31324.181488
31324.811066
31325.649410
31326.331128
31327.066193
31327.713758
31328.672587
31329.356526
31330.405901
31331.103744
31331.842445
31332.153330
31332.656905
31333.904053
31334.288597
31335.069765
31335.573710
31337.018747
31337.791506
31338.320208
31339.170399
31339.585480
31340.100697
31341.414589
31341.968215
31342.550321
31343.377514
31343.967227
31344.480532
31345.436807
31346.326451
31347.489983
31347.926834
31348.575665
31349.456348
31350.302555
31350.537329
31351.278874
