69545.884328
69546.107715
69546.936371
69547.336986
69548.231923
69548.564759
69549.351973
69549.891994
69550.409428
69551.462892
69552.023649
69552.360735
69553.749605
69554.058260
69554.953920
69555.466997
69556.066312
69556.633095
69557.801487
69558.371380
69558.878006
69559.295266
69559.904784
69560.535962
69561.495563
69561.906895
69562.949963
69563.645922
69564.611066
69565.015281
69565.826469
69566.082218
69566.793269
69567.458039
69568.114914
69568.859510
69569.762592
69570.233795
69570.711283
69571.577964
69572.256919
69573.072957
69573.714663
69574.749794
69575.118153
69575.586764
69576.301589
69577.109637
69577.856671
69578.122396
69578.587715
69579.340390
69580.570905
69581.367898
69581.983723
69582.520341
69583.194313
69583.648379
69584.382422
69585.315706
69585.802686
69586.239397
69587.443902
69587.584505
69588.394251
69588.769233
69590.078227
69590.326998
69591.321376
69592.055079
69592.862723
69593.414756
69594.047801
69594.491812
69594.863582
69595.726359
69596.452283
69597.255759
69597.982357
69598.455419
69599.297805
69600.281956
69600.989655
69601.140849
69601.853391
69602.735733
69603.350311
69604.347969
69604.648488
69605.137044
69606.030094
69606.342609
69607.141531
69607.856983
69609.219195
69609.829943
69610.119497
69610.678481
69611.712296
69611.964882
