35526.744160
35527.832461
35528.547484
35528.950137
35529.996177
35530.268999
35531.132230
35531.775437
35532.553817
35532.866022
35534.658046
35535.328858
35535.749847
35536.166765
35537.101380
35537.687972
35538.385931
35539.405246
35539.866576
35540.465141
35541.374380
35541.986289
35543.102782
35543.316022
35544.416422
35545.347798
35545.986671
35546.505827
35547.518638
35547.958714
35548.370187
35548.964102
35550.074897
35550.712145
35551.757700
35552.468954
35553.071724
35554.072434
35554.558102
35555.391939
35555.629237
35556.577743
35557.737526
35558.116981
35558.819287
35559.268783
35559.985571
35560.925139
35562.153706
35562.580180
35563.656999
35564.033283
35564.607777
35565.455261
35565.974460
35566.776077
35567.338271
35568.187071
35568.928656
35569.892060
35570.773948
35571.335449
35571.895650
35572.448271
35573.727495
35574.441240
35574.917161
35575.313607
35576.175180
35576.993095
35577.702562
35577.937536
35579.462159
35580.029201
35581.068164
35581.765328
35582.109316
35582.702691
35583.535408
35584.193896
35584.802034
35585.913373
35586.551732
35587.013285
35587.796744
35588.571738
35589.904288
35590.071794
35590.883144
35591.731964
35592.435621
35593.091098
35593.819592
35594.354475
35594.793754
35595.481724
35596.818442
35597.792944
35598.114612
35599.246416
