1303.273200
1305.401672
1306.508393
1307.267242
1308.988196
1309.421532
1311.056570
1311.966940
1313.031599
1314.052565
1316.212112
1317.072986
1318.171279
1318.947880
1319.931082
1321.628138
1322.258067
1324.224978
1325.237624
1325.981969
1327.635281
1329.043517
1329.205018
1330.429937
1331.827591
1333.673522
1334.747329
1335.694974
1336.690184
1337.688791
1338.923164
1340.426400
1341.166272
1342.608507
1344.156044
1345.477106
1345.731413
1347.519471
1348.017238
1349.085194
1351.296206
1352.210465
1353.483338
1353.886781
1355.680595
1356.605655
1357.771742
1358.460160
1360.393144
1361.393074
1363.022328
1363.879190
1364.576584
1365.493733
1367.104090
1368.330193
1369.686949
1370.973522
1371.686553
1373.202914
1374.154798
1375.302392
1376.161779
1377.177633
1379.683283
1380.148578
1381.073977
1382.345662
1383.297591
1384.444415
1385.663777
1387.326647
1387.921454
1389.565831
1390.705490
1391.853200
1392.644027
1393.433401
1394.884184
1396.544163
1397.834623
1398.837675
1399.839472
1400.426946
1402.564347
1402.973747
1404.006292
1405.666975
1407.085142
1408.136307
1409.320681
1410.024810
1411.257056
1411.965653
1413.843148
1415.585784
1415.781581
1417.102822
1418.696963
1419.422480
