73380.471456
73380.847715
73381.748558
73382.177046
73382.661475
73383.884044
73384.508255
73384.920153
73385.410881
73385.876314
73386.849455
73387.461510
73388.400590
73389.010424
73389.859710
73390.574119
73391.135994
73391.798861
73392.328650
73392.777341
73393.333133
73394.167959
73395.168811
73395.575640
73396.154763
73397.182361
73397.762758
73398.247458
73399.392637
73399.488897
73400.581856
73401.299517
73401.573880
73402.251121
73403.209422
73403.697110
73404.070203
73404.804944
73405.274705
73406.874153
73407.316946
73408.064008
73408.509628
73409.062466
73409.560047
73410.537897
73411.069601
73411.752055
73412.198012
73413.164042
73413.792876
73414.242775
73415.046476
73415.901505
73416.601016
73417.038234
73418.026728
73418.734101
73419.340663
73420.020323
73420.156305
73421.094904
73421.546237
73422.156259
73423.168119
73424.051687
73424.459207
73425.228128
73426.244899
73426.793840
73427.161218
73427.637141
73428.423472
73429.375314
73429.812943
73430.861609
73431.072164
73431.563669
73432.348699
73433.090236
73433.917423
73434.886942
73435.579475
73436.001114
73436.733780
73437.292753
73437.883943
73438.423406
73439.356749
73439.689754
73440.295904
73441.207742
73442.079336
73442.911358
73443.494936
73443.864609
73444.461298
73445.478872
73446.170947
73446.776683
