12482.027675
12482.517970
12483.816153
12484.248386
12485.211292
12486.510616
12486.923029
12487.394853
12488.243230
12489.133244
12489.787110
12491.037145
12491.903066
12492.979062
12493.712692
12494.481320
12494.854440
12495.544744
12497.023977
12497.699891
12498.072351
12499.266572
12499.670925
12501.082244
12501.767762
12502.951500
12503.421223
12504.388471
12504.934672
12505.844261
12506.541279
12507.003314
12508.121808
12509.503083
12510.301551
12510.952830
12511.403331
12512.615533
12513.465750
12514.062963
12514.878391
12515.866278
12516.366397
12517.287522
12517.947086
12519.148518
12520.345463
12521.157705
12521.536383
12522.448504
12523.271507
12523.560899
12524.726184
12525.862772
12526.423604
12527.070811
12528.682470
12529.151639
12529.626932
12530.814762
12531.464004
12532.731156
12533.125136
12533.774202
12534.302823
12535.362202
12536.467166
12537.763102
12538.187147
12539.229806
12539.780526
12540.427081
12541.491821
12541.985296
12542.994029
12543.852014
12544.703978
12545.522769
12546.294948
12547.158478
12548.622999
12548.911941
12549.872800
12550.269485
12551.251609
12552.048492
12552.961212
12553.139455
12555.139552
12555.564020
12556.603089
12557.180010
12557.948468
12558.487270
12559.808582
12560.473898
12561.246033
12561.889869
12562.573436
12563.572806
