67855.964756
67856.705401
67857.193198
67857.945141
67859.326841
67859.944458
67860.519089
67861.158349
67861.390371
67862.161822
67863.115500
67863.533666
67864.461867
67864.717573
67865.613817
67866.486091
67866.743982
67867.770232
67868.426687
67869.067671
67869.859688
67870.691320
67871.228957
67871.899945
67872.613359
67872.915104
67873.510607
67874.193830
67874.973332
67875.815917
67876.709823
67877.188194
67878.066639
67878.623077
67879.615725
67879.744182
67880.556981
67880.831558
67882.220902
67882.831640
67883.063011
67883.775417
67884.478932
67885.017782
67885.838212
67887.003825
67887.543839
67888.195901
67888.901377
67889.330193
67890.054620
67890.844185
67890.964347
67892.038415
67892.577570
67893.236835
67893.935214
67895.278430
67895.626163
67895.975255
67896.746587
67897.472653
67898.280329
67899.069863
67899.585462
67900.290973
67900.545703
67901.353502
67902.280044
67902.663776
67903.148485
67904.520506
67905.049770
67906.049913
67906.475631
67906.863707
67907.681358
67908.256763
67908.823328
67909.307661
67910.636893
67910.846434
67911.809791
67912.043562
67912.913286
67913.876470
67914.598696
67915.146742
67915.769145
67916.509803
67917.281511
67917.782131
67918.558168
67919.054173
67919.578746
67919.838002
67921.087325
67922.181639
67922.548642
67923.408906
