70421.869131
70422.186041
70423.234971
70424.007543
70424.634399
70425.296870
70425.998871
70426.766007
70427.477775
70428.142829
70428.622025
70429.257704
70429.947291
70430.345639
70430.911667
70431.837609
70433.013059
70433.483466
70434.168932
70434.974100
70435.176808
70436.145253
70437.022185
70437.136556
70437.922011
70438.640051
70439.679832
70440.171655
70440.348119
70441.353135
70441.792335
70442.949238
70443.700896
70444.388661
70445.051483
70445.644763
70445.989370
70446.728881
70447.585439
70447.976323
70448.417852
70449.710244
70450.078374
70450.643083
70452.051285
70452.324192
70453.043021
70453.479538
70453.938309
70455.198988
70455.687717
70456.468667
70456.861425
70457.481080
70457.865297
70458.901921
70459.370238
70460.419525
70461.094840
70461.869116
70462.651216
70463.147474
70463.721738
70464.269067
70464.832195
70465.656611
70466.062193
70467.152917
70467.614699
70468.461080
70468.966976
70469.821830
70470.263163
70471.289265
70472.112773
70472.322500
70473.368147
70473.639301
70474.453849
70475.180438
70475.705782
70476.242818
70476.734471
70477.526878
70479.171945
70479.413189
70479.836241
70480.518613
70481.409679
70481.803695
70482.331290
70483.174441
70484.037004
70484.532974
70485.083101
70485.762320
70486.463625
70487.217524
70487.956936
70488.775104
