57344.757193
57345.957305
57346.443691
57347.316117
57347.657842
57348.366573
57349.019535
57349.909812
57350.177448
57350.942228
57351.463645
57352.566285
57353.696298
57354.348643
57354.642990
57355.125438
57356.270535
57356.517008
57357.052582
57358.117260
57358.897373
57359.381197
57360.106369
57360.270537
57361.770790
57362.074914
57363.048779
57363.586717
57364.460386
57365.011233
57366.031698
57366.328926
57366.898249
57367.376161
57367.977146
57369.002036
57369.852145
57370.380944
57371.424297
57371.882416
57372.840084
57373.143032
57373.858094
57374.604385
57375.265620
57375.979498
57376.770445
57377.156056
57378.078774
57378.462987
57379.156676
57379.941357
57381.064667
57382.027998
57382.308258
57382.882810
57383.595978
57384.004902
57384.865893
57385.711082
57386.210273
57386.457624
57387.775155
57388.436324
57389.126666
57390.013840
57390.423565
57391.048757
57391.759181
57392.810009
57393.359638
57393.796244
57394.674694
57395.033192
57395.697410
57396.455861
57396.943928
57398.413921
57398.918729
57399.321319
57400.365641
57401.136161
57401.447743
57401.953423
57402.584106
57403.378281
57404.235838
57405.034266
57405.591876
57406.063197
57406.715966
57407.889348
57408.546127
57408.963964
57410.051205
57410.431166
57411.189206
57411.978228
57412.318307
57412.944223
