58240.054397
58240.619319
58241.675760
58241.988398
58242.431808
58243.485659
58244.383926
58244.692878
58245.619051
58246.084302
58246.530776
58247.699279
58248.038999
58248.477248
58249.188933
58250.555126
58251.141494
58251.897881
58252.620386
58253.009125
58253.706133
58254.090998
58254.999216
58255.665587
58256.430954
58257.208082
58257.771438
58258.139524
58259.189335
58260.286569
58260.545924
58261.278409
58261.849630
58263.024253
58263.504275
58264.027293
58264.537482
58265.129441
58265.894759
58266.295200
58267.544903
58268.418332
58268.837753
58269.750817
58270.385236
58270.872011
58271.614816
58272.056187
58273.024494
58273.782686
58274.010740
58275.139894
58275.525422
58276.390430
58276.783732
58277.674970
58278.558354
58279.693974
58280.109062
58280.466440
58281.097542
58281.948987
58282.370800
58283.191940
58283.854915
58284.340338
58285.159060
58286.195415
58287.084872
58287.439354
58288.064778
58288.836259
58289.323355
58290.302540
58290.816036
58291.720242
58292.215572
58292.884054
58293.117784
58293.950533
58294.984886
58295.633346
58296.689309
58297.286297
58297.653367
58298.628685
58299.229779
58299.935144
58300.089909
58300.619084
58302.094558
58302.451522
58303.196087
58303.753218
58304.591665
58305.349171
58306.258106
58306.443670
58307.616574
58308.222120
