72842.966400
72843.628342
72844.887747
72845.764845
72846.048720
72846.746430
72847.472336
72848.194916
72848.844249
72849.063415
72850.060383
72850.320064
72851.060697
72852.172967
72852.903035
72853.341197
72854.228813
72854.848387
72855.371469
72856.215247
72856.578072
72857.751990
72858.205119
72858.834070
72859.006267
72860.111427
72860.639994
72861.305890
72861.776304
72862.977908
72863.698064
72864.487320
72865.075642
72865.691874
72865.933195
72866.474773
72867.476348
72868.164252
72868.794198
72869.487198
72869.994991
72870.701795
72871.700330
72872.448644
72872.639807
72873.660116
72874.461213
72874.795190
72875.767820
72876.387622
72876.736561
72877.559745
72877.944739
72878.519935
72879.270567
72880.628207
72881.079092
72881.869869
72882.292295
72882.919296
72883.652516
72884.511057
72884.958424
72885.164787
72886.299386
72887.122830
72887.618525
72888.158438
72888.690721
72889.745912
72890.144979
72891.182714
72892.098184
72892.483245
72893.014240
72893.736197
72894.412063
72894.758938
72895.534753
72896.118121
72896.988851
72897.652962
72898.198613
72899.411406
72900.066676
72900.578174
72900.817854
72901.652291
72902.292204
72903.389918
72903.831485
72904.444364
72904.962722
72905.497642
72906.117977
72907.132044
72907.627579
72908.691612
72909.242317
72910.134841
