60368.253568
60368.546754
60369.450693
60369.837260
60370.274513
60371.868324
60372.524794
60373.081978
60373.588899
60374.234375
60375.258663
60375.632243
60375.967242
60376.829174
60377.496569
60378.231220
60379.065118
60379.873945
60380.361252
60381.165823
60381.969187
60382.337135
60383.189923
60384.153702
60384.795635
60384.967915
60385.997068
60386.288798
60386.994442
60387.881936
60388.491262
60389.108321
60390.390185
60390.973143
60391.795126
60392.030408
60392.623911
60393.277978
60393.938387
60394.828560
60395.690837
60395.981506
60396.793509
60397.260385
60398.202135
60399.206034
60399.477440
60400.298215
60401.396109
60401.856096
60402.091184
60403.236077
60403.780925
60404.187954
60404.837632
60405.201522
60406.518581
60407.223711
60408.209934
60408.689662
60409.012813
60410.012020
60410.582802
60411.291114
60412.096830
60412.254239
60413.354041
60414.096353
60414.643702
60415.028484
60415.822260
60416.640526
60417.535426
60418.492041
60418.919991
60419.750243
60420.210750
60420.682352
60421.380274
60422.111790
60422.606094
60423.637809
60424.173961
60424.728197
60425.767850
60426.643319
60427.182584
60427.615268
60428.307518
60428.878364
60430.170052
60430.581487
60431.159292
60431.468765
60432.238571
60433.090670
60433.497085
60434.487295
60435.719325
60435.952581
