53749.359567
53750.356389
53750.848772
53751.468964
53751.774582
53752.776682
53753.315469
53754.203228
53755.398230
53756.005478
53756.453681
53756.982745
53757.751926
53758.576691
53759.009703
53759.615579
53760.210568
53761.071445
53761.938610
53762.820118
53763.331072
53763.943967
53764.759779
53765.254076
53766.517832
53766.722383
53767.498072
53768.127242
53768.758246
53769.602052
53769.826943
53770.705400
53771.373656
53772.528263
53773.316771
53773.827238
53774.652268
53775.390727
53775.698885
53775.954706
53777.165391
53777.893897
53778.531454
53779.340895
53779.808508
53780.216483
53781.489895
53782.333407
53782.739277
53783.272344
53784.343889
53785.092882
53785.580126
53786.117740
53786.786575
53787.266652
53788.100550
53788.569207
53789.769439
53790.759394
53791.099166
53791.830860
53792.652187
53793.025418
53793.709362
53794.657065
53795.240503
53795.811119
53796.362480
53797.549546
53797.811203
53798.395501
53799.233124
53799.972269
53801.398866
53801.638431
53802.194767
53803.005253
53803.376082
53804.096144
53804.970663
53805.325997
53806.080838
53807.075899
53807.468212
53808.760095
53809.127192
53809.960847
53810.427852
53811.271104
53811.695169
53812.628769
53813.562660
53813.987752
53814.533735
53815.072158
53815.538981
53816.661757
53817.453381
53818.427772
