57757.772694
57758.795107
57759.670500
57760.572035
57761.026599
57761.495976
57762.475323
57763.136837
57763.701956
57764.583581
57765.238529
57765.795747
57766.300250
57767.062607
57767.683156
57768.344191
57768.901401
57770.222057
57770.806256
57771.482255
57772.276244
57773.013783
57773.060618
57774.021380
57774.213971
57775.731666
57776.134554
57776.649719
57777.303365
57777.995325
57779.131963
57779.495442
57780.462130
57780.987922
57781.506740
57782.891299
57782.969165
57783.597754
57784.294704
57784.836565
57785.592972
57785.972182
57787.199575
57787.986919
57788.969945
57789.353721
57789.703068
57790.624292
57791.345746
57791.926037
57792.604520
57793.236134
57793.947608
57794.686127
57795.416196
57795.902037
57796.549234
57797.355795
57798.413804
57799.229946
57799.794889
57800.215240
57800.797492
57801.503552
57802.353324
57802.784684
57803.191125
57804.405101
57805.029077
57805.569767
57806.807595
57807.269647
57807.825942
57808.418242
57809.063564
57809.861523
57810.706260
57811.400168
57811.888541
57812.540657
57812.827567
57813.601720
57814.828723
57815.483680
57816.137645
57816.946599
57817.832686
57818.005107
57819.051385
57819.249767
57819.912044
57820.718323
57821.404985
57822.377104
57822.891839
57823.444886
57824.497465
57825.027327
57825.608411
57826.473707
