68397.143510
68397.941436
68398.955993
68399.006624
68399.685348
68400.159931
68400.932842
68402.017887
68402.981343
68403.508214
68404.077912
68404.537453
68405.575970
68406.024772
68406.559803
68407.234734
68408.033668
68408.622816
68409.608206
68409.916493
68410.272950
68411.548460
68412.016711
68412.641222
68413.885649
68414.432957
68414.851692
68415.488956
68416.120610
68416.640406
68417.275069
68417.974303
68418.875764
68419.451801
68419.859149
68421.273891
68421.778482
68422.425910
68422.845815
68423.332244
68424.244851
68425.222621
68425.627544
68426.267305
68427.065838
68427.242732
68428.101402
68428.688009
68429.696430
68430.413545
68431.465122
68431.864211
68432.325892
68433.180660
68433.784149
68434.303432
68434.924664
68435.479138
68436.178642
68437.242122
68437.820968
68438.435772
68439.073524
68439.708284
68440.667838
68441.284044
68441.966075
68442.532354
68443.239058
68444.042763
68444.188592
68445.337010
68445.781865
68445.975874
68446.968641
68448.226316
68448.888882
68449.347940
68450.287254
68450.614721
68451.268556
68451.693336
68452.494153
68453.513220
68454.225329
68454.304530
68455.189630
68455.815156
68456.777110
68457.391655
68458.132843
68458.837552
68459.322207
68460.559564
68460.958565
68461.434973
68461.900470
68462.423297
68463.519334
68463.694515
