67924.078872
67924.614947
67925.129229
67925.756201
67926.804759
67927.054232
67927.925344
67928.530549
67929.247067
67929.737041
67930.600272
67931.195700
67932.062268
67932.572512
67933.821237
67934.424049
67934.727881
67935.169260
67935.951987
67936.463605
67937.487418
67937.796159
67938.529104
67939.412625
67940.098307
67941.179999
67941.518214
67942.238519
67942.835475
67943.224295
67944.360676
67944.870182
67945.537941
67946.284098
67946.812753
67947.249691
67947.871822
67948.676816
67949.660889
67950.906024
67951.088246
67951.333580
67952.458462
67953.246122
67953.549352
67954.127197
67954.724864
67955.392886
67956.443479
67956.929465
67957.850616
67958.221471
67959.089045
67959.715486
67960.522507
67961.217815
67961.841585
67962.465642
67963.263780
67963.739463
67964.299213
67964.806631
67965.746879
67966.329334
67966.798798
67968.206013
67968.942011
67969.299367
67969.947867
67970.725504
67970.958909
67971.551596
67972.798900
67973.263437
67973.941882
67974.419817
67974.945709
67975.971899
67976.748810
67977.328852
67977.868411
67979.019829
67979.392278
67980.241827
67980.772954
67981.333352
67981.882492
67982.568554
67983.029335
67983.790617
67984.872538
67985.532256
67986.420494
67986.759439
67987.447254
67988.308934
67988.791157
67989.479711
67990.148576
67990.701752
