68059.681990
68059.938150
68060.614819
68061.244153
68061.675563
68062.632043
68063.108125
68063.738585
68064.415120
68064.908858
68066.196032
68066.524826
68067.221427
68068.074625
68068.565947
68069.184524
68070.265172
68071.024952
68071.294307
68071.773998
68072.769734
68073.214355
68073.782366
68074.492045
68075.027305
68076.234782
68077.022191
68077.413113
68078.445603
68079.013885
68079.310740
68079.984116
68080.457735
68081.714512
68081.943830
68083.028432
68083.472617
68083.833420
68084.478079
68085.726668
68086.474657
68086.796327
68087.669694
68088.367910
68089.160917
68089.648948
68090.172957
68090.816045
68091.355643
68091.917056
68092.874081
68093.577665
68094.640862
68095.156514
68095.708525
68096.484211
68096.882312
68097.709291
68098.453179
68099.154536
68099.684734
68100.264448
68100.971642
68101.698225
68102.355041
68102.865266
68103.501860
68104.879751
68105.490794
68106.150722
68106.405458
68107.079099
68107.903130
68108.263105
68109.079497
68109.707659
68110.536743
68111.121696
68111.704185
68112.908613
68113.499737
68113.630318
68114.844112
68115.430456
68115.654311
68116.871856
68117.470256
68118.074785
68118.551655
68119.020338
68119.579646
68120.491047
68121.486963
68122.337226
68122.901202
68123.441649
68124.251546
68124.814799
68125.532558
68126.033524
