6275.846693
6276.916164
6277.229194
6278.607595
6279.122462
6279.993148
6281.406047
6282.275812
6283.220407
6284.054280
6284.788411
6285.899070
6287.173743
6287.425952
6288.211245
6289.114831
6290.037006
6291.549652
6292.329914
6293.297335
6294.349329
6295.006181
6295.221568
6296.546591
6297.771255
6298.458690
6299.172745
6300.374887
6301.383220
6302.230259
6303.490771
6303.949179
6304.900391
6305.747858
6306.557291
6307.144720
6308.253824
6309.939810
6310.837756
6311.201065
6311.879397
6313.321021
6313.825911
6315.031008
6315.483979
6316.769600
6317.255760
6318.603143
6319.382478
6320.918880
6321.415499
6322.118186
6323.182594
6323.689061
6324.348503
6325.991157
6326.550698
6327.709329
6328.768971
6329.665095
6330.240406
6331.108424
6332.346151
6333.196346
6333.916050
6334.410684
6335.356899
6337.044248
6337.822038
6339.041957
6339.248808
6340.441439
6341.029239
6341.954159
6343.025918
6343.639577
6345.124572
6345.812781
6346.708588
6347.512774
6348.864774
6349.694650
6350.349366
6350.797904
6352.124095
6352.824041
6353.487236
6355.408107
6355.930130
6356.984106
6357.606857
6358.315701
6359.169623
6360.503448
6361.108114
6362.082499
6362.685361
6363.900839
6365.283583
6365.852321
