25150.472269
25151.373805
25151.640207
25152.118566
25153.733871
25154.204645
25155.543709
25155.669098
25156.513165
25157.385874
25158.241826
25158.740826
25159.539953
25160.386694
25161.119186
25161.763753
25162.146337
25163.309402
25163.978131
25165.182228
25166.012786
25166.782604
25167.020789
25167.864534
25168.485423
25169.153807
25170.225982
25170.897198
25171.588246
25172.161719
25173.693579
25174.171257
25174.486102
25175.433270
25176.405077
25177.285640
25177.814408
25178.430130
25179.075365
25179.722088
25180.470080
25181.414508
25182.719258
25183.333055
25183.840904
25184.686713
25185.548035
25185.805368
25186.843114
25187.448430
25188.149960
25189.283374
25189.931508
25190.338830
25191.231751
25192.223086
25193.265389
25193.920157
25194.376472
25195.310941
25195.877534
25196.532879
25197.311179
25198.050583
25198.442216
25199.975960
25200.838662
25201.191299
25202.454865
25202.648475
25203.249522
25204.125967
25205.427195
25205.775685
25206.332877
25207.132833
25207.684039
25208.816120
25209.584624
25210.518292
25211.160137
25212.242929
25212.702566
25213.531908
25213.802579
25214.440799
25215.605758
25216.189409
25217.197929
25217.842235
25218.842255
25219.506856
25220.160424
25220.985125
25221.795889
25222.573602
25223.035022
25224.068152
25224.612481
25225.361849
