62146.278197
62147.400771
62148.244956
62148.870186
62149.424105
62149.829629
62151.101238
62151.827855
62152.059387
62152.877195
62153.403096
62154.080767
62154.461252
62155.502752
62155.875461
62157.309628
62157.885054
62158.236489
62159.195449
62159.765240
62160.383270
62160.959816
62161.474460
62162.313394
62163.142080
62163.717966
62164.568353
62164.947608
62165.379223
62166.429009
62167.687622
62167.914716
62168.606542
62169.404707
62169.925783
62170.691084
62171.091437
62171.816871
62172.512742
62172.904537
62173.909927
62174.765563
62175.802432
62176.015154
62176.878687
62177.551911
62177.904565
62178.592393
62179.865662
62180.177814
62180.870776
62181.297172
62181.805804
62183.013607
62183.299693
62184.072103
62185.303719
62185.519729
62186.820439
62187.117164
62187.887591
62187.989030
62188.979139
62189.411177
62190.261136
62191.076828
62191.834069
62192.165811
62193.254601
62193.944589
62194.470641
62195.200348
62196.113146
62196.491412
62197.299285
62197.880679
62198.702738
62199.238916
62199.905529
62200.334872
62200.707377
62202.062522
62203.116201
62203.633987
62204.219206
62204.763196
62205.235382
62206.346370
62206.657924
62207.514459
62207.674638
62209.162924
62209.352256
62209.950169
62210.844309
62211.647927
62212.279557
62212.818858
62213.858837
62214.515687
