64668.526286
64669.216204
64669.999332
64670.398211
64670.996240
64671.488453
64672.189960
64673.236848
64673.791734
64674.334413
64675.042063
64675.610059
64676.164994
64677.104461
64678.036375
64678.575260
64679.625645
64679.859127
64680.641164
64681.075112
64682.030014
64682.638197
64682.780504
64683.854014
64684.120010
64685.661746
64686.160318
64686.827064
64687.180632
64688.163720
64688.779091
64689.207304
64690.442078
64690.696567
64691.274187
64692.005032
64692.803683
64693.492445
64693.614529
64694.608201
64695.737340
64696.327144
64697.193735
64697.646117
64698.553568
64698.911478
64699.225661
64700.025741
64700.841077
64701.664017
64702.296136
64702.876383
64703.432735
64704.460228
64705.221792
64705.870334
64706.432470
64706.782003
64708.062473
64708.583584
64709.151502
64709.821060
64710.165161
64710.844061
64711.579345
64712.254570
64713.405463
64714.112655
64714.907291
64715.212043
64715.918577
64716.558986
64717.317206
64717.850515
64718.479097
64719.212593
64719.993948
64720.583258
64721.253858
64722.042786
64722.678759
64723.069247
64724.552178
64725.111236
64725.392301
64726.119859
64726.816975
64727.258188
64728.231212
64728.596763
64729.062948
64730.189175
64730.728432
64731.763789
64732.747755
64732.843440
64733.553768
64734.268016
64734.879111
64735.550372
