10473.663616
10474.520744
10475.424074
10476.013351
10476.560569
10477.581047
10479.194951
10479.849658
10480.461597
10481.258384
10482.176818
10483.004903
10483.766663
10484.928752
10485.255087
10486.108130
10487.031964
10487.963082
10489.004571
10490.067756
10491.009790
10491.446772
10492.427504
10492.886908
10493.422948
10495.186534
10495.443495
10496.246556
10497.687593
10498.334105
10499.201811
10499.802311
10500.808262
10501.838602
10502.491273
10503.207288
10503.886955
10504.550081
10505.648939
10507.119970
10507.949138
10508.523138
10509.014517
10510.229211
10510.833179
10511.561711
10512.454823
10513.343344
10514.443023
10515.084180
10515.864173
10516.949611
10517.921954
10518.898560
10519.475114
10519.932209
10521.145321
10521.656291
10522.316641
10523.550203
10524.752033
10525.435391
10526.590493
10527.042115
10527.645509
10528.404773
10529.925819
10530.221176
10531.406798
10531.561398
10532.599658
10534.064933
10534.784263
10535.490170
10536.665084
10537.355066
10537.926503
10538.538711
10539.577433
10540.085501
10541.524255
10542.279167
10543.463824
10543.792506
10544.855737
10545.554747
10546.862586
10547.153370
10548.023504
10548.956457
10549.714929
10550.454673
10551.139597
10553.168003
10553.342983
10554.317528
10554.823980
10555.646598
10556.505882
10557.315887
