38782.830010
38783.673458
38783.914578
38784.577662
38784.928477
38786.114037
38786.646259
38787.334790
38788.672599
38789.000203
38790.247936
38790.524376
38791.155214
38791.983687
38792.190665
38793.380555
38794.058231
38794.790590
38795.470829
38795.965212
38796.842038
38797.612826
38798.445655
38799.478043
38800.185570
38800.319919
38801.301628
38802.055733
38802.657709
38803.313910
38803.745978
38804.410647
38805.792020
38806.532221
38807.253995
38807.814327
38808.467414
38808.979172
38810.199302
38810.624907
38811.093109
38812.285017
38812.766143
38813.104401
38814.066547
38814.750942
38815.766682
38816.369725
38817.474040
38818.096265
38818.683300
38819.234831
38819.923587
38820.300605
38821.216078
38822.113766
38823.083552
38823.260536
38824.125263
38825.451429
38826.001571
38826.209888
38827.143516
38827.949687
38828.829023
38829.342921
38830.200412
38830.513178
38831.221643
38831.928816
38832.617087
38833.940695
38834.859147
38835.131475
38835.944920
38836.521943
38837.157863
38838.094205
38838.450659
38839.351398
38839.910032
38840.796758
38841.690328
38842.430288
38842.622989
38843.819506
38844.577392
38845.449132
38846.148069
38846.518611
38847.507697
38847.660836
38848.796591
38849.174880
38849.926907
38850.752749
38851.978853
38852.616868
38853.130809
38854.020202
