17018.054396
17018.449934
17019.212498
17019.997113
17020.902026
17021.885580
17022.304185
17023.515364
17023.979812
17024.977868
17025.904685
17026.832905
17027.628474
17028.086142
17028.595233
17029.752981
17030.501168
17030.815876
17031.765069
17033.524765
17033.797497
17034.670564
17035.424745
17035.823936
17036.757734
17037.887801
17038.452069
17039.087540
17040.025829
17040.562107
17041.441572
17042.593200
17043.513805
17044.110732
17044.931960
17046.105748
17046.345319
17046.788072
17047.785548
17048.419204
17049.730607
17050.472602
17051.165131
17052.054269
17053.064309
17053.593099
17054.195342
17055.320525
17055.892452
17056.908858
17057.432029
17057.925334
17058.948399
17059.650905
17061.078311
17062.120113
17062.286298
17063.184174
17063.744135
17064.539113
17065.466649
17066.160710
17066.938957
17067.661209
17068.726994
17069.822411
17070.298573
17070.631848
17072.433960
17072.625030
17073.501280
17074.253613
17074.852141
17075.525624
17076.259941
17077.298173
17078.331556
17079.424990
17079.851090
17080.750833
17081.360065
17082.339506
17082.512992
17083.639334
17084.859156
17085.291663
17085.873555
17086.580445
17087.916689
17088.696904
17089.612569
17090.218452
17090.912793
17091.879830
17092.401384
17093.102057
17093.657686
17094.665943
17095.767595
17096.750012
