62009.855421
62010.551005
62011.243390
62012.249021
62012.891859
62013.499699
62014.287971
62015.274113
62015.720717
62016.211497
62016.680022
62017.244860
62018.045243
62019.043818
62019.324727
62020.458694
62021.095227
62021.576316
62022.819331
62023.089602
62023.581812
62024.286158
62025.390544
62025.769651
62026.343431
62027.225862
62027.700657
62028.364840
62028.871691
62029.489757
62030.954877
62031.701446
62032.123138
62032.520624
62033.455762
62033.803769
62034.632896
62035.351773
62035.841472
62036.502398
62037.220910
62038.210882
62038.768695
62039.509649
62040.094002
62040.863552
62041.433181
62042.597267
62042.828972
62043.633415
62044.279947
62044.790387
62045.386168
62045.867647
62046.845418
62047.571900
62048.375609
62049.382392
62049.730917
62050.667159
62051.200899
62051.583109
62052.383791
62052.695601
62053.876458
62054.800434
62055.123432
62055.447782
62056.212702
62057.270271
62058.013707
62058.554701
62059.490482
62060.179803
62060.625189
62061.417381
62061.951374
62062.684018
62063.146107
62063.636696
62064.516536
62065.338328
62066.143639
62067.324126
62067.514415
62068.162677
62068.482453
62069.777676
62070.122509
62070.955760
62071.641749
62071.986269
62072.804734
62073.716160
62073.957120
62074.816053
62075.416530
62076.619981
62077.336323
62077.962092
