50546.806101
50547.262087
50547.760910
50548.964481
50549.434298
50549.664395
50550.620452
50551.069754
50551.665039
50552.899326
50553.560615
50554.259603
50554.954763
50555.521807
50556.424097
50557.030385
50557.595121
50558.419242
50559.310785
50559.698158
50560.143038
50561.131897
50561.632653
50562.325549
50563.040121
50564.399682
50564.803580
50565.685659
50566.321970
50566.581272
50567.135100
50568.020168
50568.829869
50569.520257
50570.238061
50570.688468
50571.435420
50572.639427
50573.222169
50573.556368
50574.370333
50575.470604
50575.823910
50576.772269
50577.172255
50577.867367
50578.401403
50579.194170
50579.414039
50580.845463
50581.572551
50582.442612
50582.941576
50583.527010
50584.204143
50585.105530
50585.475623
50586.221741
50586.707104
50587.840151
50588.611502
50588.926603
50589.382412
50590.460116
50591.229826
50592.079977
50592.988825
50593.420514
50594.020471
50594.579837
50595.460530
50596.085605
50596.314323
50597.318963
50598.069932
50598.814507
50599.765910
50600.535620
50601.296649
50601.621547
50602.153312
50602.947495
50603.964235
50604.883057
50604.961026
50605.660986
50606.353137
50607.025792
50607.794398
50608.904857
50609.191264
50610.546090
50610.811093
50611.731045
50612.194255
50612.803917
50613.316756
50613.928402
50615.021551
50615.474950
