45769.503168
45770.043670
45771.260848
45771.660961
45772.453348
45772.695136
45773.554562
45774.435127
45774.902099
45775.377226
45776.250829
45777.648347
45778.145209
45778.655738
45779.711093
45780.153105
45780.368112
45781.337019
45782.028251
45783.059291
45783.572674
45784.103648
45784.856450
45785.342299
45786.549051
45787.343608
45787.859878
45788.502711
45789.434773
45790.215523
45790.605913
45791.381546
45791.671195
45792.382150
45793.243031
45794.242373
45794.897785
45795.794967
45796.603605
45796.866041
45797.710818
45798.532363
45798.958251
45799.978720
45800.440108
45801.215764
45801.830154
45802.454131
45803.331484
45803.746423
45804.607347
45806.112659
45806.329958
45807.198711
45807.596719
45807.913716
45809.143567
45809.613373
45810.060482
45811.086603
45811.876277
45812.152466
45813.606425
45814.226663
45814.438958
45815.381080
45816.109932
45816.870880
45817.505118
45818.471286
45818.806690
45819.447447
45820.146790
45820.425587
45821.654313
45822.664187
45823.347501
45823.935693
45824.718002
45825.396393
45826.012543
45826.681747
45827.000638
45827.805897
45829.004713
45829.459581
45830.171117
45830.569616
45831.700775
45832.248982
45833.288933
45833.749634
45834.615105
45835.376160
45835.887419
45836.286550
45837.235562
45837.799139
45838.535676
45838.886817
