36253.131085
36253.840389
36254.793478
36255.560708
36256.016088
36256.544070
36257.584464
36258.206003
36258.568450
36259.993747
36260.953479
36261.336883
36262.327499
36262.459378
36263.284057
36263.763155
36265.003546
36265.356344
36266.197512
36266.746988
36267.785999
36268.834723
36269.308788
36269.611029
36270.874284
36271.295399
36272.308028
36273.056094
36273.410386
36274.091439
36274.811548
36275.376642
36276.104422
36277.502660
36278.164692
36278.694828
36279.508387
36280.142355
36280.863198
36281.490334
36282.057496
36282.620530
36283.916391
36284.526703
36284.955535
36285.600542
36286.547633
36287.536332
36288.088787
36289.106581
36289.686037
36290.122314
36290.980009
36291.765070
36292.057904
36293.044789
36293.344580
36294.697903
36295.262793
36296.469912
36296.982388
36297.728301
36297.839372
36298.715045
36299.937827
36300.386237
36301.239341
36301.550162
36302.411027
36303.017817
36303.946385
36304.925081
36305.278943
36306.528388
36307.276483
36307.784399
36308.272545
36309.004959
36309.714345
36310.115927
36311.254143
36311.820316
36312.797470
36313.615372
36314.070510
36315.010968
36315.836761
36316.228232
36317.230537
36317.731031
36318.493866
36319.378080
36319.928650
36320.472786
36320.997440
36321.760319
36323.358663
36323.957432
36324.511507
36324.904813
