48094.209696
48094.935654
48095.622267
48096.155245
48096.867563
48097.846662
48099.045424
48099.379534
48100.044342
48100.600571
48101.764279
48101.994314
48102.610472
48103.058202
48103.918787
48104.937889
48105.516679
48106.472422
48106.960783
48107.635416
48108.456963
48109.275907
48109.893201
48110.371353
48111.413919
48111.972694
48112.419149
48113.110103
48113.838670
48114.529647
48115.047583
48116.498571
48116.956281
48118.030890
48118.377135
48118.689941
48119.578537
48120.103869
48120.931957
48122.008571
48122.260465
48122.957487
48123.541673
48124.725550
48125.453268
48125.787371
48126.705453
48127.404730
48128.499741
48128.787848
48129.574767
48129.864816
48130.885300
48131.263916
48131.808444
48132.943072
48134.007633
48134.413357
48135.307510
48135.892555
48136.514944
48137.121895
48138.032338
48138.505216
48138.988177
48140.206607
48140.743220
48141.245924
48141.997209
48142.298770
48143.720752
48144.552752
48145.001600
48146.058243
48146.230996
48146.917873
48147.692267
48148.504024
48148.798966
48149.505007
48150.475869
48151.287906
48151.934697
48152.954059
48153.552660
48154.044866
48154.546078
48155.367573
48156.531079
48156.986579
48157.453342
48158.177367
48158.645721
48159.367540
48160.442491
48160.853203
48162.088267
48162.563716
48163.519459
48164.143081
