47883.733193
47884.022112
47884.764672
47885.289927
47886.379325
47886.721581
47887.779951
47888.260515
47889.376069
47889.930741
47890.485485
47891.463062
47892.010852
47892.502271
47893.398840
47894.220355
47894.731473
47895.458543
47896.009286
47896.500809
47897.051858
47898.630927
47899.294266
47899.945542
47900.325056
47901.251857
47901.651970
47902.733879
47903.002901
47903.490947
47904.571019
47905.349133
47905.944305
47906.503478
47907.658964
47908.087402
47908.698947
47909.651035
47910.393920
47911.364982
47911.534660
47912.191671
47912.870900
47913.564408
47914.162722
47914.951142
47915.950332
47916.385070
47917.700168
47918.453668
47918.665186
47919.046634
47920.054527
47920.545680
47921.601022
47922.223019
47922.806326
47923.587400
47923.847760
47924.843903
47925.833703
47926.358039
47927.321192
47928.164964
47928.435074
47929.286065
47929.892986
47930.610095
47931.157680
47931.675831
47932.260068
47933.600780
47934.268632
47935.028315
47935.571920
47936.096866
47937.173595
47937.543601
47938.476101
47938.988278
47939.695610
47940.437639
47941.115676
47941.656792
47942.345501
47942.883820
47944.129506
47945.061460
47945.549239
47946.205627
47946.893890
47947.571617
47947.894425
47948.461506
47949.809747
47950.207939
47950.701684
47951.681840
47952.273681
47953.414220
