45840.107249
45841.198907
45841.720286
45842.443072
45842.845667
45843.531030
45844.024740
45845.360571
45845.826399
45846.309548
45846.843647
45847.897319
45848.324294
45849.202936
45849.857911
45850.901866
45851.542864
45852.339339
45852.985997
45853.624108
45854.062505
45854.741939
45855.316590
45856.226664
45856.760377
45858.045066
45858.482003
45859.029845
45860.035604
45860.719791
45861.494968
45861.723396
45862.778462
45863.302647
45864.345372
45864.749440
45865.419333
45865.869545
45866.455910
45867.670329
45868.655404
45869.598710
45869.653148
45870.474154
45871.291071
45871.866472
45872.286919
45873.190977
45873.924170
45874.602393
45875.281626
45875.981228
45877.050896
45877.713597
45878.102812
45878.697955
45880.068932
45880.671540
45880.903793
45881.814774
45882.460708
45882.663006
45883.722261
45884.556569
45884.991041
45886.119714
45887.043043
45887.796821
45888.174495
45888.619605
45889.698502
45889.961134
45890.778209
45891.806196
45892.269751
45893.211290
45893.405781
45894.191932
45895.238384
45895.940951
45896.900376
45897.546130
45898.025408
45898.599825
45899.646936
45900.112483
45900.663842
45901.136445
45901.816085
45903.032541
45903.906680
45904.456164
45905.321681
45905.596225
45906.737741
45906.964696
45907.980894
45908.617154
45909.353796
45910.136065
