25225.787356
25226.625697
25228.148363
25228.943763
25229.540061
25229.915854
25230.548150
25231.724589
25232.280243
25232.615986
25233.851322
25234.469040
25235.134085
25236.150230
25236.854010
25237.727233
25238.174431
25239.398204
25240.075162
25240.632552
25241.528086
25241.907009
25242.574093
25243.208209
25244.408331
25245.321587
25245.808503
25247.237214
25247.455318
25248.248748
25249.001802
25249.349614
25250.342748
25251.501883
25251.978033
25252.465425
25253.254788
25254.047119
25255.029831
25256.100043
25256.547423
25257.681014
25258.103979
25258.550438
25259.642034
25260.108343
25260.844641
25261.459128
25262.400620
25263.732328
25264.336619
25264.805973
25265.551487
25266.312894
25267.203144
25268.061501
25268.685777
25269.215901
25269.884634
25271.060810
25271.321060
25271.990792
25273.498098
25274.206029
25274.852146
25275.649775
25276.369505
25276.790616
25277.356545
25278.313156
25279.200130
25280.038287
25280.586723
25281.406552
25282.299077
25283.260160
25284.095550
25284.179193
25285.370608
25286.264148
25286.944843
25287.530519
25287.876682
25288.765451
25289.477079
25290.726505
25291.851938
25292.104336
25292.987961
25293.726383
25294.299920
25294.923084
25296.064745
25296.334122
25297.422487
25298.002280
25298.808140
25299.658665
25300.617992
25300.762078
