64600.257149
64600.808583
64601.589985
64602.173495
64602.566928
64603.440257
64604.650493
64605.381974
64605.724466
64606.592205
64607.224102
64607.877310
64608.305405
64609.172144
64609.457243
64610.405296
64611.305467
64611.937920
64612.398642
64612.921912
64613.743752
64614.993680
64615.217484
64616.199158
64616.622398
64617.506519
64618.035548
64618.411566
64619.276719
64620.086288
64620.181409
64621.027593
64622.394274
64622.662025
64623.725267
64624.511359
64624.670320
64625.304866
64625.954914
64626.863757
64627.754267
64628.285847
64628.633993
64629.243490
64630.108545
64630.768146
64631.596347
64632.121742
64633.303977
64633.607675
64634.778687
64635.264100
64635.339332
64636.292775
64636.836499
64637.390030
64638.316610
64638.961162
64639.745902
64640.433475
64641.202840
64641.955665
64642.347943
64643.282185
64643.949000
64644.559878
64644.960772
64646.057236
64646.672110
64647.044880
64647.633121
64648.425578
64648.694412
64650.248219
64651.011633
64651.604009
64652.062491
64652.434542
64653.556863
64653.974884
64654.687294
64654.956948
64656.173931
64656.642670
64657.335737
64657.924320
64658.955653
64659.500693
64660.154402
64660.709203
64661.719458
64662.549828
64662.817409
64663.725667
64664.055218
64664.723019
64665.096455
64666.325896
64666.767136
64667.492758
