4697.774403
4698.924504
4699.497252
4700.158603
4701.842587
4702.437645
4703.015173
4704.338118
4705.482138
4706.468570
4707.187171
4708.595427
4709.332678
4709.944940
4710.552242
4711.691980
4712.777797
4714.247723
4714.997962
4715.952621
4716.660239
4717.733401
4718.529894
4719.595704
4720.386694
4721.537540
4721.954561
4723.234934
4724.996421
4725.487196
4726.271143
4726.949295
4728.211604
4728.750507
4729.661501
4730.962714
4732.021907
4733.193764
4733.844098
4734.527817
4736.044923
4736.596840
4737.784035
4738.432582
4738.793733
4740.332565
4741.721885
4742.414037
4743.717920
4744.421811
4744.996853
4745.842419
4746.839593
4748.335806
4748.700881
4749.728100
4751.215949
4751.682732
4753.084026
4753.918835
4754.589564
4755.588948
4756.356140
4757.222671
4757.970669
4760.158590
4760.441048
4761.516430
4761.983993
4763.158188
4764.275424
4764.998476
4765.803255
4766.884818
4767.868858
4768.726470
4770.256497
4770.891284
4772.057494
4772.644938
4773.439797
4774.056619
4775.395711
4776.429201
4777.635676
4778.374124
4779.596151
4780.479123
4780.708587
4782.356874
4783.343224
4783.714516
4784.640967
4785.525415
4787.252675
4788.152570
4788.999015
4789.698347
4790.733815
4791.291170
