54789.265459
54789.914769
54790.758840
54791.549328
54791.808973
54792.912823
54793.303577
54793.794097
54794.431487
54795.091664
54796.421684
54797.157375
54797.747569
54798.307159
54799.133753
54799.604576
54800.013175
54800.984544
54802.060080
54802.262448
54802.760655
54803.753048
54804.346280
54805.099100
54805.876435
54806.601208
54807.220911
54808.279582
54809.088578
54809.445179
54809.678801
54810.579252
54811.170020
54811.915630
54812.734547
54813.255825
54814.208113
54815.176597
54815.588181
54816.404109
54817.045109
54817.512570
54818.276483
54819.082718
54819.692555
54820.539062
54821.044081
54821.599111
54822.239415
54822.706653
54823.992347
54825.042275
54825.458851
54826.073581
54826.484195
54827.442648
54828.234668
54828.468506
54829.185256
54829.733818
54830.838418
54831.621905
54831.916730
54833.176791
54833.648196
54834.003538
54835.072768
54835.787893
54836.432518
54837.118992
54837.829717
54838.231413
54839.003794
54839.321947
54840.605685
54840.801957
54841.929808
54842.732666
54843.815580
54844.041104
54844.664730
54845.256121
54845.721834
54846.649020
54847.365760
54848.325827
54848.783445
54849.065252
54849.974343
54851.103103
54851.573823
54852.165984
54853.261681
54853.762787
54854.353037
54855.276196
54855.643792
54856.203970
54857.031221
54857.640887
