51174.496860
51175.760831
51176.217864
51176.801910
51177.597551
51178.451457
51178.750645
51179.647372
51180.514071
51181.236215
51182.272642
51182.861985
51183.316909
51183.751241
51184.350108
51185.447452
51185.854296
51186.502291
51187.171128
51188.126609
51189.257066
51189.561214
51190.389517
51190.957421
51191.471105
51192.202529
51193.287357
51193.840440
51194.319680
51194.906603
51195.910874
51196.090040
51196.760282
51198.195621
51198.852498
51199.420944
51200.061991
51200.920582
51201.434820
51202.229780
51202.518261
51203.080112
51204.032891
51204.915603
51205.767039
51206.061742
51206.962074
51207.671482
51208.554000
51209.094353
51209.855908
51210.616995
51211.095332
51212.026461
51212.484623
51212.952695
51213.825998
51214.342459
51215.081275
51216.187841
51217.181077
51217.770814
51218.174302
51218.834619
51219.273578
51220.158445
51220.953368
51221.580186
51222.428680
51222.863323
51223.277513
51224.553213
51225.289383
51225.679422
51226.355152
51227.760200
51227.903784
51228.769755
51229.263552
51230.066129
51230.503750
51230.938615
51231.957239
51232.569683
51233.596306
51234.473665
51234.851021
51235.808650
51236.295485
51236.933776
51237.809700
51238.295960
51238.754748
51240.039127
51240.514249
51241.007082
51241.583237
51242.166749
51243.180657
51244.309340
