20240.294821
20241.276108
20242.739016
20243.066097
20243.805699
20244.469418
20244.972435
20246.243664
20246.898284
20247.812589
20248.083057
20248.815355
20249.859016
20250.502319
20251.723465
20252.584337
20253.231461
20253.960075
20254.610639
20255.439680
20256.064873
20256.474193
20257.492149
20258.632419
20259.379788
20260.056907
20260.777154
20261.789895
20262.429130
20263.264443
20264.213218
20264.440767
20265.523598
20266.399776
20266.880356
20267.127704
20268.581815
20269.661114
20270.564325
20271.072742
20271.983153
20272.319660
20272.975449
20274.081526
20274.744017
20275.696949
20276.118094
20276.993360
20277.944008
20279.161244
20279.354643
20280.061458
20281.597813
20282.003805
20282.593752
20283.141697
20284.126428
20284.401709
20285.612216
20286.427812
20287.556849
20288.270831
20288.962640
20289.632135
20290.578491
20290.803630
20292.045155
20292.595478
20293.488754
20294.288884
20294.901369
20295.445446
20296.513061
20297.867315
20298.507576
20298.990998
20299.584710
20300.635175
20301.175424
20301.895846
20302.447737
20303.442466
20304.295143
20305.580947
20306.037381
20306.671910
20307.506323
20308.316653
20308.982697
20310.035303
20310.850820
20311.110896
20311.768371
20312.701782
20313.639992
20314.455780
20315.588872
20316.220557
20317.073649
20317.970981
