19773.303864
19774.327598
19774.633504
19775.433009
19776.127504
19776.644116
19778.159214
19778.588457
19779.771013
19779.944833
19781.316882
19781.793831
19782.593643
19783.483292
19784.318448
19784.868893
19785.401253
19786.443402
19787.045803
19787.577659
19789.224779
19789.755116
19790.850222
19791.282421
19791.877228
19792.361569
19793.393309
19794.462854
19795.019796
19795.530914
19796.464767
19797.516202
19798.350600
19798.860759
19799.817088
19800.727068
19801.696132
19801.928987
19802.891911
19803.399607
19804.067994
19804.876183
19805.973333
19807.133996
19807.842456
19808.171592
19809.341216
19809.815937
19810.747315
19811.246138
19812.029447
19813.311559
19813.687897
19814.264577
19815.034806
19816.115204
19817.142531
19818.168295
19818.630291
19819.033150
19820.141440
19820.785349
19821.315258
19821.968133
19823.287272
19823.589660
19824.907937
19825.796900
19826.374918
19827.097596
19827.443660
19828.911863
19829.491595
19830.217984
19830.813129
19831.449554
19832.063042
19833.456020
19833.859616
19835.103017
19835.968986
19836.589906
19837.289684
19837.862175
19838.453015
19839.321309
19840.265338
19841.012701
19841.842652
19842.609299
19843.385796
19844.283129
19845.125054
19845.887732
19846.692910
19847.289574
19848.012301
19848.967958
19849.501565
19849.984352
