46334.258140
46334.760000
46335.425729
46336.251252
46336.776681
46337.877298
46338.394346
46339.317302
46339.934112
46340.894380
46341.264447
46341.881827
46342.863845
46343.463610
46343.989121
46344.957468
46345.692029
46345.893278
46346.585268
46347.163113
46348.899665
46349.213573
46349.934780
46350.781067
46350.939641
46352.013946
46352.550831
46353.228007
46353.615166
46354.743854
46355.231827
46356.236020
46356.660959
46357.704258
46358.214180
46358.914832
46359.706803
46360.557100
46361.223739
46361.965340
46362.430197
46362.699251
46363.697677
46364.502739
46365.029258
46365.913738
46366.922392
46367.708009
46368.395076
46368.894210
46369.462079
46369.991494
46370.747324
46371.693846
46372.694171
46372.923815
46373.255496
46374.403797
46375.251154
46375.597776
46376.904569
46377.487294
46378.098719
46378.723791
46379.510402
46380.160755
46380.650004
46381.321136
46381.886936
46382.572678
46383.782467
46384.613296
46385.280273
46385.719692
46386.281772
46387.374928
46387.862706
46388.700307
46389.027162
46390.229407
46390.429438
46391.400222
46391.823407
46392.583954
46393.272044
46394.546587
46395.123068
46395.874654
46396.551724
46397.056052
46397.610450
46398.160850
46399.089697
46399.601825
46400.710292
46401.221686
46401.618297
46402.832824
46403.688201
46404.293650
