4411.715201
4412.237247
4413.216561
4413.934044
4415.850961
4416.593999
4417.580116
4418.241556
4418.971524
4419.922457
4421.141217
4421.904701
4422.790749
4424.339666
4425.244909
4425.495648
4427.164720
4428.073175
4428.881802
4429.488009
4430.247448
4431.424340
4432.575627
4434.029253
4434.779104
4435.529083
4436.423737
4437.394173
4437.976869
4439.557560
4440.107585
4441.064996
4441.984948
4443.365941
4444.564424
4445.238338
4445.772758
4447.263096
4447.732962
4448.301901
4449.635268
4451.098120
4452.188083
4452.680702
4453.734551
4454.462905
4455.762657
4456.703250
4457.245826
4458.188749
4459.171279
4460.548529
4461.404140
4462.734622
4463.647648
4464.038523
4464.812716
4465.805997
4467.228532
4467.739817
4469.170662
4469.978032
4471.361757
4471.550195
4472.959272
4474.186277
4474.317091
4475.801110
4476.246519
4477.015857
4479.269423
4479.730664
4480.533629
4481.410040
4482.366885
4483.238277
4484.123623
4485.052226
4486.327219
4487.084191
4488.070667
4489.240895
4490.295506
4491.218481
4492.008277
4492.638034
4493.533634
4494.493755
4495.810018
4496.893451
4498.107112
4498.778394
4499.585223
4500.164602
4501.627186
4502.673855
4503.329854
4503.715555
4505.458867
4506.311496
