17889.631814
17890.055762
17890.893648
17891.726241
17892.533227
17893.458977
17893.692316
17895.285819
17895.910694
17896.881457
17897.523745
17898.166393
17898.598762
17899.590021
17900.280895
17901.003538
17902.258850
17902.775147
17903.783497
17904.807782
17905.263299
17906.043824
17906.472801
17907.951321
17908.560320
17909.035439
17909.759078
17910.393448
17911.230740
17912.638629
17913.591511
17913.788187
17915.066355
17915.665120
17916.040279
17917.000249
17917.669732
17918.445761
17919.526668
17920.057230
17921.282003
17921.869134
17922.413008
17923.515834
17924.550585
17925.108413
17925.740981
17926.384823
17927.241952
17928.056273
17928.590904
17929.385642
17930.812232
17931.850369
17932.365022
17932.587290
17933.802118
17934.188708
17935.240371
17935.942231
17937.050132
17937.418001
17937.999395
17939.231858
17940.160467
17940.749608
17942.039086
17942.205393
17943.325895
17944.155465
17944.612965
17945.123159
17945.736720
17947.289480
17947.829853
17948.923512
17949.533444
17950.382577
17951.141931
17951.755421
17952.529285
17953.580561
17954.031521
17955.155214
17955.447985
17956.260820
17957.261580
17958.148273
17959.501176
17959.984572
17960.597216
17961.188392
17961.922944
17962.715150
17963.718561
17964.232375
17964.936689
17966.265639
17967.007600
17967.712094
