18520.280952
18521.196650
18521.667828
18522.513320
18523.019650
18523.500185
18524.899563
18525.759506
18526.006715
18526.951239
18527.490461
18528.806329
18529.648128
18530.159050
18531.297421
18532.141425
18532.484811
18533.326377
18534.072659
18534.712641
18535.234582
18536.504289
18537.600213
18538.229564
18539.140716
18539.436652
18540.594647
18541.168526
18542.353424
18542.623146
18543.291395
18544.718779
18545.008651
18545.353688
18546.638477
18547.893002
18548.626298
18549.405552
18549.890838
18550.570655
18551.295581
18552.155373
18552.772472
18553.802446
18554.551634
18555.283924
18556.365972
18557.228151
18557.742097
18558.378532
18559.422328
18560.421350
18561.015805
18561.555712
18562.007600
18562.937505
18563.843430
18565.176837
18565.687614
18566.714768
18567.262552
18568.095159
18568.842286
18569.089544
18570.299547
18571.064602
18572.042869
18572.334237
18573.563668
18574.259115
18574.826270
18576.324315
18576.927756
18577.283648
18578.283623
18578.847954
18579.629152
18580.399473
18581.095625
18581.696307
18583.462283
18583.887002
18584.851670
18584.978815
18585.957723
18586.974333
18587.496839
18588.507832
18589.379948
18589.582121
18590.495039
18591.495176
18592.298100
18593.464752
18594.017233
18594.902846
18595.650187
18596.507078
18596.780146
18597.392581
