72775.965905
72776.840620
72777.475510
72778.426684
72778.638709
72779.456354
72780.113205
72780.594155
72781.767977
72782.304387
72783.072474
72783.961443
72784.246050
72785.063245
72785.260179
72786.217446
72786.963418
72787.341307
72787.965172
72788.644649
72790.004706
72790.491845
72791.153762
72791.631116
72792.339299
72792.691217
72793.860195
72794.359922
72795.225647
72795.388111
72796.241998
72796.916302
72797.435958
72798.169994
72798.900619
72799.853689
72800.621283
72801.350873
72801.664895
72802.614633
72803.033916
72803.642963
72804.166205
72804.559288
72806.018821
72806.295198
72806.974571
72807.722489
72808.391924
72809.218854
72810.025105
72810.394254
72811.041993
72812.017183
72812.249133
72813.355254
72813.956386
72814.318813
72814.550410
72815.591515
72816.289915
72817.198003
72818.218097
72818.844543
72819.309881
72819.608979
72820.681522
72821.004851
72821.755935
72822.430425
72823.275713
72823.686611
72824.330592
72825.169407
72825.922334
72826.764220
72826.984819
72827.756993
72829.006541
72829.501536
72829.951045
72830.762010
72830.825949
72831.908820
72832.439432
72832.877744
72834.041909
72834.217806
72835.613883
72836.138334
72836.703504
72837.547035
72837.899045
72838.592450
72839.120201
72839.960680
72840.746047
72841.301700
72842.043571
72842.565844
