33776.589020
33777.013376
33778.646608
33778.867750
33779.278667
33780.094171
33780.671521
33781.617521
33782.252260
33782.627824
33783.674328
33784.881103
33785.593445
33786.178411
33786.874984
33787.326534
33787.994285
33789.052494
33789.737611
33790.339894
33791.117872
33791.814338
33792.139014
33793.217163
33794.286002
33794.923229
33795.867342
33796.166953
33797.162261
33798.018299
33798.248425
33799.013896
33799.321595
33800.674466
33801.289664
33802.354181
33802.821793
33803.583434
33804.472606
33805.069073
33805.848784
33806.401562
33807.290416
33808.193011
33808.491842
33809.160495
33810.044081
33810.617738
33811.374097
33812.692612
33813.579390
33813.947181
33814.568586
33815.227496
33815.819912
33816.565560
33817.453155
33818.221040
33818.859326
33819.194859
33820.848264
33821.127212
33821.755297
33822.582866
33823.386471
33824.310227
33824.982623
33825.457427
33826.246882
33826.644997
33827.515800
33828.043621
33829.101761
33830.376234
33830.646790
33831.508297
33832.342654
33832.681502
33833.745843
33834.114157
33834.666271
33835.850446
33836.658377
33837.032576
33837.866073
33838.248668
33839.497608
33840.532542
33840.919929
33841.773480
33842.520802
33843.017587
33843.629361
33844.633794
33845.026763
33845.431716
33846.764838
33847.447844
33848.413289
33849.172610
