65483.866163
65484.488639
65485.302502
65486.412465
65486.643128
65487.463890
65487.675926
65488.199842
65489.263480
65489.928907
65490.307921
65491.261555
65491.757621
65492.779520
65493.677785
65494.015282
65494.792791
65495.220721
65495.990569
65496.895253
65497.608594
65498.047697
65498.683658
65499.342035
65499.888099
65500.394699
65501.287377
65502.544142
65503.067274
65503.730006
65504.131807
65505.008632
65505.664176
65506.357437
65506.579750
65507.238775
65508.235038
65509.035000
65509.677957
65510.146871
65510.876113
65511.933933
65512.069732
65513.376406
65513.906586
65514.324404
65515.095262
65515.900479
65516.413758
65516.779156
65517.520685
65518.414593
65518.765204
65519.804064
65520.905271
65521.409662
65522.137628
65522.489323
65523.043427
65523.746927
65524.517300
65525.355000
65526.060087
65526.562843
65526.941895
65527.666518
65528.783199
65529.504889
65529.697982
65530.862820
65531.706922
65532.138468
65532.841347
65533.555938
65533.838700
65534.571576
65535.144818
65535.933084
65536.623721
65537.648244
65538.303609
65538.852793
65539.586124
65540.415145
65540.702689
65541.660437
65542.393711
65542.609608
65543.654193
65544.301519
65544.994902
65545.394754
65545.941042
65546.566612
65548.095288
65548.645576
65549.127068
65549.833142
65550.618144
65550.760889
