32456.558487
32457.654011
32458.478423
32458.898681
32459.358826
32460.121685
32461.351280
32461.976667
32463.014219
32463.760372
32464.149571
32464.768918
32465.638090
32466.405671
32466.587943
32467.767785
32468.364252
32469.126151
32470.371241
32470.967534
32471.587410
32472.119507
32472.715383
32474.093304
32474.599253
32475.067330
32475.841775
32476.316803
32477.368255
32477.756240
32478.690542
32479.714963
32480.605037
32481.521355
32481.674946
32482.670443
32483.124814
32483.811104
32484.386648
32485.698592
32485.883096
32486.993011
32487.744941
32488.032866
32489.297564
32490.162908
32490.631490
32491.277147
32492.273550
32492.802366
32493.593570
32494.278191
32494.625331
32495.301772
32496.209581
32497.724210
32498.306411
32498.512295
32499.635697
32500.180888
32500.843874
32501.398544
32502.389114
32503.302172
32503.538778
32504.331824
32505.329217
32505.885911
32506.765180
32507.500143
32508.368786
32509.432636
32509.842216
32510.536976
32510.929367
32511.562758
32512.552635
32513.231336
32513.974025
32514.726036
32515.790169
32516.672137
32517.172949
32517.653307
32518.505286
32519.163691
32520.170944
32520.654820
32521.580791
32522.164172
32522.457139
32523.404738
32524.228040
32525.553879
32526.191367
32526.657370
32527.422076
32528.020226
32528.891574
32529.635010
