24467.831858
24468.597877
24469.113891
24469.946791
24470.732190
24471.025097
24472.024374
24472.973510
24473.342909
24474.728425
24475.247169
24476.232736
24476.684698
24477.370096
24478.341747
24479.408736
24479.979708
24480.311697
24480.871420
24482.020987
24482.657496
24483.266802
24484.537071
24485.432373
24486.136850
24486.742460
24487.517300
24487.902304
24488.595001
24489.681661
24490.533278
24490.951937
24491.929562
24492.580505
24493.388122
24494.282005
24495.468218
24495.633220
24496.659795
24497.196504
24498.268915
24498.654776
24499.249265
24500.031523
24500.543433
24502.369313
24502.717359
24503.404758
24504.422324
24504.555803
24505.802021
24506.296971
24507.036224
24507.929133
24508.701668
24509.206836
24509.926699
24510.895322
24511.690530
24512.499906
24513.591980
24514.262457
24514.899548
24515.492170
24515.878833
24516.891257
24517.509074
24518.552694
24519.317941
24519.782229
24521.202214
24521.947053
24522.315070
24522.732815
24524.074324
24524.644360
24525.476463
24526.162669
24526.833877
24527.214068
24528.127643
24529.024925
24530.488330
24530.746043
24531.805223
24532.173073
24532.882328
24533.831624
24534.426923
24534.943472
24535.723235
24536.983954
24537.448771
24538.343078
24539.003319
24539.741987
24540.800327
24541.514672
24542.297115
24542.770756
