65076.545863
65076.911468
65077.488846
65078.103923
65079.057804
65079.837150
65080.444077
65081.128707
65081.360275
65081.862823
65083.067726
65083.354866
65084.086284
65085.405021
65085.788771
65086.671548
65087.243472
65087.813913
65088.307943
65089.269130
65089.445492
65090.355486
65091.101013
65091.964842
65092.622941
65092.769340
65093.783651
65094.495861
65095.360834
65096.195235
65096.860713
65097.253533
65097.886535
65098.603091
65099.521270
65099.900559
65100.195570
65100.957919
65101.921256
65102.969187
65103.535536
65104.237904
65104.967202
65105.475466
65105.754486
65106.976958
65107.365677
65108.286977
65108.739027
65109.600182
65109.831774
65110.622696
65111.391107
65112.371541
65112.915572
65113.510763
65114.890734
65115.053284
65115.651975
65116.259467
65116.809488
65117.345961
65118.116594
65119.127643
65119.573076
65120.249744
65121.066444
65121.974279
65122.443929
65123.344800
65123.573302
65124.426599
65125.318047
65125.955288
65126.300638
65127.253706
65127.832385
65128.136696
65128.927435
65129.520474
65131.119077
65131.471561
65132.231623
65132.517065
65133.162101
65134.221103
65134.518379
65135.144307
65135.852881
65136.722180
65137.048441
65138.126845
65138.801305
65139.427410
65139.792755
65141.107731
65141.338653
65142.346324
65142.947098
65143.601161
