69680.124283
69680.920092
69681.540617
69682.469769
69683.112242
69683.956708
69684.284299
69685.162383
69685.391942
69686.214901
69686.857799
69687.573356
69688.219444
69688.504842
69690.176768
69690.658518
69691.170642
69691.772969
69692.404800
69692.808948
69693.875957
69694.406798
69695.331017
69695.640705
69696.287172
69696.853414
69697.753662
69698.396753
69698.898912
69700.149677
69700.764676
69701.222068
69701.939394
69702.764285
69703.225638
69703.756363
69704.083656
69705.033820
69705.749573
69706.676435
69707.320810
69707.805084
69708.656351
69709.361584
69710.141023
69710.673441
69711.139753
69712.203043
69712.403141
69713.625379
69713.957996
69714.471692
69714.899990
69715.821088
69716.426221
69717.706723
69718.440684
69718.690581
69719.782177
69720.029138
69720.444915
69721.382173
69722.012166
69722.724352
69723.268660
69724.042868
69724.661672
69725.325859
69726.402660
69726.868730
69727.447856
69727.868090
69729.334344
69729.727388
69730.243423
69730.719518
69731.353836
69732.081350
69732.722665
69733.197243
69734.085238
69735.048181
69735.645378
69736.720481
69736.907776
69737.705737
69738.319270
69738.687404
69739.651070
69740.176566
69740.903078
69741.875430
69742.213970
69742.861344
69743.214661
69744.259697
69745.357728
69745.833932
69746.583651
69747.065971
