41721.679052
41722.467108
41723.111936
41723.714568
41724.239059
41725.384306
41725.977901
41726.785305
41727.586195
41728.249617
41729.083923
41729.373546
41730.212565
41731.116434
41731.282896
41732.198268
41732.576822
41734.166903
41734.828263
41735.542729
41735.987045
41736.412358
41737.656354
41738.025139
41738.721064
41739.660549
41740.226167
41740.643471
41741.724240
41742.398911
41742.656141
41743.874359
41744.813530
41745.498833
41746.080411
41746.869491
41747.531382
41747.870045
41748.466240
41749.314449
41750.212635
41751.033527
41751.427165
41752.470560
41753.418583
41753.794351
41754.755801
41755.227356
41755.626117
41756.872701
41757.711064
41758.168666
41758.380735
41759.277346
41760.014735
41760.639863
41762.084189
41762.462116
41763.441021
41763.921380
41764.468037
41765.277773
41765.882839
41766.479906
41767.223987
41767.991543
41768.683514
41769.556928
41770.321465
41770.958457
41771.598907
41772.267088
41773.545825
41773.994053
41774.551756
41775.055017
41775.837805
41776.671909
41777.183426
41777.700210
41778.535428
41779.784172
41780.427546
41781.298748
41781.776762
41782.327168
41782.931240
41783.661886
41784.571174
41785.091812
41786.113828
41786.627804
41787.075046
41787.651378
41789.069523
41789.669699
41790.176551
41791.131793
41791.786870
41792.555271
