34068.965354
34069.699862
34070.715150
34071.035599
34071.681002
34072.608212
34073.066136
34073.497780
34075.305556
34075.745027
34076.360160
34077.085423
34077.844885
34078.509252
34079.064218
34079.848289
34080.267882
34081.172650
34082.287640
34082.925805
34083.412127
34084.328702
34085.086845
34085.876023
34086.593598
34087.323227
34088.215915
34088.505002
34089.279927
34090.014724
34090.612147
34091.338149
34092.198684
34093.460538
34093.936260
34094.990482
34095.323922
34095.774434
34096.555596
34097.228250
34098.466099
34098.883351
34099.558043
34099.971976
34101.031871
34101.971111
34102.753666
34103.059992
34104.409053
34104.964397
34105.445130
34106.468272
34106.753576
34107.578162
34107.858577
34109.057534
34109.715039
34110.871222
34111.652274
34112.103647
34112.670864
34113.697447
34114.267717
34115.033975
34115.564373
34116.335170
34117.408910
34117.928979
34118.128488
34119.211665
34119.898715
34121.226477
34121.956129
34122.521212
34122.901217
34123.702960
34124.643873
34124.962249
34125.581563
34126.744759
34127.212703
34128.034168
34129.046704
34129.710306
34130.642020
34130.965241
34131.517340
34132.745997
34133.526061
34134.039182
34134.584670
34135.251415
34135.732204
34136.746644
34137.611508
34138.549789
34139.309773
34139.973685
34140.931168
34141.362934
