71768.250936
71768.617785
71769.410529
71770.307707
71771.087583
71771.426103
71772.260706
71772.931060
71773.234797
71774.080185
71774.886991
71775.896557
71776.647492
71776.930309
71777.813437
71778.343499
71778.961577
71779.833794
71780.098712
71780.633658
71781.366134
71782.216311
71783.472926
71783.587080
71784.497014
71785.000659
71785.729245
71786.476141
71787.090400
71787.857328
71788.265361
71789.165647
71789.837970
71790.137384
71790.831427
71791.638606
71792.229541
71793.012617
71794.283590
71794.637948
71795.264283
71795.915582
71796.621595
71796.895799
71797.401089
71798.543314
71799.100225
71799.968972
71800.338421
71800.730752
71802.210505
71802.707459
71803.086675
71803.821610
71804.583057
71805.415966
71805.970712
71806.691432
71807.271436
71807.785300
71808.054720
71809.150233
71809.606451
71810.550914
71811.694271
71812.246989
71812.529185
71813.359637
71813.971225
71814.645409
71815.271066
71815.835849
71816.496147
71817.229747
71818.112084
71818.719235
71818.959498
71819.965595
71820.496202
71821.580454
71822.397986
71822.850975
71823.392489
71824.050291
71824.639883
71825.273859
71826.071465
71826.414529
71827.006876
71828.123587
71828.767283
71829.665124
71830.213140
71831.031115
71831.399830
71832.074405
71832.425789
71833.736168
71834.333184
71834.687128
