35962.945203
35963.897493
35964.696175
35964.891589
35965.628870
35966.098928
35966.988741
35967.795108
35968.994382
35969.465731
35970.413059
35970.892636
35972.011870
35972.160862
35972.804960
35973.738342
35974.705282
35975.013206
35975.985182
35976.692822
35976.975345
35978.306427
35978.570141
35980.003845
35980.772660
35981.119765
35981.671675
35982.364628
35983.389172
35983.622893
35984.508089
35985.246614
35985.801377
35987.133762
35987.906379
35988.398426
35989.059258
35989.506784
35990.627001
35991.392155
35991.885766
35992.686665
35993.524139
35993.748248
35994.476989
35995.397662
35996.398043
35997.137394
35998.059186
35998.761457
35999.091349
36000.213366
36000.719950
36000.869389
36001.742969
36002.925113
36003.693814
36004.203788
36004.710864
36005.896889
36006.561599
36007.378229
36007.797921
36008.942762
36009.272442
36010.203354
36010.870100
36011.325019
36012.018559
36012.679696
36013.416833
36014.801705
36015.433012
36016.214982
36016.723581
36017.247515
36017.855971
36018.875885
36019.483212
36020.432572
36020.667589
36021.432361
36022.675007
36022.957200
36023.840385
36024.591246
36025.531973
36026.287897
36027.192239
36027.548691
36027.948401
36028.841784
36029.461996
36030.392607
36030.662520
36032.173098
36032.614020
36033.497536
36034.133421
36035.003896
