30687.096383
30687.984421
30688.517709
30689.776530
30690.170413
30690.932442
30691.602414
30692.351170
30692.923839
30694.110512
30694.966843
30695.760456
30695.983478
30697.168759
30697.843098
30698.289996
30698.927318
30699.520176
30700.257682
30701.424181
30702.410041
30702.884572
30703.559001
30704.425386
30705.317342
30705.547647
30706.627736
30707.263268
30708.089249
30708.666159
30709.291982
30710.074420
30710.679762
30711.675686
30712.661215
30713.585441
30714.421100
30714.552425
30715.178919
30716.208298
30716.501394
30717.634022
30718.454674
30718.799217
30719.664606
30720.837421
30721.717226
30721.890507
30722.664117
30723.610291
30724.746689
30724.994848
30725.597977
30726.749531
30726.885774
30727.448069
30728.563536
30729.564131
30730.487733
30731.257166
30731.777712
30732.323232
30733.389329
30733.787616
30734.527575
30734.998731
30736.307057
30736.899204
30737.454747
30738.179985
30738.876877
30740.142227
30740.585764
30741.666426
30742.152663
30742.638612
30743.576933
30744.197120
30744.912004
30745.202082
30746.364114
30747.118915
30748.330887
30748.851984
30749.746658
30750.045934
30750.959138
30751.262061
30752.769024
30753.152002
30753.891506
30754.254354
30755.090917
30756.049776
30756.740738
30757.653293
30758.516994
30759.189258
30760.210275
30760.615344
