26810.316666
26811.003936
26811.710685
26812.761232
26813.745902
26814.718376
26814.918777
26815.432414
26816.742990
26817.462935
26817.995583
26818.729430
26819.524768
26820.155947
26820.730043
26821.734885
26822.141576
26823.506800
26824.558729
26824.872429
26825.625368
26826.443386
26826.843855
26827.569901
26828.270398
26829.435428
26830.036946
26830.705411
26831.221478
26832.690890
26833.154524
26833.708676
26834.744267
26835.220244
26836.350579
26836.971470
26837.487702
26837.834204
26838.903191
26839.339340
26840.901892
26841.497529
26842.245976
26843.029897
26843.625795
26844.296453
26844.842230
26846.083806
26846.347033
26847.167054
26848.104297
26848.751736
26849.507336
26850.193464
26851.106678
26852.158352
26852.924518
26853.700658
26853.830170
26854.629444
26855.490900
26856.374047
26856.781933
26857.475115
26858.927109
26859.469328
26860.326476
26861.047933
26861.530652
26862.215829
26863.087026
26864.130136
26864.575898
26865.315807
26865.976022
26866.522720
26867.275080
26868.819331
26869.201453
26870.066727
26870.715778
26871.578760
26872.294920
26872.749019
26873.261746
26874.023778
26875.361287
26875.767184
26876.590006
26877.629878
26877.979232
26879.262080
26879.446733
26880.589515
26881.273128
26881.912451
26882.572858
26883.424012
26883.767428
26884.773109
