58927.272798
58927.776977
58928.754059
58929.121297
58929.715867
58931.400100
58931.818469
58932.151093
58933.070651
58933.372654
58934.147198
58934.956744
58935.368631
58936.214747
58936.766673
58937.445818
58938.457156
58939.284938
58939.867175
58940.131071
58941.268526
58941.741002
58942.667050
58943.215290
58943.967881
58944.642825
58944.886034
58945.585021
58946.419849
58947.027301
58948.023069
58949.055720
58949.320972
58950.281239
58950.787991
58951.736987
58951.937548
58952.296316
58953.321226
58954.252420
58954.973486
58955.506300
58955.806392
58956.767211
58957.655626
58958.475078
58958.994015
58959.705279
58960.732359
58960.942141
58961.653326
58962.409400
58963.024967
58963.455793
58964.083315
58964.971231
58965.840565
58966.966434
58967.371059
58967.996482
58968.584910
58969.000384
58969.962419
58970.860172
58971.376470
58971.834628
58972.423190
58973.539253
58973.963143
58974.330727
58975.636870
58975.941688
58977.055795
58978.001676
58978.378367
58978.740439
58979.547751
58980.088310
58980.844105
58981.317788
58982.123899
58983.146833
58983.601850
58984.328578
58985.262094
58985.789453
58986.783431
58986.993158
58987.552641
58988.784507
58989.100447
58990.012930
58990.720171
58990.817603
58991.641018
58992.106765
58993.562837
58994.188839
58994.954572
58995.467792
