40076.004122
40076.869363
40077.213410
40078.341757
40078.748030
40079.420123
40080.018765
40081.142026
40081.493783
40082.354303
40082.907139
40083.656421
40084.561904
40085.055120
40086.377348
40086.829941
40087.630485
40088.298649
40088.752656
40089.241521
40090.041705
40090.913600
40091.662872
40092.150206
40093.029135
40094.362723
40094.949035
40094.988907
40095.999282
40096.710240
40097.301365
40098.502635
40099.009615
40099.348281
40100.094623
40100.764825
40101.593454
40102.207029
40103.635562
40104.088504
40104.741437
40105.422979
40106.038533
40106.974180
40107.243719
40107.988341
40108.516330
40109.737859
40110.416729
40110.971451
40111.890631
40112.364814
40113.276682
40114.151881
40114.821746
40115.352283
40116.088757
40117.007102
40117.186432
40118.348019
40118.601839
40119.118101
40120.554944
40121.295055
40122.066918
40122.912665
40123.409184
40123.686329
40124.549396
40125.260522
40126.366676
40126.674994
40127.572026
40128.053306
40128.677195
40129.926632
40130.507871
40131.170492
40131.745388
40133.027065
40133.575547
40133.999291
40134.493434
40135.422954
40135.753519
40136.695933
40137.366172
40138.591419
40139.076756
40139.883754
40140.711396
40141.165007
40141.828736
40142.627898
40143.407056
40143.905891
40144.755036
40145.515726
40146.213028
40146.598440
