74586.913897
74587.447677
74588.230872
74588.321022
74589.663277
74590.121450
74590.710634
74591.391907
74592.151016
74592.557645
74593.341110
74594.179384
74594.991628
74595.724469
74596.078328
74597.053521
74597.697498
74598.265885
74598.748169
74599.385197
74599.861361
74600.370124
74601.703648
74602.134232
74603.145824
74603.451622
74604.342483
74604.959907
74605.749286
74606.047793
74606.865797
74607.403788
74608.459096
74608.836845
74609.596033
74609.804995
74610.916330
74611.177294
74612.215069
74613.119619
74614.088129
74614.372667
74614.975908
74615.561335
74616.107617
74616.779703
74617.693948
74617.891879
74618.947753
74619.605989
74619.829036
74621.512926
74621.795554
74622.119593
74622.743674
74623.702250
74624.490321
74625.038413
74625.825240
74626.284862
74626.706998
74627.642925
74627.846755
74628.871548
74629.416141
74630.653984
74631.134727
74631.895726
74632.460933
74632.992150
74633.776703
74634.234829
74634.992202
74635.150397
74636.549245
74637.076384
74637.620287
74638.188985
74638.778701
74639.766196
74640.492699
74641.244395
74641.940187
74642.235328
74643.242451
74643.741698
74644.314939
74644.954841
74645.582523
74645.955529
74646.751928
74647.997130
74648.494787
74649.381268
74649.849314
74650.492584
74651.112980
74651.420261
74652.422992
74653.458625
