36180.878129
36181.597752
36181.991691
36182.925535
36183.242610
36184.228971
36184.702717
36185.322367
36187.112589
36187.419456
36187.897874
36188.775734
36189.202966
36190.155885
36190.815200
36191.690154
36192.235415
36192.735825
36193.714820
36194.405913
36194.941531
36195.769865
36196.768725
36197.708712
36198.380327
36198.829304
36199.635410
36200.262539
36200.708961
36201.385689
36202.293163
36203.318905
36203.676370
36204.713662
36205.348845
36206.467456
36206.801662
36207.478493
36208.041730
36209.307247
36209.550193
36210.709360
36211.088292
36211.452104
36212.054781
36213.362904
36214.171995
36215.050615
36215.792763
36216.352659
36216.915654
36217.666750
36218.391325
36218.884417
36219.749122
36220.415933
36221.366872
36221.882634
36222.861868
36223.661795
36224.023016
36224.841682
36226.203711
36226.549435
36227.151675
36227.503151
36228.568322
36229.214615
36229.707521
36230.460840
36231.304530
36232.484122
36233.290646
36233.890066
36234.289195
36235.102211
36235.659149
36236.395747
36237.392765
36237.939692
36238.728693
36239.446819
36239.667505
36240.865247
36241.714354
36242.695524
36243.126276
36243.777165
36244.793853
36245.406458
36245.987343
36246.299066
36247.237461
36247.678610
36249.087100
36249.586051
36250.633539
36250.998336
36251.829725
36252.745302
