63919.973724
63920.493695
63921.235996
63921.459767
63922.078901
63922.815436
63923.898999
63924.870191
63925.283539
63926.114323
63926.632045
63927.177719
63928.061719
63928.550462
63929.149967
63930.049913
63930.759004
63931.135599
63931.870927
63932.524667
63933.411164
63933.925798
63934.720586
63935.713688
63936.650669
63936.912224
63937.326816
63938.008376
63938.701162
63939.434350
63939.855964
63940.990331
63941.453195
63941.878700
63943.453404
63943.669474
63944.463151
63944.724226
63945.632643
63946.366341
63947.086499
63947.784490
63948.379082
63949.045325
63949.434270
63950.188824
63950.654503
63951.843971
63952.919042
63953.188943
63953.966398
63954.688907
63954.997297
63956.096027
63956.583967
63956.768009
63957.606392
63958.538858
63959.509401
63959.747850
63960.608443
63961.263587
63961.917658
63962.897822
63963.494846
63963.960163
63965.059106
63965.387274
63965.857253
63966.715610
63967.317477
63967.814120
63968.514400
63969.292690
63970.514271
63970.998776
63971.746648
63972.474547
63972.846356
63973.382152
63973.844004
63975.268147
63975.551114
63976.298886
63976.734251
63977.338586
63978.362594
63978.921940
63979.775773
63980.437763
63981.089152
63982.000208
63982.590843
63983.286044
63983.690243
63984.102559
63984.995450
63985.633925
63986.148008
63987.192597
