35890.598261
35890.939364
35891.585288
35892.061881
35893.013657
35894.153332
35894.343866
35895.237421
35896.005271
35896.902832
35897.751010
35898.264714
35898.913406
35899.902998
35900.477904
35901.313015
35901.840257
35902.505008
35903.261030
35903.576574
35904.433616
35905.742416
35906.867151
35907.034393
35907.656048
35908.367443
35909.210998
35910.019819
35910.412170
35911.008426
35912.242508
35912.639657
35913.370904
35914.260266
35914.862674
35915.556490
35916.766370
35917.321616
35918.114709
35918.529468
35919.418111
35919.809095
35920.758499
35920.942310
35922.232620
35922.903298
35923.577273
35924.815317
35925.387857
35925.968326
35926.364796
35927.375069
35927.710949
35929.118025
35929.562982
35930.135359
35930.613128
35931.274696
35932.414981
35933.102890
35934.134314
35934.664942
35935.558152
35936.174905
35936.796698
35937.244936
35938.262394
35938.532091
35939.373242
35940.434731
35941.094386
35942.033789
35942.703802
35943.112355
35944.056605
35944.916014
35945.525704
35946.447864
35946.716611
35947.426903
35948.488857
35949.074997
35949.301745
35950.155664
35951.760677
35952.273025
35952.899539
35953.559667
35954.363756
35954.578855
35955.471799
35956.329031
35957.093236
35957.628882
35958.594725
35959.005621
35959.957532
35960.902929
35961.679908
35961.994330
