56172.000660
56172.536555
56173.326896
56174.849964
56175.371251
56175.845702
56176.648815
56177.028223
56177.927541
56178.471242
56178.910544
56180.053692
56180.483488
56181.191613
56181.809900
56182.563705
56183.453003
56184.133585
56184.600602
56185.623295
56186.197974
56187.203708
56187.576534
56188.241886
56188.610846
56189.062985
56190.345854
56190.748757
56191.453598
56192.416030
56193.371097
56193.839873
56194.487918
56195.344679
56195.582172
56196.211034
56197.259354
56198.060076
56198.416390
56199.191964
56199.758942
56200.376281
56201.094438
56202.008929
56203.074176
56203.768539
56204.237089
56204.463358
56205.688682
56206.125912
56206.698663
56207.306707
56207.976686
56208.598802
56209.747788
56210.538798
56211.029495
56211.626797
56212.534291
56212.843641
56213.931884
56214.653081
56215.014218
56215.835722
56216.447029
56217.094639
56217.647937
56218.203063
56219.233912
56220.082418
56220.768521
56221.731334
56222.274499
56222.742646
56223.350969
56223.960410
56224.384394
56225.660022
56226.030334
56226.950953
56227.575530
56227.698593
56229.196104
56229.893899
56230.302112
56230.804119
56231.955836
56232.642888
56233.027587
56233.816968
56234.326330
56235.016052
56235.465343
56236.135594
56237.293651
56238.246393
56238.752533
56239.551006
56239.984628
56240.552943
