34798.572091
34799.182970
34800.499475
34801.034102
34801.989328
34802.738097
34803.165685
34803.785689
34804.716626
34805.287052
34805.947172
34806.294186
34807.339879
34808.545752
34809.406400
34809.738578
34810.418256
34811.126271
34812.133076
34812.543012
34813.483479
34814.123940
34814.760521
34815.367878
34816.308932
34816.587812
34817.711164
34818.541431
34819.655391
34820.042894
34820.934756
34821.397493
34822.140715
34822.684006
34823.022064
34824.644276
34824.885613
34825.642248
34826.266904
34827.559549
34828.069011
34828.705337
34829.421495
34830.135258
34830.964768
34831.808766
34832.506164
34832.853283
34833.251041
34834.585658
34834.700359
34836.222424
34837.068036
34837.659244
34838.322083
34838.697997
34839.737650
34840.243556
34841.025856
34841.618830
34842.449621
34843.215233
34843.982871
34844.658802
34845.587827
34845.818199
34847.309212
34847.889926
34848.561876
34849.021973
34849.762136
34850.390114
34851.218318
34851.798709
34852.307394
34853.494672
34854.648989
34854.816062
34856.028027
34856.631849
34856.800641
34857.648416
34858.661243
34859.269382
34860.279482
34860.611258
34861.268943
34861.773862
34862.850236
34864.027609
34864.530895
34865.103193
34866.096057
34866.951330
34867.245352
34867.849492
34868.528112
34869.289942
34869.944608
34871.129422
