66162.425913
66163.262469
66163.588503
66164.898138
66165.577782
66166.082730
66166.690536
66167.450875
66168.092125
66168.586873
66169.367115
66169.614772
66170.572327
66171.182907
66172.010775
66173.045107
66173.759277
66174.194637
66174.889935
66175.281847
66175.999981
66176.979623
66177.689963
66178.193672
66178.777831
66179.224017
66180.095295
66180.730897
66181.663043
66182.060725
66183.142259
66183.886768
66184.628373
66185.160359
66185.481820
66186.165289
66186.892864
66187.474021
66188.157914
66189.025046
66189.760081
66190.402736
66190.973059
66192.028185
66192.465394
66193.114476
66193.808433
66194.631620
66195.224193
66195.587129
66196.771890
66197.226742
66197.569677
66197.997322
66198.867665
66200.228784
66200.920902
66201.474705
66201.896220
66202.707959
66203.396690
66203.749570
66204.641955
66205.240856
66205.761530
66206.703696
66207.272282
66208.126990
66208.375082
66209.771420
66209.990308
66210.559146
66211.672527
66212.404123
66212.909717
66213.517955
66214.081587
66214.407013
66215.309505
66216.060532
66216.720348
66217.382194
66218.360419
66219.243193
66219.706978
66220.470068
66220.803299
66221.576024
66221.892967
66223.283232
66223.614114
66224.265352
66224.883867
66225.468922
66226.075098
66227.089137
66227.532655
66228.915291
66229.243672
66229.718892
