62283.232637
62284.127993
62284.939598
62285.451955
62286.016600
62286.461033
62287.470582
62288.071718
62288.708922
62289.727093
62290.041148
62290.409393
62291.346400
62291.637266
62293.068343
62293.590772
62294.344308
62294.984330
62295.882511
62296.375759
62296.881897
62297.522753
62298.199864
62298.423598
62299.777619
62300.479719
62300.821653
62301.601840
62302.551599
62303.085291
62303.828355
62304.511082
62305.163772
62305.965753
62306.661410
62307.010355
62307.741112
62308.443643
62309.106049
62309.658794
62310.062777
62311.736248
62312.171619
62312.978116
62313.365129
62314.034407
62314.355391
62315.469078
62315.910426
62316.811994
62317.394653
62317.797103
62318.618473
62319.693029
62319.986993
62320.664542
62321.694862
62322.357261
62322.911724
62323.845263
62324.451184
62324.769235
62325.522780
62325.962887
62326.728269
62327.422904
62328.288082
62329.357844
62329.705424
62330.400309
62331.292220
62331.906493
62332.551528
62332.793599
62333.632469
62334.675742
62335.224980
62335.957430
62336.190963
62336.951388
62337.599671
62338.626493
62339.560636
62340.191259
62340.774863
62341.373774
62342.181994
62342.451327
62343.362292
62343.817449
62344.489671
62345.341017
62345.894648
62346.769790
62347.731791
62348.367729
62348.778365
62349.392743
62349.994956
62351.442976
