23858.928098
23859.279117
23860.334879
23861.090911
23862.116356
23862.686622
23863.187440
23863.864380
23864.319188
23865.461016
23866.147979
23867.152869
23867.804121
23868.993308
23869.595855
23870.118321
23870.744105
23871.489696
23872.686851
23873.020271
23874.026805
23874.540910
23875.309154
23875.735461
23877.138533
23877.937326
23878.929863
23879.589009
23879.759763
23880.851838
23881.507298
23882.303106
23882.796571
23883.401845
23884.742408
23885.695430
23885.988118
23887.074276
23887.627789
23888.306406
23889.561809
23889.996433
23890.642516
23891.353644
23892.231218
23892.756678
23893.308879
23894.491660
23895.482626
23896.290548
23897.100152
23897.712955
23898.439533
23898.877150
23899.412042
23900.716906
23901.466028
23902.044788
23902.661963
23903.494567
23904.670552
23905.473307
23905.718324
23906.923368
23907.604467
23908.353909
23909.187543
23909.490542
23910.066170
23911.182672
23911.667815
23913.086578
23913.969117
23914.605296
23914.852580
23915.938079
23916.662108
23917.281296
23918.139317
23918.906071
23919.450657
23920.394523
23921.172073
23921.767699
23922.474458
23923.959123
23924.667524
23924.983696
23925.781112
23926.500293
23927.123625
23927.899455
23928.485339
23929.634478
23930.064972
23931.447327
23931.940978
23932.804336
23933.413987
23934.062816
