43502.533721
43503.264511
43503.774744
43504.231041
43505.069374
43505.599303
43506.725188
43507.481061
43507.763546
43508.419531
43509.142862
43509.634585
43511.126745
43511.392035
43512.254005
43513.210223
43513.893025
43514.511304
43514.801757
43515.668959
43516.368789
43516.679571
43517.970864
43518.561060
43519.258831
43519.995136
43521.006227
43521.348411
43522.090582
43523.008363
43523.788542
43524.404468
43524.624235
43525.933144
43526.182595
43527.108753
43527.358194
43528.097867
43529.718095
43530.195351
43531.027122
43531.467515
43531.852173
43532.805756
43533.483472
43534.054469
43535.062315
43535.307353
43536.472448
43536.811318
43537.741520
43538.546602
43539.303368
43539.835241
43540.884882
43541.340428
43542.342826
43542.836578
43543.411187
43543.680522
43544.538008
43545.584391
43546.067557
43547.323380
43547.797843
43548.443803
43549.510677
43550.024379
43550.341296
43551.028649
43551.925904
43552.922412
43553.444905
43553.917155
43554.545332
43555.457074
43556.010530
43557.023405
43558.166430
43558.502434
43559.201326
43559.761093
43560.608794
43561.051147
43561.717131
43562.569776
43563.172679
43563.636522
43565.162760
43565.612087
43566.401719
43566.789274
43567.477591
43568.379327
43569.272898
43569.889272
43570.277430
43571.148155
43571.768501
43572.259394
