60642.159375
60642.628619
60643.572629
60644.274382
60644.866293
60645.506415
60646.331136
60646.987223
60647.464830
60648.424773
60648.799874
60649.687491
60650.086468
60650.657668
60651.140945
60652.762927
60653.591628
60653.714751
60654.457313
60655.144893
60655.725894
60656.570607
60657.000091
60657.607349
60658.530250
60659.246040
60659.574744
60660.796664
60661.082004
60661.956563
60662.670975
60663.374595
60664.293319
60664.648121
60665.809139
60666.215668
60666.286440
60667.039441
60668.015514
60668.697664
60669.215680
60670.338090
60670.878370
60671.871316
60672.441364
60672.993868
60673.448235
60674.192770
60674.657100
60676.022152
60676.359831
60676.867810
60677.474080
60678.100297
60679.191467
60679.400276
60680.828974
60681.262975
60682.042476
60682.518543
60683.326294
60683.697381
60684.617360
60685.083941
60685.598188
60686.279370
60687.206766
60688.187856
60688.892878
60689.344642
60690.116352
60690.514252
60691.470024
60692.398329
60692.743723
60693.305650
60694.151811
60694.740182
60695.416306
60696.053498
60696.374778
60697.610477
60698.381098
60699.295012
60699.773557
60700.595529
60700.932954
60701.447263
60702.316925
60702.737397
60703.628593
60704.521146
60705.094656
60705.551850
60706.198047
60707.565754
60707.896484
60708.647297
60708.882363
60710.110100
