54165.546418
54166.075342
54166.981485
54167.820736
54168.286500
54169.011792
54169.772767
54170.142435
54170.797874
54172.290974
54172.955661
54173.179843
54174.136074
54174.557559
54175.325632
54176.038638
54176.649092
54176.997037
54177.797232
54178.813350
54179.460462
54180.484846
54180.925622
54181.647547
54182.274655
54182.748037
54183.946850
54184.208529
54185.256404
54185.868965
54186.016536
54186.812029
54187.691251
54188.244601
54189.399937
54189.777244
54190.858454
54191.686453
54192.222229
54192.447784
54193.211801
54193.929232
54194.396866
54195.464549
54196.241643
54196.761227
54197.130405
54198.319321
54199.118155
54199.572290
54200.202927
54201.205996
54201.863415
54202.328305
54202.955661
54203.951733
54204.317194
54204.790830
54205.424674
54206.232811
54207.589895
54208.245049
54208.809322
54209.289601
54209.886199
54210.705169
54211.376498
54212.168392
54212.490136
54213.342432
54214.192471
54214.765883
54215.423577
54216.036504
54216.979782
54217.615743
54218.572408
54219.319505
54219.699839
54220.573641
54220.980953
54221.554606
54222.152077
54223.001870
54223.807991
54224.373589
54225.371550
54226.112434
54226.681043
54227.827502
54228.016558
54228.281437
54229.222681
54230.464512
54230.830662
54231.510887
54231.860298
54232.712562
54233.160789
54234.257803
