67653.603356
67654.005962
67654.627331
67654.879964
67655.971840
67656.508575
67657.150156
67657.573259
67658.388700
67659.779717
67660.242550
67660.795493
67661.339454
67662.173207
67662.576152
67663.125395
67664.203492
67664.828666
67665.557470
67665.690529
67666.727605
67667.245211
67667.787805
67669.066248
67669.607180
67670.448232
67670.634045
67671.930819
67672.237101
67672.817160
67673.549041
67673.730122
67674.527100
67675.566999
67676.381590
67676.775128
67677.750947
67678.362722
67678.897466
67679.900278
67680.340432
67680.706752
67681.969740
67682.283195
67682.919212
67683.720032
67684.127577
67684.903931
67685.334538
67686.269467
67687.232146
67688.162313
67688.849979
67689.184910
67689.501011
67690.398559
67690.983323
67691.930794
67692.198228
67693.126818
67693.781872
67694.201917
67695.332978
67696.118965
67696.530971
67697.025220
67697.910679
67698.921923
67699.461831
67699.815601
67700.635975
67701.225472
67701.757037
67702.294394
67702.932497
67704.095107
67704.783070
67705.529286
67706.186314
67706.835679
67707.416509
67708.071584
67708.743550
67709.090952
67709.907502
67710.886354
67711.604404
67712.045717
67712.371374
67713.174833
67714.399598
67714.766424
67715.830456
67716.388119
67716.730977
67717.725153
67718.192633
67718.756683
67719.362073
67720.036726
