1761.854899
1762.497688
1763.719121
1764.591476
1765.400493
1766.676243
1768.295971
1769.940952
1770.243677
1771.212944
1772.328000
1773.894915
1774.660430
1775.341987
1777.255860
1778.041734
1779.552270
1780.665228
1781.355637
1782.439067
1783.084829
1784.607946
1786.342201
1787.049273
1788.215123
1789.242179
1790.449562
1791.254409
1792.616102
1793.525390
1794.178482
1796.465140
1797.376335
1798.147067
1799.231647
1800.024724
1801.309636
1802.301283
1803.796843
1804.904160
1806.289667
1806.578391
1808.714431
1809.119273
1810.108892
1810.873719
1812.420077
1814.024140
1814.973082
1816.338611
1816.758023
1817.710608
1819.260334
1820.187882
1821.305708
1822.427671
1823.766265
1825.213676
1825.915683
1826.795455
1828.211270
1828.621091
1829.832529
1831.936379
1832.984940
1833.273239
1834.721559
1835.883754
1836.827672
1838.086943
1838.640288
1840.195563
1841.478582
1842.875955
1843.771057
1844.759043
1845.417534
1846.353253
1848.330980
1848.722760
1850.601184
1851.400361
1852.342204
1853.519342
1854.855632
1855.592934
1856.389179
1857.498074
1859.495271
1860.541388
1861.379671
1862.121464
1863.425464
1864.353981
1865.367433
1866.836547
1868.085190
1868.706745
1870.421471
1871.416043
