20783.838142
20785.336807
20785.910895
20786.645143
20787.380682
20787.906742
20789.012719
20789.792036
20790.404144
20791.402377
20791.554383
20792.591771
20793.419736
20793.839927
20795.398123
20796.098165
20796.694043
20797.704724
20798.413173
20798.779949
20799.196821
20800.392067
20801.439001
20801.860364
20802.872509
20803.265409
20804.651241
20805.242232
20806.051414
20806.587115
20807.640925
20808.502252
20808.989791
20809.590767
20810.254486
20811.101545
20811.762708
20813.380277
20813.902710
20814.593244
20815.412892
20815.718967
20816.867088
20817.452696
20818.309709
20819.047549
20819.586197
20820.819288
20821.191054
20822.215629
20822.793342
20824.091379
20825.024227
20825.400114
20825.808318
20826.880982
20827.472444
20828.104075
20828.895249
20829.993259
20830.650493
20831.888608
20832.438012
20833.040653
20833.963246
20834.333362
20835.429602
20836.175855
20837.216185
20837.538172
20838.101632
20838.738836
20840.257440
20841.034189
20841.664128
20842.671195
20843.178200
20843.899926
20844.794993
20845.238496
20845.660108
20847.192784
20847.601893
20848.558365
20849.487082
20850.164745
20850.849719
20851.654635
20852.619243
20853.560581
20853.830484
20854.462417
20855.580184
20856.042360
20856.827930
20857.533058
20858.978220
20859.866365
20860.448178
20860.837287
