14366.911796
14368.158104
14368.762365
14369.424929
14370.468081
14370.839053
14371.700970
14372.893840
14373.398287
14373.976634
14375.054216
14375.846711
14376.448428
14377.393554
14378.813662
14379.381326
14380.302690
14380.652095
14381.275534
14382.312399
14383.081683
14383.769526
14384.687166
14385.741264
14386.715120
14387.513368
14387.865172
14389.040862
14389.578356
14390.716070
14391.384896
14392.194096
14392.635923
14393.217449
14394.465526
14395.766510
14396.470602
14397.061773
14397.933471
14398.987326
14399.131587
14400.193422
14400.541687
14402.165883
14402.752059
14403.088925
14404.662531
14404.978034
14405.947742
14407.137193
14407.660380
14408.365713
14409.281964
14409.735542
14410.622645
14411.389008
14412.133486
14413.421505
14414.573492
14415.258642
14415.583225
14416.196774
14417.266628
14418.193391
14419.064708
14419.497056
14420.457253
14421.064735
14422.496872
14422.717057
14424.084004
14424.821740
14425.628875
14426.389771
14426.940908
14427.679487
14428.367044
14429.108955
14430.420179
14431.469346
14431.826028
14432.795038
14433.851187
14434.322011
14435.049326
14435.984452
14436.897961
14437.530267
14438.442520
14438.836811
14439.579847
14441.372734
14441.824679
14442.766065
14443.352399
14444.152942
14444.822120
14445.360257
14446.653191
14447.109840
