45910.274407
45911.423481
45911.920844
45912.518471
45913.920508
45914.146174
45915.347784
45915.930724
45916.634570
45916.868601
45917.392641
45918.351228
45919.103500
45920.055766
45920.300699
45921.161854
45922.127078
45922.901116
45923.533061
45924.222663
45924.688915
45925.557516
45926.674817
45926.982925
45927.494523
45928.178668
45929.058291
45929.415675
45930.004710
45931.710555
45932.096649
45932.766416
45933.388098
45934.031302
45934.764396
45935.453429
45936.023874
45936.584845
45937.486579
45938.274144
45938.951509
45939.630113
45940.277308
45940.893771
45942.150007
45942.576003
45943.519891
45943.878664
45944.678839
45945.193400
45945.946575
45946.571938
45947.002426
45948.146978
45948.703811
45949.819177
45950.516492
45951.291502
45951.617804
45952.328298
45952.823381
45953.850134
45954.545954
45955.554500
45955.755100
45956.188088
45956.979359
45958.124951
45958.893674
45959.317905
45960.470672
45961.134410
45961.572176
45962.495527
45962.804595
45963.554906
45964.084109
45964.770584
45965.947756
45966.353033
45967.317926
45968.155743
45968.626358
45969.273181
45970.063622
45970.914422
45971.671707
45971.975774
45972.680775
45973.819363
45974.199408
45974.516846
45975.486571
45976.063841
45977.629467
45978.191029
45978.622807
45979.149840
45980.088757
45980.359389
