2930.711168
2931.069101
2932.806414
2933.174857
2934.290717
2935.552463
2936.550374
2937.708958
2938.581220
2939.847529
2941.261601
2941.425217
2942.724885
2943.353684
2944.321648
2945.944499
2946.922394
2948.374261
2948.867577
2949.790143
2950.521108
2952.283829
2952.827176
2953.589030
2954.711275
2956.258730
2957.236259
2958.290776
2959.221014
2960.033617
2960.814839
2961.825970
2962.819636
2964.633921
2965.398341
2966.065269
2967.270190
2968.405348
2969.401136
2970.049930
2971.122238
2972.308884
2972.811686
2975.018020
2975.619957
2976.526232
2977.553574
2977.981978
2979.319042
2980.487381
2981.343947
2982.523719
2983.825333
2984.639177
2985.547666
2986.805393
2987.856151
2988.634699
2988.855046
2990.423270
2992.163668
2992.868866
2993.974353
2994.865507
2995.540266
2996.736506
2997.647203
2998.959301
2999.494492
3001.023331
3001.707332
3003.477042
3004.290975
3004.662308
3005.772929
3006.990738
3007.468699
3008.882120
3010.514962
3011.344380
3012.074694
3012.788450
3014.459082
3014.911666
3016.348394
3016.700060
3017.783440
3019.461775
3020.487633
3021.420400
3022.447483
3023.338509
3023.930996
3024.793963
3026.510826
3027.299522
3028.401522
3029.499388
3030.594529
3031.289217
