49917.411040
49917.676482
49918.393503
49919.368626
49920.329406
49920.753203
49921.518650
49922.024424
49922.830662
49923.692732
49924.276941
49924.973563
49925.590319
49926.271193
49926.503347
49927.475568
49928.219776
49929.755330
49930.065646
49930.402854
49931.372664
49931.870143
49932.762561
49933.187097
49933.900159
49934.405640
49935.358172
49936.297631
49936.810094
49937.213016
49938.252255
49939.045385
49939.525444
49940.695357
49941.224163
49941.651188
49942.449212
49942.956388
49943.877690
49944.089300
49944.925537
49945.828833
49946.624899
49947.517244
49948.270819
49949.085130
49949.407534
49949.923113
49950.431161
49951.799249
49952.238714
49952.832424
49953.593175
49954.205848
49954.439916
49956.023517
49956.248305
49957.286673
49957.828657
49958.914282
49959.319057
49959.890302
49960.554391
49961.112985
49961.867331
49962.287408
49963.328240
49964.135085
49965.038358
49965.545847
49966.332761
49966.726177
49967.916991
49968.160355
49969.173278
49969.611622
49970.320430
49971.095884
49971.750585
49972.456454
49972.699059
49973.580094
49975.031393
49975.669370
49976.270754
49976.535479
49977.583276
49977.909102
49978.810102
49979.151560
49980.138084
49981.003252
49981.348595
49982.091663
49983.185885
49983.867784
49984.248764
49985.301448
49985.702950
49986.475900
