59682.527491
59683.202947
59684.188534
59684.420058
59685.351676
59685.990292
59686.710257
59687.160020
59688.175864
59688.722849
59688.927821
59689.709016
59690.501705
59691.463750
59692.415115
59693.113084
59693.721201
59694.202302
59694.834788
59695.132010
59696.417556
59696.749417
59697.528377
59698.208374
59698.849536
59699.389074
59700.591650
59701.095389
59701.734755
59702.115478
59703.525757
59703.960979
59704.504634
59705.272564
59705.549048
59706.314875
59706.976614
59707.682780
59708.311343
59709.428465
59710.315874
59710.578987
59711.486870
59712.083612
59712.824822
59713.146820
59713.927586
59714.777990
59715.331832
59716.316803
59716.793162
59717.073763
59717.948931
59718.675667
59719.904359
59720.647579
59721.025211
59721.399037
59722.563278
59723.041248
59723.464603
59724.185244
59724.753067
59725.580366
59726.163883
59727.265059
59728.020702
59728.501169
59729.209678
59729.977328
59730.286798
59731.263435
59731.997955
59732.886622
59733.306705
59733.500742
59734.369755
59735.361394
59735.710924
59736.637165
59737.426032
59738.404111
59739.173931
59739.389524
59740.444712
59740.572305
59741.122252
59742.040530
59742.862897
59743.635856
59744.028121
59744.823620
59745.589967
59746.419874
59747.066759
59747.614649
59748.643535
59748.978652
59749.922248
59750.358293
