71095.678383
71096.466689
71096.909193
71097.570737
71097.982393
71098.985625
71099.181180
71100.087050
71100.489245
71101.448640
71102.012340
71102.805127
71103.304562
71104.555071
71104.961737
71105.311145
71106.120722
71106.879100
71107.831427
71108.459769
71108.870561
71109.290427
71109.909939
71110.744601
71111.562115
71111.795687
71113.086327
71113.788719
71114.354433
71115.361752
71115.756891
71116.083236
71116.800264
71117.435362
71118.311787
71118.947226
71119.556800
71120.402207
71120.746621
71121.644276
71122.043942
71123.284713
71123.779359
71124.679851
71125.002445
71125.683046
71126.549383
71127.053165
71127.432230
71128.561228
71128.780110
71128.970801
71130.743371
71131.357806
71131.854107
71132.499762
71133.148464
71133.781757
71134.424891
71135.110592
71135.795375
71136.564130
71137.063796
71137.700844
71138.299792
71139.004325
71139.695862
71140.469438
71141.365955
71141.991501
71142.853654
71143.419969
71143.961069
71144.376993
71145.077585
71145.470273
71146.541332
71147.347045
71147.743144
71148.411437
71149.277687
71150.415865
71150.568151
71151.342016
71151.705456
71152.836733
71153.262057
71154.100431
71154.748709
71155.268152
71155.683260
71156.439640
71156.949309
71157.983399
71158.848830
71159.844289
71160.254931
71160.687594
71161.166009
71162.217968
