47672.767534
47673.286989
47673.910506
47674.490755
47675.584181
47676.287448
47676.976646
47677.339277
47677.872312
47678.731924
47679.473456
47680.075614
47681.268999
47681.797264
47682.916762
47683.288897
47683.650350
47684.657222
47685.237596
47685.730493
47686.187980
47687.576317
47687.960863
47688.718329
47689.355402
47690.361611
47690.630898
47691.815143
47692.505913
47693.006865
47693.747635
47694.201073
47695.475570
47695.616035
47696.170723
47696.794634
47697.593590
47698.776915
47699.691271
47700.193834
47700.927285
47701.344171
47702.021419
47702.809227
47703.419888
47704.175294
47705.094940
47705.542747
47705.983734
47706.918592
47707.839748
47708.516407
47709.098120
47709.886366
47710.999727
47711.440372
47712.062942
47712.580182
47713.014015
47713.813469
47714.683604
47715.341159
47716.081696
47717.148473
47717.591266
47718.589836
47719.077785
47719.819913
47720.024726
47721.301006
47721.790654
47722.508725
47723.168512
47723.908344
47724.414708
47724.940383
47725.778450
47727.390551
47727.560188
47728.322034
47728.748474
47729.707376
47730.178603
47730.836515
47731.543461
47732.329227
47732.520380
47733.889581
47734.624147
47735.222436
47735.812800
47736.682957
47737.306996
47737.931659
47738.979715
47739.483023
47740.037064
47740.797276
47741.251788
47741.862051
