30243.065675
30244.149482
30244.492100
30245.396634
30246.037951
30246.497880
30247.280960
30247.673461
30249.456953
30249.984609
30250.485743
30251.442769
30251.984491
30252.950404
30253.269695
30253.915090
30254.817966
30255.687513
30256.441955
30257.163389
30257.544896
30258.703746
30259.389167
30260.313217
30261.073658
30261.875823
30262.283375
30263.045430
30263.733244
30264.220212
30265.186967
30265.935023
30266.445137
30267.997005
30268.598345
30269.043451
30269.864036
30270.238178
30271.090779
30272.168517
30272.892743
30273.386464
30273.898970
30274.663415
30275.652622
30276.325973
30277.158415
30278.261529
30278.913102
30279.443573
30280.108900
30281.118376
30281.463057
30281.750819
30282.966070
30283.804902
30284.520810
30285.628669
30285.966589
30286.697465
30287.894651
30288.185644
30289.151566
30289.672471
30290.449326
30291.433325
30291.912971
30292.416168
30293.014142
30293.986602
30295.360925
30295.976674
30296.615356
30297.277090
30297.830079
30298.652513
30299.107179
30300.141142
30300.738195
30301.677921
30302.039923
30303.034867
30304.064252
30304.628721
30305.341902
30305.849536
30307.334916
30307.826661
30308.074096
30308.909757
30309.427263
30310.382046
30310.880707
30311.966899
30312.910362
30313.590589
30314.481778
30315.259909
30315.548207
30316.145806
