69275.191776
69276.010881
69276.977387
69277.439709
69278.052698
69278.680979
69279.353528
69279.625775
69280.891453
69281.237349
69281.903663
69282.970411
69283.924199
69284.460718
69284.779137
69285.436992
69286.156661
69286.639802
69287.294538
69288.031279
69288.986591
69289.484974
69289.992803
69291.013367
69291.581992
69292.315301
69293.070678
69293.560440
69294.507500
69294.775581
69295.774663
69296.286025
69297.180559
69297.316675
69297.838017
69298.554178
69299.844592
69300.693103
69301.257221
69301.740984
69302.357399
69303.141093
69303.895554
69304.084819
69304.906987
69305.973203
69306.086137
69307.082147
69307.717792
69308.345632
69308.958409
69309.970708
69310.411684
69311.211917
69312.106654
69312.855358
69313.258037
69313.598101
69314.193276
69315.148268
69315.687396
69316.354471
69317.083138
69317.816346
69318.992481
69319.368951
69320.037158
69320.757302
69321.182774
69321.507838
69322.881449
69323.446915
69323.972941
69324.335957
69325.311798
69325.872139
69326.206539
69327.342982
69328.378101
69328.790463
69329.644712
69330.073609
69330.676546
69331.718678
69331.816942
69332.557731
69333.198247
69333.718873
69334.792219
69335.678059
69336.050909
69337.031355
69337.241581
69338.204986
69338.956155
69339.663558
69340.073456
69340.947133
69341.460065
69342.193433
