32162.796454
32163.287467
32164.171638
32165.123045
32165.720811
32166.406615
32167.257374
32167.698692
32168.103428
32169.075349
32169.827237
32170.934921
32171.648354
32172.439813
32173.254983
32173.905166
32174.338179
32175.160209
32175.446618
32176.770555
32177.608816
32177.990674
32178.585958
32179.404155
32180.386413
32181.347018
32181.773031
32182.746701
32183.527102
32184.001298
32184.801615
32185.239999
32186.182778
32186.793061
32187.080382
32188.601717
32189.446849
32190.125465
32190.809962
32191.314147
32191.864934
32192.971237
32193.846792
32194.137415
32194.952497
32195.563363
32196.571345
32197.184416
32197.544019
32198.858069
32199.829091
32200.282899
32201.367259
32201.789953
32202.069312
32203.008031
32203.838423
32204.194305
32205.400444
32206.033523
32206.851480
32207.473795
32208.645331
32209.088717
32209.739139
32210.455427
32211.154651
32212.370209
32212.661123
32213.370140
32213.826202
32214.515331
32215.369149
32216.831322
32217.206501
32218.184798
32218.540612
32219.502974
32220.054930
32220.601800
32221.409372
32222.053829
32223.183248
32223.469196
32224.340973
32225.489960
32225.907681
32226.421127
32227.600999
32228.568103
32228.996983
32229.617398
32230.180422
32231.042415
32231.539588
32232.419267
32233.129615
32233.739944
32235.438260
32235.612844
