22481.461567
22482.356365
22483.737459
22484.066298
22484.484092
22485.422127
22485.957053
22486.542225
22487.659093
22488.573654
22488.917723
22490.365983
22491.011645
22491.545725
22492.311440
22493.109930
22493.835751
22494.710770
22495.335841
22496.335279
22496.801404
22497.088326
22498.213434
22499.452496
22500.508716
22500.997056
22501.422760
22502.283649
22503.206507
22503.852314
22504.221283
22505.071021
22506.270473
22506.794773
22507.802760
22508.422574
22509.273708
22509.973022
22510.871171
22511.764796
22512.362442
22513.114303
22513.522406
22514.361458
22515.204404
22515.769888
22517.051667
22517.780328
22518.813659
22519.431692
22520.057997
22520.605909
22520.988112
22522.557543
22522.989883
22523.729493
22524.382202
22525.051895
22526.236724
22526.833715
22527.907937
22528.455354
22529.320329
22530.200643
22530.836618
22531.020987
22532.278264
22532.686237
22533.263257
22534.850221
22535.700266
22536.068937
22536.853056
22537.678154
22538.354761
22539.411347
22539.666288
22540.739287
22541.313042
22542.195098
22542.992064
22543.254721
22544.432461
22545.796493
22546.304207
22546.937926
22547.704693
22548.404243
22548.815379
22549.750152
22550.467796
22551.395587
22552.237429
22552.708058
22554.133622
22554.721335
22555.146084
22555.947170
22556.870479
22557.745619
