59545.232715
59545.694045
59546.693611
59547.204777
59548.448506
59548.807641
59549.629794
59550.158716
59550.484586
59551.561081
59552.349395
59552.503729
59552.939956
59554.036600
59554.907724
59556.040224
59556.352152
59557.023312
59557.632192
59558.303615
59558.925302
59559.659452
59560.527953
59561.083258
59561.732903
59562.094565
59563.107169
59563.444421
59564.558103
59565.222668
59566.091842
59566.589809
59567.617538
59568.144246
59568.607879
59569.090767
59569.517584
59570.581396
59571.385859
59571.877239
59572.789772
59573.261977
59574.367636
59574.796047
59575.698573
59576.090963
59576.721528
59577.653934
59578.421572
59578.895195
59579.421405
59580.142248
59580.863989
59581.258944
59581.965700
59583.606487
59584.021099
59584.446129
59585.123502
59585.734327
59586.495267
59586.978185
59587.802339
59588.547478
59588.788338
59589.843400
59590.665074
59591.169124
59591.988137
59592.611672
59593.166342
59594.347879
59594.887268
59595.375026
59596.184343
59596.690223
59597.357547
59597.718223
59598.700237
59599.150465
59600.192347
59601.061810
59601.601961
59602.532697
59603.207273
59603.512445
59604.165134
59604.823681
59605.486471
59606.601634
59607.052103
59607.773716
59608.124380
59608.542420
59610.033545
59610.532158
59611.111236
59612.249624
59612.563666
59613.320887
