22174.321772
22175.354425
22175.647638
22176.589255
22177.128029
22177.673631
22178.463736
22179.676843
22180.296209
22180.914595
22181.968611
22182.710448
22183.551343
22184.291369
22184.857530
22185.605475
22186.904754
22187.227877
22187.742518
22188.397230
22189.204342
22190.186450
22191.671613
22191.919122
22192.880538
22193.348778
22194.184645
22194.863503
22195.543545
22196.334336
22197.376617
22197.711839
22198.608100
22199.871134
22200.292492
22200.730442
22202.257048
22202.793618
22203.685424
22204.161913
22204.609163
22205.539324
22206.366904
22206.936461
22207.778851
22208.980295
22209.831853
22210.624492
22211.090967
22211.742836
22212.512998
22213.354377
22214.162880
22215.049749
22215.578650
22216.393296
22216.681351
22218.010953
22219.207560
22219.624091
22220.406766
22221.200775
22222.008073
22222.596941
22223.127994
22224.047208
22224.309774
22226.036264
22226.439279
22227.243016
22228.160864
22228.820317
22229.606601
22230.158824
22231.417489
22231.910304
22232.299992
22233.402234
22233.965106
22234.590573
22235.493586
22236.569822
22237.602797
22238.326901
22239.140643
22239.233293
22240.076973
22240.823999
22242.043384
22242.452508
22243.154036
22244.020659
22244.994079
22245.849833
22246.549289
22247.055551
22248.235632
22248.934701
22249.568197
22250.395532
