26057.748892
26058.038269
26058.997529
26059.652122
26060.343968
26061.118943
26062.208896
26063.026797
26063.772001
26064.730581
26065.246143
26065.452279
26066.217700
26067.302181
26068.039254
26068.642366
26069.507714
26070.423658
26071.402913
26072.048508
26072.573303
26073.164862
26074.201750
26075.230545
26075.714382
26076.033134
26077.198939
26077.473515
26078.265756
26079.466277
26080.597259
26081.323802
26081.493199
26082.513118
26083.232030
26084.005153
26084.316654
26085.330963
26085.947427
26087.211823
26087.537459
26088.450827
26089.120118
26089.979028
26090.939056
26091.814458
26092.261961
26092.784492
26093.897139
26094.467851
26094.756038
26095.752130
26096.574321
26097.565843
26098.668274
26099.282024
26099.890224
26100.381927
26101.326977
26101.652051
26102.955210
26103.764670
26104.041210
26104.963969
26105.265952
26106.850390
26107.401503
26107.883927
26109.201858
26109.768163
26110.382947
26111.227743
26111.618092
26112.307695
26112.933268
26114.144914
26114.706305
26115.849636
26116.516292
26117.153947
26117.928963
26118.545220
26119.549896
26120.110256
26120.826928
26121.530391
26122.489948
26122.945821
26123.622103
26124.204150
26125.928379
26126.418359
26127.166810
26127.769128
26128.209306
26129.234077
26129.726964
26130.588760
26131.263045
26132.010070
