21094.498862
21094.995783
21095.762999
21096.143043
21097.225529
21097.778808
21099.052769
21099.437499
21099.964052
21100.728101
21101.830392
21102.483075
21103.054697
21104.486865
21105.231875
21105.834227
21106.579810
21107.042940
21107.859789
21108.359245
21109.665294
21109.998009
21111.109516
21111.907662
21112.722738
21113.535725
21114.240640
21114.941401
21115.886061
21116.300139
21117.659777
21117.989246
21118.442606
21119.288799
21119.875413
21121.649954
21122.100816
21122.949366
21123.355850
21124.591680
21124.746205
21125.721463
21126.393188
21127.091613
21128.209197
21128.841327
21129.409387
21130.599178
21131.336854
21131.722946
21133.091624
21133.907975
21134.287650
21134.865970
21135.717710
21136.325541
21137.284822
21137.852569
21138.983196
21139.927707
21140.891892
21141.488829
21142.111158
21142.234084
21143.701132
21144.433007
21145.052539
21145.889923
21146.514232
21147.074572
21148.200736
21149.108493
21150.044336
21150.702328
21151.504680
21152.029046
21153.026333
21153.412185
21154.340660
21154.530029
21155.963201
21156.947780
21157.731801
21158.218958
21158.998114
21160.114269
21160.510021
21161.414760
21162.134791
21162.965871
21163.569626
21164.344812
21164.932795
21165.707765
21166.926643
21168.078920
21168.468450
21169.236475
21169.994548
21170.493280
