11316.112646
11316.551999
11317.880766
11318.754329
11319.392891
11320.162403
11320.991628
11321.972679
11323.243401
11323.430009
11324.905627
11325.491086
11326.453787
11326.805088
11327.805653
11328.476164
11328.968424
11330.656696
11331.528430
11332.086119
11332.993961
11333.910412
11334.543796
11335.417093
11336.137616
11337.110282
11338.066896
11338.545003
11339.155582
11340.398434
11341.726864
11342.480870
11343.003932
11343.878711
11344.696656
11345.120276
11346.102074
11347.265707
11347.603360
11348.895461
11349.943759
11350.832375
11351.118246
11352.054901
11353.285316
11354.031145
11354.847595
11355.251500
11355.819814
11357.268718
11357.755924
11359.153862
11360.317446
11360.430653
11361.618712
11362.198008
11362.833518
11363.630616
11364.902749
11365.392119
11366.470711
11367.121489
11368.092999
11368.995095
11370.251538
11370.710131
11371.264531
11372.427275
11373.090362
11373.829117
11374.247719
11375.350125
11377.067014
11377.477668
11378.252027
11379.071237
11379.663264
11380.668488
11381.490162
11382.384042
11383.081145
11383.778709
11384.633655
11385.730840
11386.761800
11387.282601
11388.745812
11389.309583
11389.666105
11390.540978
11391.172845
11392.207002
11393.253130
11394.045502
11394.912454
11396.185473
11396.636636
11397.269432
11398.167091
11399.358011
