35817.519874
35818.127508
35819.111937
35820.078115
35820.447185
35821.269944
35821.556665
35822.795282
35823.090125
35824.095370
35825.121549
35825.768976
35826.668052
35827.073641
35827.944294
35828.548084
35829.011428
35829.732307
35830.278745
35831.637819
35832.088312
35832.909103
35833.711011
35834.333910
35835.130726
35836.052993
35836.479450
35837.059979
35838.091569
35838.835779
35839.415210
35839.746238
35840.578849
35841.287735
35842.467831
35843.479568
35844.082549
35844.560538
35845.193278
35845.925171
35846.664432
35847.080824
35848.222750
35848.835227
35849.377684
35850.072633
35851.293630
35851.935501
35852.437367
35852.978888
35854.307259
35855.069064
35855.261685
35856.281858
35856.609404
35857.186428
35858.178619
35858.847309
35859.595764
35860.815465
35861.393944
35862.122093
35862.826165
35863.324798
35863.996405
35864.742449
35865.532445
35866.278987
35867.054921
35867.749062
35868.256270
35868.748705
35870.224812
35870.760053
35871.853986
35872.090101
35872.736330
35873.790823
35874.154742
35874.934709
35875.513104
35876.013494
35877.049488
35878.371530
35878.691118
35879.310403
35880.373757
35880.898260
35881.216068
35882.443039
35883.231428
35883.723892
35884.208000
35885.182807
35885.535538
35886.544940
35887.162972
35888.380967
35888.829271
35889.962029
