61053.120938
61053.772478
61054.304444
61054.856630
61055.695737
61056.201150
61056.742652
61057.099080
61058.241105
61058.940846
61059.911337
61060.381650
61061.168618
61061.613345
61062.649495
61063.200545
61063.645779
61064.524903
61065.150809
61065.760203
61066.615443
61067.182171
61067.606702
61067.972523
61069.386778
61070.176447
61070.932801
61071.571880
61071.987311
61072.812838
61073.191624
61073.845444
61074.617458
61075.459729
61075.909103
61076.690029
61077.319632
61078.285025
61078.883698
61079.803760
61080.207766
61080.508984
61081.956093
61082.614094
61082.952448
61083.466031
61084.016729
61084.819105
61085.579810
61085.950487
61087.205517
61087.830418
61088.714376
61089.206457
61090.023590
61090.550996
61090.845620
61091.913615
61092.216917
61093.474721
61093.606388
61094.604662
61095.342898
61095.574824
61096.454314
61097.402696
61098.265444
61099.051604
61099.348406
61100.044959
61100.690851
61101.585116
61101.939409
61102.594085
61103.141088
61103.783942
61104.996009
61105.821813
61106.313144
61107.152822
61107.433712
61108.169274
61109.064348
61109.598849
61110.252621
61111.234404
61111.634807
61112.134290
61112.649935
61113.760791
61114.300102
61115.090251
61115.951204
61116.798241
61117.304182
61118.102185
61118.551220
61118.927825
61119.714127
61120.189154
