42292.565337
42292.788521
42293.736387
42294.526997
42294.870203
42296.185313
42296.925759
42297.398568
42297.968202
42298.715163
42299.756623
42300.497667
42301.020074
42301.604467
42301.941279
42303.119435
42303.514066
42304.051600
42305.570020
42306.103893
42306.807475
42307.476123
42308.329357
42308.694798
42309.381811
42310.014462
42310.769038
42311.667093
42312.361350
42313.195489
42313.402797
42314.296223
42315.253206
42316.414684
42316.686906
42317.211638
42318.340461
42318.773854
42319.359807
42320.092491
42320.797119
42321.133213
42322.051341
42323.423119
42323.805288
42324.755619
42325.273294
42325.918940
42326.409081
42327.274776
42328.085136
42328.999257
42329.372305
42329.834490
42330.661639
42331.565104
42332.190052
42333.063406
42333.696356
42334.996307
42335.265019
42336.033327
42336.584214
42337.022006
42337.780077
42338.499926
42339.425408
42340.084592
42340.727514
42341.674576
42342.503849
42343.141342
42343.550533
42344.509797
42345.429918
42345.567446
42346.660323
42347.336258
42348.031016
42348.444064
42348.857696
42349.897985
42351.095018
42352.022659
42352.463005
42353.014675
42353.473897
42354.630015
42355.143747
42355.537595
42356.266423
42357.294455
42357.834537
42358.843834
42359.103685
42360.274264
42360.874860
42361.373628
42362.469710
42363.247257
