16140.425820
16141.350549
16141.996703
16142.475591
16143.515388
16144.364109
16145.483575
16146.399352
16146.958572
16147.988638
16148.494595
16149.073154
16149.876832
16150.404599
16152.003404
16152.374276
16153.083035
16154.188919
16155.112171
16155.722916
16156.523378
16157.214499
16158.295630
16158.999632
16159.425582
16160.374674
16160.866267
16161.709089
16163.396756
16163.847921
16164.732061
16165.432961
16165.979855
16166.585475
16167.864911
16168.340981
16169.125069
16169.836683
16171.006769
16171.687807
16172.455655
16173.199551
16174.377893
16175.123608
16176.010060
16176.287639
16176.917358
16178.037704
16178.644907
16179.279686
16180.787310
16181.426937
16182.292025
16182.992511
16183.845427
16184.295430
16185.027830
16186.308363
16186.804398
16187.791033
16188.224922
16188.754122
16190.193182
16191.227107
16191.912927
16192.527991
16193.342683
16194.269999
16194.841374
16195.309760
16196.092040
16197.276126
16198.014923
16199.151004
16199.776932
16200.676276
16201.031234
16202.163380
16203.154836
16203.636163
16204.547919
16204.945785
16205.986209
16206.547681
16207.697636
16208.307865
16210.037038
16210.333575
16210.790604
16211.559745
16212.451650
16212.908845
16214.207701
16214.748358
16215.556977
16216.318665
16217.458569
16218.223458
16218.778799
16219.878478
