21789.085278
21789.686367
21790.556825
21791.393735
21792.770209
21793.171223
21793.881600
21794.430889
21795.070207
21796.450570
21797.014280
21797.437498
21798.384880
21798.872152
21799.716127
21800.603555
21801.674794
21802.676777
21803.178751
21803.798580
21804.887360
21805.305498
21805.751655
21806.672142
21807.486651
21808.388686
21809.533561
21809.848976
21810.594703
21811.730860
21812.476560
21813.077706
21813.862537
21814.663255
21815.397433
21816.109621
21816.607007
21817.459136
21818.009542
21819.633491
21820.372289
21820.888126
21821.631862
21822.395103
21822.904622
21823.528142
21824.907957
21825.314790
21825.914870
21826.700259
21827.751430
21828.641267
21829.265214
21829.885065
21831.144139
21831.772183
21832.565848
21832.899344
21833.577785
21834.369445
21835.177180
21836.094304
21837.046675
21837.976292
21838.726363
21839.357190
21839.954959
21840.788302
21841.646393
21842.087059
21843.289261
21843.864002
21844.510913
21845.147498
21845.854949
21847.341840
21847.965219
21848.879261
21849.419881
21849.705594
21851.071228
21851.443544
21852.230461
21852.547180
21854.068455
21854.607957
21855.620187
21856.461449
21857.035082
21857.518436
21858.708224
21859.368587
21860.244213
21860.852016
21861.346953
21862.138863
21862.845687
21863.839009
21864.914529
21865.501676
