23247.592738
23248.559457
23249.479250
23250.093106
23250.776413
23251.722723
23252.876117
23253.140963
23253.956232
23254.727308
23255.930970
23256.201658
23256.842798
23257.780862
23258.303854
23258.801581
23260.172656
23261.278795
23262.048488
23262.410576
23263.079762
23263.859972
23264.713251
23265.367856
23266.110137
23266.938205
23267.479718
23268.656110
23269.286182
23269.883288
23270.757392
23271.991093
23272.564082
23273.200029
23273.771248
23274.584950
23275.219395
23275.814989
23276.685087
23277.746651
23278.443634
23279.640248
23280.203066
23280.598011
23281.734867
23282.151760
23282.672541
23284.233939
23284.532380
23285.283365
23285.694597
23286.472038
23287.837757
23288.499682
23289.487374
23289.994463
23290.799594
23291.606836
23292.123796
23292.963986
23293.167259
23294.422089
23295.266072
23296.005268
23297.114284
23297.623931
23298.344349
23298.934743
23300.130425
23300.722299
23301.587782
23301.849779
23302.758668
23303.627665
23304.349144
23304.709811
23306.134084
23307.237238
23307.736147
23308.497850
23308.918369
23309.567417
23310.403171
23311.439781
23311.910960
23312.705847
23313.705486
23314.173333
23315.207449
23316.292006
23316.489622
23317.618637
23318.242186
23319.256116
23319.750579
23320.341523
23321.058510
23321.532795
23322.527872
23324.174748
