18598.376671
18599.489474
18600.379842
18600.776286
18601.933324
18602.816334
18603.426315
18603.956356
18605.118200
18605.656598
18606.640909
18607.160125
18607.861320
18608.581668
18609.214508
18610.784217
18611.445444
18612.444363
18612.813734
18613.510707
18614.045795
18615.276899
18615.806772
18616.524980
18617.268901
18618.348118
18619.195593
18619.823020
18620.777682
18621.220233
18622.716295
18623.251055
18623.615237
18624.402882
18625.286712
18625.864349
18626.533996
18627.713651
18629.024137
18629.178840
18630.431479
18630.844023
18631.868788
18632.058427
18633.002879
18634.190585
18634.786996
18635.548333
18636.065188
18636.788214
18638.257208
18638.884656
18639.716291
18640.363499
18641.156225
18641.942106
18642.705159
18642.959720
18643.857719
18645.025184
18645.635091
18647.191111
18647.400949
18648.001578
18649.068644
18649.529389
18650.757842
18651.331814
18652.136668
18652.531282
18653.415882
18654.427410
18655.007413
18655.907805
18657.349743
18657.872849
18658.534521
18658.939619
18660.037454
18660.285082
18661.362531
18662.437068
18662.828715
18663.758889
18664.852577
18665.523579
18666.191885
18667.221711
18667.776770
18668.613017
18669.525808
18670.179479
18670.796292
18671.404283
18671.887182
18673.528826
18674.529975
18675.049930
18675.531065
18676.838716
