67585.626840
67586.375579
67586.801342
67587.564201
67588.401643
67588.908028
67589.663813
67590.490816
67591.171273
67591.712493
67592.169088
67592.626007
67593.577802
67594.133805
67594.746875
67595.880502
67596.572279
67597.104665
67598.132686
67598.680230
67598.886000
67599.692382
67600.009726
67601.252940
67601.896740
67602.598344
67602.802583
67603.669014
67604.260469
67605.424595
67605.759897
67606.688654
67607.448922
67608.021937
67608.580550
67609.314569
67609.937335
67610.401323
67611.003253
67611.858573
67612.116526
67613.481977
67614.224536
67614.869447
67615.454424
67615.947286
67616.462001
67617.624664
67618.116866
67618.710365
67619.127720
67620.243499
67620.590308
67621.302556
67621.792177
67622.782568
67623.172085
67624.573533
67625.080354
67625.637567
67626.367568
67626.626190
67627.547310
67628.046627
67628.537374
67629.383188
67630.383069
67630.804498
67631.369639
67632.242319
67633.344607
67633.730960
67634.100076
67634.912948
67635.699361
67636.425024
67637.113879
67637.879725
67638.192841
67638.489569
67639.403386
67640.163271
67641.214859
67641.972312
67642.526226
67643.352055
67643.746781
67644.601948
67644.966712
67645.603428
67646.385461
67647.109491
67647.612955
67648.628826
67648.932237
67649.999504
67650.412653
67651.017268
67652.096736
67652.662140
