3133.398883
3134.635445
3136.015560
3137.175172
3137.613495
3139.049508
3140.138494
3141.001174
3141.748032
3142.979456
3143.567499
3144.490488
3146.283528
3147.344606
3148.379041
3148.861228
3149.771738
3150.824652
3152.151059
3152.994559
3153.596976
3155.312108
3156.300357
3156.905761
3158.578287
3159.265204
3159.804097
3161.061912
3161.402435
3163.311959
3164.350531
3165.540597
3166.139586
3167.121094
3168.197515
3169.179764
3170.014131
3171.343958
3171.837774
3173.011633
3174.815385
3175.528722
3176.480343
3176.915636
3178.371705
3178.902595
3180.011213
3181.328501
3182.839446
3183.205673
3184.451499
3185.214344
3186.545869
3187.646162
3188.055482
3188.877460
3190.168661
3191.706256
3192.681791
3193.557208
3194.786707
3195.326699
3195.793895
3197.547165
3198.430125
3199.248977
3200.663270
3201.424866
3202.778286
3203.630891
3204.557410
3205.497580
3206.228893
3207.270062
3208.086133
3210.352420
3210.670388
3211.618832
3212.319227
3213.606498
3214.667562
3215.325298
3216.491524
3217.430804
3218.659983
3219.639171
3221.198341
3221.609476
3222.813840
3223.372566
3224.213706
3225.366715
3227.044102
3227.525149
3229.016311
3229.981066
3230.336636
3231.741347
3232.738713
3233.913360
