67111.375667
67112.200589
67112.526995
67113.439377
67114.208659
67114.900460
67115.652137
67116.708487
67117.300122
67117.726925
67118.472919
67118.968159
67119.425401
67120.298736
67121.220843
67121.702291
67122.303045
67123.195559
67123.433127
67124.275960
67125.395010
67125.759885
67126.786715
67127.404383
67127.928449
67128.384458
67129.211741
67129.951715
67130.508624
67130.871692
67131.360488
67132.635721
67133.642659
67134.029265
67134.693601
67135.543922
67135.727513
67136.646968
67137.490383
67137.938524
67138.904545
67139.034745
67140.106194
67140.577260
67141.230407
67141.678518
67142.881332
67143.513483
67144.226032
67145.096961
67145.788122
67146.133791
67146.729931
67147.250913
67147.870355
67148.789783
67149.474028
67150.189851
67150.863642
67151.257139
67152.651118
67153.167605
67153.361465
67154.348347
67154.774581
67155.838994
67156.430749
67157.050683
67157.649163
67157.864151
67158.895013
67159.357469
67160.093126
67161.648422
67161.763491
67162.595261
67163.151153
67163.681437
67164.459568
67165.029872
67165.831941
67166.087264
67167.171379
67167.657928
67168.410783
67169.315659
67169.768652
67170.380767
67171.056248
67172.404978
67172.735313
67173.164267
67173.916093
67174.746886
67175.055319
67175.649782
67176.610356
67176.941826
67177.712395
67178.777991
