36398.224787
36399.221458
36399.653740
36400.239397
36401.189837
36401.629924
36402.384951
36403.218694
36404.373262
36405.154722
36405.568571
36406.371259
36407.112496
36407.539106
36408.216335
36409.501594
36410.162176
36410.275910
36411.247988
36411.575993
36412.776231
36413.591555
36414.476311
36415.201125
36415.711467
36416.692142
36417.324142
36417.831703
36418.203793
36418.954035
36420.188838
36420.548381
36421.584785
36422.236569
36423.236736
36423.517856
36424.575306
36425.017998
36426.142556
36426.642325
36427.200394
36427.900773
36428.821918
36429.242434
36429.927099
36430.558715
36431.836295
36432.903729
36433.458769
36433.891535
36434.267169
36435.326518
36435.814563
36436.783728
36437.371393
36437.934175
36438.955983
36439.504433
36440.270564
36441.311113
36441.869556
36442.369321
36443.569019
36444.207832
36444.707199
36445.396549
36446.153507
36446.761834
36446.868510
36448.302992
36449.250712
36449.992269
36450.431058
36451.573396
36452.109571
36452.627976
36453.279849
36453.935959
36454.883016
36455.686905
36456.283036
36456.930266
36457.385775
36458.286485
36459.515821
36459.937042
36461.005977
36461.683442
36462.004251
36462.803143
36463.473626
36464.074659
36464.931904
36465.457324
36466.211305
36467.291589
36468.390770
36468.698923
36469.335770
36469.885474
