72104.302716
72104.913264
72105.692845
72106.416887
72106.710839
72107.520698
72108.628757
72108.829530
72109.685760
72110.662718
72111.283514
72111.803794
72112.438512
72113.034794
72113.852584
72114.549344
72115.346287
72115.879967
72116.217088
72116.961840
72117.244618
72118.472259
72119.335503
72120.048755
72120.816497
72121.045895
72122.279835
72122.536863
72123.064110
72123.661079
72124.333136
72125.300356
72125.674975
72126.675261
72127.146786
72127.732705
72128.698725
72129.209843
72129.900592
72130.889525
72131.387805
72132.238806
72132.452855
72133.260955
72133.633961
72134.685201
72135.221215
72135.547797
72136.281377
72137.779611
72138.348030
72138.694398
72139.417449
72140.117879
72140.440777
72141.126227
72142.372198
72142.650241
72143.170879
72144.034907
72144.465877
72145.366698
72145.751916
72146.838361
72147.455359
72148.424572
72148.729626
72149.531735
72150.285425
72150.901204
72151.290355
72151.698317
72152.494276
72153.261183
72154.147474
72154.953539
72155.542869
72155.986248
72157.166180
72157.448604
72158.201429
72158.880502
72159.291256
72160.293143
72160.918225
72161.475847
72162.168934
72162.519737
72163.153934
72164.119798
72164.909410
72165.960665
72166.457901
72167.129738
72167.551595
72168.029720
72168.852421
72169.585903
72169.977947
72170.895306
