57964.744034
57965.134728
57966.238001
57966.942315
57967.273362
57967.672917
57968.683003
57969.642910
57970.534023
57971.299653
57971.711063
57972.318642
57973.064281
57973.482115
57974.158260
57974.917017
57975.744479
57976.226829
57977.146958
57977.588652
57978.821092
57979.309270
57980.034288
57980.271144
57981.220616
57982.157692
57983.063052
57983.160423
57983.909463
57984.287127
57985.138772
57985.933353
57986.543245
57987.658803
57988.393184
57988.986741
57989.639656
57990.279371
57990.895010
57991.522341
57991.868213
57992.997915
57993.640312
57994.165512
57994.988940
57995.695016
57996.334078
57996.785269
57998.078032
57998.738524
57999.237928
57999.898521
58000.428788
58001.296673
58001.759503
58002.499192
58003.048663
58003.498714
58004.489033
58005.845043
58006.174033
58006.827136
58007.494882
58007.883253
58009.077208
58009.137473
58010.103453
58011.121680
58011.551266
58011.828582
58012.741528
58013.439555
58014.135044
58015.183103
58015.698443
58016.405929
58017.398140
58018.004164
58018.331463
58018.997573
58019.633872
58020.019352
58021.044251
58021.966008
58022.582951
58022.931931
58024.140102
58024.867664
58025.243282
58026.148976
58026.374112
58027.680435
58027.961910
58028.713765
58029.450744
58030.032266
58030.555022
58031.187698
58031.766608
58033.332498
