74720.479890
74721.761011
74722.325696
74722.765283
74723.809100
74724.162991
74724.506978
74725.199739
74725.983365
74726.541489
74727.421482
74728.084533
74728.567221
74729.302334
74730.345725
74730.834966
74731.710443
74731.991228
74732.509932
74733.649539
74734.565154
74734.768177
74735.264050
74735.803519
74736.652047
74737.203573
74737.792313
74739.115402
74739.746840
74740.118203
74741.080355
74741.629182
74742.076360
74742.726654
74743.370484
74744.105004
74744.681398
74745.421171
74746.205393
74746.725824
74747.499547
74748.136582
74748.547872
74749.981761
74750.239442
74751.144239
74751.535188
74752.136362
74752.719964
74753.540575
74754.157496
74754.557731
74755.146381
74756.114991
74757.090162
74757.886641
74758.452201
74758.814989
74759.565239
74760.178624
74760.771993
74761.628294
74762.218385
74763.074870
74763.553757
74763.942788
74764.494446
74765.564095
74766.454813
74766.802407
74767.904471
74768.301602
74769.218088
74769.659867
74770.397762
74770.788432
74771.408580
74771.722018
74773.040337
74773.699658
74774.159038
74774.856259
74775.928472
74776.301212
74777.132450
74777.464391
74778.409732
74779.074377
74779.686634
74780.202310
74781.097773
74781.512416
74782.153224
74782.621664
74783.442366
74784.260852
74785.488374
74786.208605
74786.302620
74786.905167
