65416.199567
65416.426662
65417.047527
65417.897838
65418.627001
65419.057765
65420.081948
65420.430308
65421.426305
65422.173600
65422.956617
65423.571503
65424.104479
65424.848944
65425.333675
65425.668804
65426.670896
65427.101896
65428.306312
65428.662198
65429.781244
65430.037869
65431.165113
65431.665379
65432.172621
65432.788430
65433.396068
65434.303809
65435.246505
65435.662827
65435.937149
65436.590813
65437.447749
65438.183174
65439.173262
65440.137139
65440.477941
65441.036088
65441.862605
65442.368608
65443.057297
65443.548790
65444.159947
65445.131097
65445.670358
65446.204756
65447.502836
65447.907683
65448.660329
65448.854927
65449.900925
65450.827443
65451.387459
65451.968889
65452.581537
65452.980892
65453.878096
65454.452275
65455.079279
65455.728545
65456.629889
65457.792719
65458.389479
65458.691027
65459.388957
65460.074808
65460.691915
65461.062596
65462.139258
65462.704173
65463.649305
65463.888015
65464.619038
65465.313930
65466.226866
65467.221844
65467.494748
65468.196894
65469.092896
65469.649398
65470.288951
65470.944260
65471.484119
65472.021041
65472.313155
65473.739597
65474.487102
65475.148122
65475.800204
65476.413824
65477.252864
65477.578724
65478.339490
65478.980046
65479.974951
65480.439763
65480.721286
65481.932227
65482.418488
65482.668582
