49987.641093
49988.048811
49988.390710
49988.926101
49989.682885
49990.451284
49991.338355
49992.165140
49992.970311
49993.705686
49994.409794
49994.874573
49995.665904
49996.187536
49996.622474
49997.749029
49998.500133
49998.973947
49999.572752
50000.406752
50001.124810
50001.673663
50002.878188
50003.474041
50004.264843
50004.878726
50005.049815
50006.119597
50006.696573
50007.399954
50007.968945
50008.310297
50009.726767
50010.442868
50011.354443
50011.777417
50012.247484
50012.942537
50013.822433
50014.584587
50015.213158
50015.833834
50016.456329
50017.168442
50017.887341
50018.174219
50019.477170
50020.253290
50020.801704
50021.759318
50022.377079
50023.078920
50023.423125
50024.029399
50024.788412
50025.292791
50026.559854
50026.969407
50027.933790
50028.051586
50029.397756
50030.283148
50030.423586
50031.040267
50032.241858
50032.636654
50033.403929
50034.197656
50034.528640
50035.170070
50035.944243
50036.422591
50037.840021
50038.532078
50039.269187
50039.825351
50040.187806
50041.102205
50041.555183
50042.453523
50043.147404
50043.748065
50044.224390
50045.358843
50045.871783
50046.738772
50047.281932
50047.875305
50049.047504
50049.837319
50050.179862
50050.741850
50051.689959
50051.984187
50052.589604
50053.590086
50054.078492
50054.868973
50056.168458
50056.587436
