69612.683835
69613.416802
69614.048572
69614.545310
69615.385489
69616.282341
69616.891416
69617.617994
69617.912402
69618.906537
69619.828314
69620.324573
69621.004855
69621.632647
69622.276118
69622.706420
69623.390660
69624.165021
69624.648579
69625.328877
69626.553349
69627.132777
69627.910971
69628.401211
69629.092743
69629.758141
69630.120723
69630.603763
69631.994132
69632.527384
69632.797067
69633.669805
69633.988049
69634.872848
69636.068298
69636.359721
69637.184857
69637.903688
69638.555937
69639.362521
69639.787675
69640.306153
69641.059828
69641.415654
69642.137823
69643.321092
69643.652497
69644.733757
69645.464411
69645.830143
69646.545188
69647.077355
69647.998491
69648.689167
69649.168110
69650.006394
69650.198721
69651.465866
69651.822662
69652.166484
69653.043072
69653.979424
69654.869318
69655.802435
69656.237257
69656.705736
69656.880718
69658.088318
69658.726075
69658.945558
69659.985379
69660.517032
69661.538473
69661.744948
69662.872616
69663.561364
69664.115267
69664.797709
69665.254853
69666.308540
69666.859360
69667.583576
69668.100586
69668.651880
69669.316326
69669.518691
69670.682863
69671.798966
69672.303547
69672.863084
69673.790016
69674.249951
69675.050008
69675.451343
69676.001426
69676.616406
69677.620125
69678.325601
69678.768899
69679.485873
