37989.798887
37990.377113
37991.131013
37991.991227
37992.799782
37993.303595
37994.323573
37995.044200
37995.356742
37995.933817
37996.778645
37997.167007
37998.384559
37999.150579
38000.152969
38000.455870
38001.489598
38002.267226
38002.587451
38003.396472
38003.803569
38005.088747
38005.662122
38006.297875
38006.763721
38007.474238
38008.356633
38009.243644
38010.336248
38010.717631
38011.701707
38012.178966
38012.534788
38013.563973
38014.145459
38014.773021
38015.349321
38016.459945
38016.981299
38018.332871
38018.785890
38019.297743
38019.646730
38020.912051
38021.716259
38022.278353
38022.830470
38023.508943
38024.178931
38025.035257
38025.370444
38026.446384
38027.430733
38028.155997
38029.161706
38029.485409
38029.988098
38030.921562
38031.379438
38032.024207
38032.816705
38034.014564
38034.468338
38034.811243
38035.827182
38036.940264
38037.279221
38038.362192
38038.677831
38039.560639
38040.408899
38040.978226
38041.667469
38042.129288
38042.653221
38043.505335
38044.796844
38045.619124
38046.099877
38046.910549
38047.470323
38048.119745
38048.804245
38049.466661
38050.552679
38050.952342
38051.457207
38052.479410
38053.138576
38053.908024
38054.589234
38055.362911
38056.583703
38057.017317
38057.624127
38058.378329
38058.703446
38059.316157
38060.540125
38060.986976
