35672.314084
35673.129897
35673.660638
35674.509914
35674.911169
35675.787543
35676.464224
35677.420238
35677.851472
35678.955378
35679.850717
35680.276014
35680.962756
35681.703814
35682.472331
35683.615871
35683.979305
35684.556568
35684.973256
35685.773179
35686.716229
35687.425820
35688.367737
35689.282266
35689.977924
35690.687788
35691.115492
35691.903724
35692.599822
35692.864169
35694.420872
35694.750608
35695.239690
35696.280991
35696.949263
35697.632757
35698.465040
35699.704834
35699.930462
35700.637756
35701.350048
35702.091517
35702.790749
35703.394665
35703.923607
35704.519523
35705.904430
35706.806639
35707.500847
35707.928013
35708.384612
35709.492586
35710.035519
35710.766533
35711.549299
35712.338081
35712.747995
35713.571496
35714.263323
35715.002428
35716.122036
35716.679191
35717.478278
35718.622478
35718.819957
35719.356491
35720.302983
35720.464861
35721.504319
35722.453765
35723.161491
35723.855480
35724.516514
35725.788840
35726.223341
35726.659508
35727.336482
35728.423628
35729.076525
35729.806742
35730.241776
35731.039951
35731.778466
35731.982295
35733.427128
35734.512960
35734.939077
35735.708450
35736.473655
35736.666010
35737.667258
35738.406171
35739.076936
35739.595108
35740.393670
35741.631155
35741.899390
35742.865150
35743.445803
35744.180499
