3928.142218
3928.886559
3930.099281
3930.891086
3931.745217
3932.624568
3933.516881
3934.938347
3936.443286
3936.974234
3937.905380
3938.214616
3939.775186
3940.434637
3941.630029
3942.352722
3944.030362
3944.650915
3945.333063
3946.878983
3947.703864
3948.434192
3949.313705
3950.132375
3950.859466
3952.942870
3953.356526
3954.778621
3955.176546
3956.420217
3957.019901
3957.954717
3959.470755
3960.071028
3960.770534
3962.168461
3963.470348
3964.312649
3965.132707
3966.138714
3966.753894
3967.818761
3968.484653
3969.914600
3971.318070
3972.115760
3973.010681
3973.457014
3974.893413
3976.066183
3976.731418
3977.113908
3978.686119
3979.497341
3980.844099
3982.048502
3982.764068
3983.749795
3984.227435
3985.098725
3986.516179
3987.230709
3988.719449
3989.352175
3990.481409
3991.570890
3992.331105
3993.293163
3994.395873
3995.168459
3995.797813
3996.689040
3998.809292
3999.519248
4000.017285
4001.144258
4002.112349
4002.695719
4004.022451
4004.806731
4005.876737
4006.931920
4008.142030
4008.689596
4010.361019
4010.983311
4011.663881
4012.568916
4013.233688
4014.657294
4015.657651
4016.968938
4018.029268
4018.776951
4019.106065
4020.570773
4021.628014
4022.380106
4023.428504
4023.905151
