44070.082302
44070.607166
44071.177067
44072.819259
44073.064565
44074.186018
44074.756646
44075.001152
44076.259525
44076.449615
44077.424684
44077.746246
44078.907246
44079.479669
44080.125680
44080.572181
44081.706122
44082.380427
44082.786166
44084.064859
44084.866483
44085.295596
44085.931813
44086.405916
44087.118124
44087.871037
44088.483776
44089.449087
44089.821250
44090.875836
44091.964507
44092.619435
44092.852073
44093.543404
44094.298846
44095.194243
44095.909589
44096.628975
44097.091011
44097.807185
44098.478761
44098.904948
44100.110134
44100.992229
44101.821989
44102.406989
44102.771607
44103.860919
44104.447345
44104.736605
44105.562799
44106.160060
44106.976089
44108.218526
44108.472018
44109.311354
44109.820366
44111.104767
44111.327621
44112.156801
44113.070381
44113.514497
44114.281845
44114.874398
44115.562384
44116.181719
44116.751412
44117.543398
44118.956459
44119.372723
44120.208468
44120.765912
44121.528833
44121.804505
44122.364554
44123.720491
44124.230994
44124.828219
44125.222168
44126.356514
44126.851602
44128.065556
44128.388757
44129.031660
44130.098754
44130.908362
44131.334057
44132.086544
44132.450042
44133.159160
44133.852529
44134.639227
44135.391492
44136.591291
44137.127188
44137.737306
44138.431243
44139.182046
44139.742161
44140.582883
