4121.794658
4123.240086
4124.648829
4125.592128
4126.378063
4127.593370
4128.298166
4128.777675
4130.466763
4131.136979
4131.928002
4132.724451
4134.050648
4135.441760
4136.396688
4136.974853
4137.962941
4138.838339
4139.464099
4140.892830
4141.373775
4143.347062
4143.897624
4144.603298
4145.564792
4147.071922
4147.595069
4148.652520
4149.069451
4150.445097
4151.146851
4152.768725
4153.839146
4154.630899
4155.334787
4156.296304
4156.913907
4158.129334
4159.480461
4159.921665
4161.096281
4162.377914
4163.278853
4164.135351
4165.139162
4166.078428
4166.984173
4167.509875
4168.303453
4170.482806
4170.875114
4172.130758
4172.876966
4173.416864
4174.873181
4175.512052
4176.643071
4177.322188
4178.530304
4179.574699
4180.503181
4181.922493
4182.850792
4183.377504
4183.846344
4185.312727
4185.957936
4187.200718
4188.419977
4189.615279
4190.233269
4190.985912
4192.109712
4193.175851
4194.092245
4194.899013
4195.541351
4196.604548
4198.425989
4199.335192
4199.633002
4200.997463
4201.827002
4202.416698
4203.280813
4204.736011
4205.627365
4206.870191
4207.354542
4208.734782
4209.642902
4210.549793
4211.527980
4212.170228
4212.967293
4214.117686
4215.179293
4216.832135
4217.495524
4218.230788
