69815.193807
69815.963995
69816.652293
69817.072907
69818.016705
69818.545726
69819.121459
69820.231936
69820.779846
69820.925451
69821.864687
69822.775258
69823.022602
69823.804809
69824.447330
69824.698393
69826.240718
69827.109965
69827.467245
69828.003980
69828.793947
69829.303038
69829.824545
69830.535873
69831.248156
69832.129715
69832.606410
69833.235298
69833.844145
69834.752415
69835.718075
69835.944856
69836.774485
69837.514745
69838.157427
69839.121089
69839.573103
69840.025340
69840.616209
69840.863860
69842.144963
69842.672797
69843.400330
69844.590654
69844.875530
69845.602710
69846.499338
69846.727378
69847.592700
69847.953727
69848.841356
69849.655811
69850.377159
69850.601147
69851.487509
69852.223485
69852.666541
69853.495247
69854.704459
69855.235723
69855.855650
69856.290386
69856.833056
69857.655008
69858.317087
69858.992489
69859.191140
69860.300815
69860.730222
69862.035364
69862.624229
69863.118128
69863.700201
69864.325559
69865.103325
69865.753468
69866.717513
69866.999816
69867.762151
69868.303408
69869.019209
69869.444910
69870.187010
69871.362034
69871.988936
69872.509588
69873.467190
69874.219787
69874.402920
69875.194953
69875.654652
69876.273011
69876.959385
69878.104521
69878.715572
69878.892655
69879.793345
69880.620055
69881.522670
69882.084455
