33483.368261
33484.219894
33485.358608
33486.164765
33486.715174
33487.845230
33488.326517
33488.783689
33489.791189
33490.014435
33490.889712
33491.573574
33492.683293
33493.082995
33494.177063
33494.883767
33495.302078
33496.299086
33497.077265
33497.865655
33498.511155
33499.141611
33499.657678
33500.579243
33501.334693
33501.845164
33502.144297
33503.878723
33504.833011
33504.998617
33505.980033
33506.257496
33507.224540
33507.776051
33508.486442
33509.698430
33509.892069
33510.596160
33511.582423
33512.225378
33513.040606
33514.073784
33514.518917
33515.246969
33516.304636
33516.933236
33517.501620
33517.779420
33518.566903
33519.354637
33520.352527
33521.171389
33522.066238
33522.589167
33523.527949
33524.178936
33524.814385
33525.175707
33526.295047
33526.978545
33527.785213
33528.378614
33528.772510
33529.992580
33530.152822
33531.549471
33532.396376
33533.217655
33533.728103
33534.053233
33534.957607
33535.710161
33536.368157
33537.003584
33537.678794
33538.572357
33539.641664
33540.349854
33541.035382
33541.502269
33542.086181
33543.552633
33543.830388
33544.434760
33545.265666
33545.971362
33546.484454
33547.020940
33548.136727
33548.967055
33550.045167
33550.483760
33551.330609
33552.056335
33552.514540
33553.109965
33553.887510
33554.466691
33555.857746
33556.209759
