13878.452700
13879.582603
13880.058118
13881.241346
13881.702378
13882.800179
13883.396013
13883.919484
13884.678662
13885.591241
13886.344064
13888.086042
13888.465077
13889.037508
13889.883007
13890.686721
13891.573186
13892.437536
13893.042726
13893.756952
13894.911990
13895.322023
13896.276225
13897.187941
13898.559842
13899.154461
13899.848603
13900.306459
13901.409397
13901.778407
13902.694644
13903.698166
13904.556985
13905.438556
13906.348915
13907.346710
13907.974053
13908.299979
13909.671272
13910.369176
13911.195120
13912.041241
13912.266074
13912.965064
13914.573601
13915.501600
13916.076739
13917.141622
13917.747197
13918.368006
13919.185951
13919.841552
13920.722522
13921.695160
13922.562763
13923.209573
13924.465071
13924.758376
13925.850134
13926.956195
13927.756328
13928.082060
13928.757986
13929.893769
13930.557892
13931.025051
13932.156812
13933.663532
13934.222578
13934.930667
13935.521887
13936.174604
13937.194969
13938.032204
13938.878282
13939.643684
13940.075169
13941.281672
13941.979028
13943.175701
13944.083871
13944.412003
13945.674758
13946.359667
13946.815277
13947.491028
13948.152410
13949.411206
13950.494239
13951.085409
13952.184288
13952.556515
13953.901247
13954.198830
13954.921698
13956.258905
13956.716308
13957.454932
13958.105583
13959.111024
