16938.233419
16938.481653
16939.994827
16940.362511
16941.563766
16942.187409
16943.466106
16944.005677
16944.500816
16945.408138
16946.318207
16947.082692
16947.866473
16948.536281
16949.364148
16949.735307
16950.683070
16952.284858
16953.084360
16953.312425
16954.309380
16954.950052
16955.728209
16956.515521
16957.207244
16957.761240
16959.112970
16959.950251
16960.341116
16961.515400
16962.120488
16962.982234
16964.102591
16964.540962
16965.371070
16965.952801
16966.592919
16967.718173
16967.955717
16969.660383
16970.113447
16971.219616
16972.037911
16972.464541
16973.102169
16973.650809
16975.172848
16975.601028
16976.460908
16976.871332
16977.884581
16979.009305
16979.768901
16980.480425
16981.506673
16982.142078
16982.928102
16983.458373
16984.386890
16984.677563
16985.772689
16986.739211
16988.047480
16988.586059
16989.177754
16989.794235
16990.997273
16991.557416
16992.348131
16993.047755
16993.941669
16994.579466
16995.527046
16995.895589
16997.143171
16998.404234
16999.092531
16999.633026
17000.088704
17001.177735
17001.855927
17002.156473
17003.584696
17004.284046
17004.768368
17006.274973
17006.676005
17007.616375
17008.214689
17008.945700
17010.119947
17010.770107
17011.515926
17011.949527
17012.495674
17013.577297
17014.935325
17015.468248
17016.599454
17017.032358
