29501.069647
29501.518486
29502.497810
29503.091109
29503.762046
29504.373609
29505.060634
29506.767520
29507.153256
29507.859499
29508.479542
29508.948728
29509.808411
29510.673015
29511.284697
29512.260097
29512.534648
29513.803647
29513.919170
29515.095284
29516.098781
29516.563217
29517.412001
29518.335359
29519.081848
29519.478639
29520.203915
29520.740464
29521.387031
29522.342974
29523.558415
29524.054873
29524.710729
29525.797636
29526.417660
29527.054912
29527.415669
29528.477139
29529.419510
29529.860366
29530.657758
29531.264494
29532.006576
29532.512958
29534.088733
29534.501681
29535.536760
29536.122013
29536.627993
29537.106207
29538.132937
29538.846186
29539.294337
29540.338939
29540.768949
29542.266378
29542.670353
29543.496255
29543.796650
29544.885418
29545.717280
29546.623934
29546.983818
29547.660068
29548.384125
29549.033433
29549.815828
29550.490514
29551.843174
29552.429369
29553.264954
29553.910861
29554.387014
29555.373645
29555.900553
29556.083982
29557.692121
29558.342331
29558.700391
29559.415724
29560.445695
29561.229178
29562.103090
29562.909433
29563.333954
29564.216179
29565.013004
29565.712903
29566.213013
29566.590061
29567.575068
29568.549162
29569.519204
29570.505423
29571.046687
29571.412429
29572.383443
29572.848410
29573.935872
29574.560844
