66704.828328
66705.437104
66706.210058
66706.894019
66707.870837
66708.556277
66709.338772
66709.853223
66710.766553
66711.199094
66711.968512
66712.165891
66713.082219
66713.840750
66714.032159
66715.120253
66716.175886
66716.613533
66717.481821
66717.853656
66718.482767
66719.620885
66719.799859
66720.839236
66721.341863
66721.848101
66722.591661
66723.243585
66724.128376
66724.440039
66724.762899
66726.574134
66726.994740
66727.507435
66728.355235
66728.885922
66729.236930
66730.117482
66730.504643
66731.471431
66732.099906
66732.841021
66733.341701
66734.083630
66734.968430
66735.669329
66736.438778
66736.809469
66737.517833
66738.465762
66739.136867
66739.814191
66740.220428
66740.559066
66741.354788
66742.016910
66743.026237
66743.789384
66744.643377
66745.090024
66745.980767
66746.438805
66747.078163
66747.629943
66748.318921
66749.014352
66749.764213
66750.598915
66750.903883
66751.739402
66752.298059
66753.341102
66753.573983
66754.835744
66755.649140
66756.069474
66756.500198
66756.922299
66758.163040
66758.426123
66758.984278
66759.727841
66760.426535
66761.192009
66762.413033
66762.910951
66763.396671
66763.936338
66764.651266
66765.236663
66766.372787
66766.698753
66767.228612
66768.421190
66768.484194
66769.011728
66769.880226
66770.775830
66771.708287
66772.162902
