31499.657891
31500.178732
31501.573165
31502.394505
31502.957463
31503.493396
31503.960094
31504.909425
31505.716630
31506.084251
31506.838906
31507.902000
31508.434698
31509.820631
31510.231066
31510.702332
31511.587953
31512.284273
31513.105412
31513.862711
31514.703661
31515.160491
31515.790759
31516.281389
31517.193782
31518.564905
31518.844168
31520.029058
31520.510635
31521.432310
31521.841185
31522.616983
31523.201441
31523.561354
31525.145736
31525.612902
31526.026992
31526.914465
31528.129796
31528.345663
31529.405037
31530.124677
31530.875869
31531.635439
31532.133750
31532.788131
31533.800552
31534.039169
31534.763244
31535.732308
31537.024171
31537.787238
31538.290289
31538.838858
31539.347386
31540.290353
31541.130407
31541.793656
31542.644910
31542.820092
31544.046036
31544.677472
31545.345304
31546.232693
31547.111154
31547.906124
31548.710874
31549.242694
31550.089632
31550.347765
31551.057104
31552.081881
31552.421302
31553.750799
31554.521076
31555.030116
31555.904553
31556.857588
31557.437413
31557.714940
31558.618692
31559.711211
31560.301890
31560.892750
31561.642041
31561.981207
31562.863484
31564.115620
31565.153999
31565.440893
31566.193311
31567.149469
31567.463965
31568.276294
31568.778667
31569.806125
31570.385553
31571.029928
31572.301537
31572.712542
