22328.429767
22329.095756
22329.311808
22330.368243
22330.841166
22331.918385
22332.324632
22332.870244
22333.961995
22334.786099
22336.085513
22336.435250
22337.050587
22337.833713
22338.858005
22339.744887
22340.037294
22341.107065
22341.766514
22342.188196
22343.042555
22343.869765
22344.830279
22345.860599
22346.853899
22347.121251
22348.153363
22348.588079
22349.299538
22349.738096
22351.208087
22351.773905
22352.417167
22352.918802
22354.233321
22355.074362
22355.562637
22356.393385
22357.256317
22358.178679
22358.622455
22359.379335
22360.125201
22360.425002
22361.481594
22362.548264
22363.709329
22364.375145
22364.721156
22365.674829
22366.257551
22367.041214
22368.020179
22368.674266
22368.995709
22370.348735
22370.953333
22371.390034
22372.465790
22373.363529
22374.478799
22375.028346
22375.722044
22376.135260
22376.929354
22377.850069
22378.370480
22379.135629
22380.158561
22381.220999
22381.752649
22382.718370
22383.392412
22384.027400
22384.429394
22385.887989
22386.389490
22387.063362
22387.709955
22388.373572
22388.874937
22390.543439
22391.042186
22391.987133
22392.467463
22393.569649
22394.051496
22394.628044
22395.210723
22396.107694
22397.071850
22397.854895
22398.543135
22399.535613
22400.277627
22400.754478
22401.876411
22402.690347
22403.297784
22404.087509
