56379.183668
56379.760538
56380.841511
56381.758151
56381.987849
56382.870049
56383.749270
56384.268729
56384.935089
56385.782645
56386.546710
56387.323312
56387.561608
56388.245284
56388.904056
56389.734926
56390.179186
56390.923812
56392.133737
56392.539952
56393.806502
56394.107385
56394.665965
56395.151426
56395.720139
56396.647470
56397.512799
56398.208769
56398.571295
56399.220572
56399.965824
56400.968867
56401.479453
56402.301343
56403.117542
56403.726441
56404.489153
56404.967262
56405.786063
56406.261723
56406.798537
56407.375995
56408.227012
56409.007145
56410.331185
56410.598981
56411.220286
56411.767741
56412.723594
56413.355006
56414.006386
56414.447108
56415.347327
56416.041788
56416.811105
56417.087135
56417.983927
56418.477184
56419.422109
56420.569226
56421.305976
56421.564310
56422.198246
56423.067161
56423.657601
56423.898789
56424.789510
56425.692968
56426.487058
56426.688973
56427.759840
56428.737644
56429.297795
56429.856306
56430.613178
56430.854436
56432.300546
56432.763791
56433.186841
56434.059154
56434.491347
56434.729425
56436.050929
56436.539430
56437.598609
56438.377498
56438.991878
56439.666562
56440.271088
56440.908111
56441.314006
56442.164961
56442.870423
56443.447427
56444.414934
56444.961771
56445.799114
56446.054001
56447.244638
56447.765875
