17810.413734
17811.447361
17811.806040
17812.875860
17813.500818
17814.596774
17815.371160
17815.917995
17816.991743
17817.262519
17818.563869
17818.824879
17819.600882
17820.157905
17821.994534
17822.440067
17823.275756
17824.114101
17824.568904
17825.215157
17826.094372
17827.244512
17827.664505
17828.397214
17829.315714
17829.965388
17831.335402
17831.682800
17832.468626
17833.722144
17834.502884
17834.872585
17835.612335
17836.030290
17837.173460
17837.840365
17838.843577
17839.906100
17840.587913
17841.428815
17842.250396
17842.594566
17843.556791
17844.497873
17845.143011
17845.956439
17846.815245
17847.235817
17847.978541
17849.205149
17850.516409
17850.988570
17851.533211
17852.109282
17853.351803
17853.795441
17854.250791
17855.347257
17856.005911
17857.213180
17858.048561
17858.681390
17859.424470
17860.129695
17861.201523
17861.906497
17862.576627
17863.514389
17863.971820
17864.400677
17865.652650
17866.444865
17867.463979
17868.396623
17869.338733
17869.632532
17870.567081
17871.116306
17871.556689
17873.044738
17873.786516
17874.146607
17874.948575
17876.127324
17877.035955
17877.463941
17878.656328
17879.242470
17880.172469
17880.598259
17881.695496
17881.914609
17882.859507
17883.463851
17884.994292
17885.954261
17886.376795
17887.075403
17887.750618
17888.641507
