72238.903399
72239.645224
72240.478212
72240.845503
72241.420228
72242.151639
72242.736143
72243.078627
72244.004840
72244.813229
72245.339155
72246.267783
72247.162961
72247.850769
72248.403477
72248.808006
72249.213298
72250.109691
72251.169879
72251.423075
72252.387286
72252.796673
72253.343414
72253.821263
72255.067763
72255.743018
72256.092759
72257.408450
72257.803661
72258.219928
72259.070155
72259.640006
72260.150635
72260.943647
72261.217526
72261.998969
72263.134583
72263.708804
72264.556239
72265.065510
72265.585215
72266.391243
72267.089400
72267.812123
72268.432556
72269.055451
72269.432292
72270.734550
72270.792581
72271.426883
72272.161268
72272.732861
72274.120662
72274.697706
72275.306388
72275.845472
72276.490368
72277.115667
72277.605642
72278.106531
72279.226832
72279.664249
72280.500342
72280.859381
72281.725556
72282.608289
72283.278587
72283.914247
72284.511493
72285.017212
72285.994472
72286.968448
72287.266009
72287.613960
72288.103401
72289.116201
72289.508974
72290.388203
72291.404842
72292.019197
72292.948601
72293.139102
72294.034443
72294.792279
72294.968784
72295.764645
72296.498879
72297.370042
72297.861956
72298.381330
72299.375832
72299.853334
72300.322248
72301.237047
72302.380731
72302.802139
72303.615551
72303.861827
72304.691721
72305.089593
