57138.169994
57138.972728
57139.638509
57140.047541
57141.036822
57141.470305
57142.235252
57143.081432
57143.755017
57144.408756
57144.868306
57145.992812
57146.756458
57147.509728
57147.847679
57148.538228
57149.348287
57149.626276
57150.447178
57151.143797
57151.687291
57152.886578
57153.393763
57154.283107
57155.014421
57155.654435
57156.116976
57156.565091
57157.483327
57158.207591
57159.047638
57159.826251
57160.048734
57160.542716
57161.321206
57162.540262
57163.100860
57164.057746
57164.347463
57165.397122
57166.006911
57166.407816
57167.001374
57167.808926
57168.338406
57168.811901
57170.113929
57170.549920
57171.374718
57172.170832
57172.786744
57173.437044
57173.770131
57175.226422
57175.514098
57176.035973
57176.709616
57177.412850
57178.159564
57178.824538
57179.195984
57179.964383
57181.263286
57182.039843
57182.613262
57183.107736
57183.730718
57184.204913
57184.921801
57185.887386
57186.257267
57187.075956
57187.974439
57188.250530
57189.151137
57190.166824
57190.508103
57191.480373
57192.044983
57192.641566
57193.586849
57194.235930
57194.774718
57195.260090
57195.823203
57196.318271
57197.440560
57198.233762
57199.287304
57199.634321
57200.229687
57201.114635
57201.891044
57202.227021
57202.702776
57203.598738
57204.617124
57205.073689
57205.494177
57206.461775
