1535.769502
1536.620701
1537.651062
1539.302854
1540.030270
1541.742248
1542.496522
1544.118670
1544.834608
1546.091197
1547.297581
1547.806563
1548.871348
1551.273845
1552.006872
1552.736105
1554.156519
1554.921285
1556.162987
1557.394507
1558.339152
1559.781154
1560.876475
1562.410153
1563.385400
1564.177940
1564.915788
1566.266415
1567.623450
1569.022477
1570.509277
1571.045381
1571.845352
1573.806563
1574.230915
1575.638154
1576.161352
1578.118826
1579.514055
1580.372081
1581.363551
1582.329486
1583.394693
1584.234848
1586.293210
1587.004342
1588.163404
1589.357945
1590.835904
1591.293884
1592.637167
1593.584808
1594.442689
1596.484492
1597.715895
1598.420798
1599.619348
1600.048044
1601.911946
1602.815404
1603.655202
1605.521646
1606.293418
1607.556905
1608.836295
1610.003264
1610.253823
1611.437141
1613.078855
1614.710627
1615.574608
1616.398394
1617.734684
1618.537517
1619.952501
1620.774310
1622.098751
1622.977767
1625.021856
1625.987020
1626.399919
1627.755441
1628.715316
1629.658668
1631.194814
1632.798183
1633.512516
1634.516822
1635.718366
1637.089190
1637.994643
1638.599658
1639.821235
1641.899819
1642.489779
1644.152065
1644.713745
1645.573760
1646.624866
1648.270598
