71028.164651
71028.577276
71029.337272
71030.013354
71030.626956
71031.312560
71032.038411
71033.179866
71033.797164
71034.350012
71034.966417
71035.312200
71035.839112
71036.930250
71037.362205
71037.983872
71038.695851
71039.383303
71040.468416
71040.961103
71041.676606
71042.303829
71043.039461
71043.198481
71044.497795
71045.196229
71045.415247
71046.234086
71047.028543
71047.210685
71047.940327
71048.645530
71050.088272
71050.478491
71051.068885
71051.658820
71052.590640
71053.119517
71053.599827
71054.177227
71054.646787
71055.711073
71056.241744
71057.202299
71057.656946
71058.172731
71059.003061
71059.904811
71060.560558
71061.026851
71061.986515
71062.558651
71063.219638
71063.457918
71064.534133
71064.922769
71065.367416
71066.549720
71066.678762
71068.079355
71068.996414
71069.266957
71069.910824
71070.367972
71071.153383
71071.544693
71072.812026
71073.195124
71073.758807
71074.437829
71074.902513
71075.810994
71076.678140
71077.146347
71077.855045
71078.812469
71079.681953
71079.938458
71080.551164
71081.436415
71081.760221
71082.491089
71082.758054
71083.896659
71084.702082
71085.252086
71086.226920
71086.810920
71087.222163
71088.124257
71088.811552
71089.349114
71089.917953
71090.562205
71091.587193
71092.091874
71092.620864
71093.053865
71093.648393
71094.636172
