39573.357070
39573.994531
39574.964292
39575.475655
39575.929516
39577.469210
39578.037353
39578.749225
39579.480005
39580.034472
39580.749788
39581.092603
39581.930227
39582.777180
39583.732378
39584.149912
39585.078468
39585.303203
39586.733560
39587.224130
39587.987212
39588.748236
39589.267550
39590.151205
39591.014268
39591.377226
39592.041139
39592.302169
39593.445949
39594.284762
39595.443859
39596.039040
39596.505143
39597.489460
39597.740610
39598.573067
39599.495684
39599.913621
39600.904380
39601.359442
39602.280407
39602.555200
39603.996401
39604.179786
39604.898538
39606.339769
39606.968279
39607.291885
39607.912170
39608.605757
39609.278390
39609.904197
39610.772812
39611.432436
39612.143853
39613.167240
39614.100876
39614.559171
39615.138889
39615.825133
39616.566337
39617.474120
39618.004006
39618.855079
39619.572217
39619.914303
39620.463373
39621.377944
39622.586325
39623.433649
39624.022506
39624.415091
39625.386716
39626.191426
39626.443032
39627.318662
39627.665866
39628.688661
39629.630753
39630.320988
39630.852245
39631.773754
39632.353384
39633.395813
39633.781294
39634.634139
39635.690688
39635.985285
39636.339144
39637.461364
39637.899426
39638.720526
39639.182834
39640.493473
39641.312970
39642.082059
39642.661473
39643.222914
39643.685800
39644.291664
