68599.740477
68600.597269
68600.736582
68602.536846
68602.743702
68603.564017
68603.991364
68604.835098
68605.786878
68606.016528
68606.192488
68607.336747
68607.953999
68608.918669
68609.363945
68610.071523
68610.579664
68611.328197
68612.336501
68612.965531
68613.655954
68614.239277
68614.986233
68615.520078
68616.237499
68616.664080
68617.283677
68618.152042
68618.526854
68619.449729
68620.541074
68621.273444
68621.751765
68622.342792
68622.964911
68623.278130
68624.349900
68625.176853
68625.695394
68626.259644
68626.729682
68627.551568
68628.169927
68629.054394
68629.837529
68630.158512
68631.489188
68632.143083
68632.358301
68633.071019
68633.749526
68634.472672
68634.651679
68635.538055
68636.480511
68637.044064
68638.030338
68638.382625
68639.330449
68639.949615
68640.564617
68641.158775
68642.048124
68642.560087
68642.972661
68644.175142
68644.621466
68645.119353
68645.475942
68646.132398
68647.391852
68648.259663
68648.929390
68649.531186
68649.952433
68650.598990
68651.459369
68651.846547
68652.560657
68653.128516
68654.046005
68654.676894
68655.175369
68656.161876
68656.742263
68657.658335
68657.987773
68658.587238
68659.802881
68660.348575
68660.883280
68661.406545
68661.935352
68662.480606
68663.362854
68664.122581
68664.521689
68665.738970
68666.324803
68667.187442
