57413.814698
57414.172296
57414.958038
57416.096283
57417.138963
57417.428324
57418.071292
57418.748057
57419.048579
57420.346484
57420.585174
57421.606653
57422.103571
57422.532661
57423.391973
57424.152686
57424.896255
57425.358562
57426.279444
57427.364475
57427.991098
57428.381391
57428.980006
57429.752889
57430.420212
57430.623568
57431.524033
57432.577250
57433.027046
57433.766836
57434.909186
57435.125536
57436.043062
57436.745242
57437.289791
57437.917336
57438.545743
57439.596364
57440.240312
57440.581184
57441.169078
57441.676924
57442.516490
57443.813925
57444.359087
57445.153151
57445.683395
57446.270307
57446.934810
57447.730398
57448.267283
57448.507199
57449.825010
57450.214408
57450.959432
57451.733800
57452.676019
57453.043538
57453.929282
57454.361359
57455.365696
57456.305040
57456.733639
57457.194161
57457.545154
57458.695963
57459.172070
57459.726786
57460.509864
57461.387783
57462.466173
57463.052170
57463.649163
57464.353710
57464.597109
57465.273134
57466.315666
57466.866590
57467.735044
57468.066807
57468.938887
57469.607795
57469.981539
57471.170215
57472.057530
57472.472488
57473.174556
57474.023891
57474.548928
57475.193928
57475.873635
57476.335910
57476.965823
57477.425972
57478.856747
57479.506747
57480.162962
57480.608487
57481.527879
57482.159715
