69140.366994
69141.153433
69141.934119
69142.112144
69142.693165
69143.622113
69144.072322
69145.041068
69145.709202
69146.597126
69147.351872
69148.014987
69148.722956
69149.071777
69149.327601
69150.464694
69151.098238
69152.048514
69152.454271
69153.044413
69153.465550
69154.426389
69155.252192
69155.964714
69156.662962
69157.460185
69157.951465
69158.893916
69159.162368
69159.724608
69160.608384
69161.130222
69161.580373
69162.236351
69163.615142
69164.167501
69164.687552
69165.592937
69165.786376
69166.720641
69167.361049
69168.145086
69168.789825
69169.364246
69169.696098
69170.967441
69171.311647
69171.703526
69172.411010
69173.473921
69174.491118
69174.981222
69175.633031
69176.268524
69176.879553
69177.267723
69177.916584
69178.760142
69179.300023
69180.359024
69180.584464
69181.520020
69182.097107
69183.185076
69183.660698
69184.310727
69184.722606
69185.543129
69186.702007
69186.909952
69187.658342
69188.128937
69188.617743
69189.232354
69190.155805
69191.114126
69191.732793
69192.737712
69193.149678
69193.610345
69194.504177
69195.051366
69195.564932
69196.090274
69197.152780
69197.698998
69198.203987
69199.160973
69199.587918
69200.527841
69200.912355
69201.755805
69202.927348
69203.406044
69203.881331
69204.242737
69205.165276
69205.808193
69206.451052
69206.771785
