66569.320290
66569.709991
66570.482480
66571.973996
66572.424045
66572.840850
66573.631704
66574.515362
66574.985803
66575.496027
66576.060369
66576.683289
66577.625828
66578.207596
66579.016465
66579.532752
66580.310913
66580.873248
66581.874435
66582.310456
66583.217352
66583.929467
66584.591848
66585.106693
66585.516199
66586.207193
66587.175310
66587.563454
66588.070318
66588.996525
66590.058783
66590.928359
66591.470587
66591.751015
66592.547767
66592.871671
66594.023825
66594.540829
66595.248779
66596.169155
66596.232120
66596.932244
66598.086416
66598.395031
66599.300179
66600.201012
66600.877747
66601.461195
66602.228453
66602.644074
66603.489808
66603.930991
66604.613300
66604.726940
66606.175844
66606.858955
66607.409009
66608.247418
66608.871593
66609.571250
66610.117096
66611.084863
66611.552057
66611.859150
66613.033329
66613.647256
66614.193225
66614.737200
66615.119450
66616.088300
66616.821614
66618.041135
66618.484068
66619.198635
66619.859291
66620.154976
66620.907599
66621.556424
66622.314029
66622.802856
66623.835022
66624.231649
66624.735351
66626.069004
66626.563286
66627.079267
66627.764099
66628.251580
66629.664989
66629.849226
66630.652405
66631.010961
66631.603673
66632.334156
66633.021223
66633.634881
66634.425187
66635.597391
66636.061647
66636.749423
