40219.294966
40220.127096
40221.027296
40221.286105
40222.052904
40223.332276
40223.669375
40224.591227
40225.198033
40225.349444
40226.445791
40227.277058
40227.517503
40228.316715
40229.436235
40230.631710
40230.900036
40231.665382
40232.337039
40232.782364
40233.740066
40234.015526
40235.190959
40236.062775
40236.407712
40236.891492
40237.789781
40238.771316
40239.467760
40240.359187
40241.046944
40241.443756
40242.486657
40243.329559
40243.579754
40244.032072
40244.748480
40245.635402
40246.709297
40247.277830
40248.264907
40249.007232
40249.265625
40250.265614
40250.952909
40251.427737
40252.456067
40252.999345
40253.708130
40254.295580
40255.024972
40255.726094
40256.468140
40257.223918
40258.644615
40259.119538
40259.436789
40260.297476
40260.656648
40261.483322
40262.304110
40262.908995
40263.763175
40264.136428
40265.439445
40265.938628
40266.955804
40267.338889
40267.923383
40268.842469
40269.771147
40270.378397
40270.800521
40271.736299
40272.183872
40272.747477
40273.357946
40274.718614
40275.635800
40276.033512
40276.735572
40277.625793
40278.217285
40278.891896
40279.165184
40280.115856
40280.911049
40281.701979
40282.598618
40283.016569
40283.404201
40284.882615
40285.348757
40286.017782
40287.013285
40287.569587
40288.180775
40288.706191
40289.622878
40289.973028
