544.323890
545.636833
547.010912
547.931613
549.497567
550.970010
552.049572
553.764972
555.792020
556.899476
557.564659
559.316237
560.240807
562.559207
564.160879
564.506055
566.698787
567.731757
568.923955
570.051114
572.419984
573.614610
575.093886
575.807247
577.039003
579.098834
580.136959
581.946576
583.236088
584.561705
585.984563
586.742771
588.139663
590.660397
591.725858
592.571358
593.974714
595.728153
596.362768
598.493077
599.545640
601.602136
602.579167
603.625618
604.616218
606.383460
608.413217
609.389575
610.839162
611.774209
613.599778
614.646237
615.538563
618.112831
619.184482
620.272893
621.709294
622.375002
624.269900
626.019283
627.268396
628.325862
630.473887
630.805780
632.225141
633.546858
635.523800
637.397193
637.925513
638.927938
640.694794
641.945499
643.278883
644.990578
646.348191
647.761753
648.786400
650.197519
650.668683
653.649571
654.301920
655.709463
656.964084
658.175614
659.663845
660.716732
662.296586
664.244604
665.342763
666.515147
667.148494
668.975848
670.323585
672.458183
673.043578
674.355897
676.139674
677.230180
677.800444
679.742197
