43999.278018
43999.899062
44000.803419
44001.768679
44002.027286
44002.860284
44003.726424
44004.421809
44004.852368
44005.857745
44006.356282
44006.940832
44007.397185
44008.534220
44008.815637
44010.497868
44011.089155
44011.493913
44011.991567
44012.690793
44013.434469
44014.339815
44014.688474
44015.676412
44016.086703
44016.998734
44017.693436
44018.628353
44019.071643
44019.875754
44020.658413
44021.750249
44022.167296
44022.600745
44023.535930
44024.131010
44024.367034
44025.384475
44025.998189
44027.124552
44027.869556
44028.487851
44029.242760
44030.137068
44030.626619
44030.964867
44031.743783
44032.738538
44033.479323
44034.153855
44034.618130
44035.272801
44035.786859
44037.035018
44038.061051
44038.353830
44039.130080
44040.108907
44040.455452
44041.062969
44041.717201
44042.561623
44042.978436
44043.779589
44044.715208
44045.604544
44046.430818
44046.870161
44047.544831
44048.193928
44048.955895
44050.049388
44050.514354
44051.080047
44051.378649
44052.532736
44053.211935
44053.605925
44054.385615
44055.774602
44056.216858
44057.207815
44057.622055
44058.105574
44058.796354
44059.475727
44060.168578
44060.937424
44061.869481
44062.387671
44062.910323
44064.029458
44064.560864
44065.433850
44066.207410
44066.736723
44067.398562
44068.280523
44069.192468
44069.310247
