31794.558095
31795.579893
31795.903872
31796.590389
31797.024871
31798.039443
31799.171158
31800.211920
31800.572774
31801.118067
31802.339873
31802.717483
31803.222011
31804.031187
31804.715964
31805.725584
31806.467030
31807.107867
31807.347921
31808.787813
31809.267678
31810.179084
31811.191473
31811.744549
31812.203677
31812.931939
31813.658893
31814.359228
31814.892625
31815.814255
31816.516234
31817.614565
31818.576145
31819.170267
31819.674831
31819.967841
31821.077376
31822.170656
31822.728809
31822.995947
31824.070160
31824.587715
31825.163221
31826.385571
31826.916681
31827.990765
31828.798931
31829.343664
31830.197704
31830.428193
31831.541753
31831.796506
31832.542951
31833.581977
31834.618592
31834.951554
31835.960485
31836.501464
31837.542226
31838.132766
31838.864096
31839.467849
31840.296932
31841.163095
31841.611973
31842.288689
31843.007187
31843.343646
31845.080430
31845.690189
31846.406889
31847.007067
31847.592021
31848.440616
31848.898685
31849.601292
31850.810447
31851.175157
31851.758915
31852.657075
31853.791607
31854.252394
31854.855172
31855.914646
31856.487919
31857.669487
31858.067881
31858.604232
31858.977441
31859.892708
31860.926502
31861.240535
31862.397107
31863.317797
31864.178402
31864.634823
31865.400501
31865.917618
31866.889931
31867.134812
