30095.123008
30095.536873
30096.742475
30097.382646
30097.816164
30098.277688
30099.075276
30100.017314
30100.885380
30101.572892
30102.088368
30102.540926
30103.752517
30104.540782
30105.334231
30105.921536
30106.950524
30107.636505
30108.527386
30108.647657
30109.411242
30110.293880
30110.721136
30111.754507
30112.704461
30113.682739
30114.178927
30114.901449
30115.551029
30116.450115
30117.182343
30117.611863
30118.591609
30119.398119
30119.777421
30120.776928
30121.418214
30121.634269
30123.472251
30124.162951
30124.659877
30125.121457
30126.154898
30126.510426
30127.464834
30127.814283
30128.920275
30129.551537
30130.249940
30131.296086
30132.189351
30132.522142
30133.567205
30133.953541
30134.935341
30135.880161
30136.542869
30136.958938
30137.542634
30138.086466
30139.293415
30139.899120
30141.098391
30141.654124
30142.488421
30143.315194
30143.792649
30144.270227
30145.053797
30145.795538
30146.985019
30147.264086
30148.121838
30148.833110
30149.566826
30150.712373
30151.015719
30152.360579
30152.805045
30153.452501
30153.870197
30155.070449
30155.424493
30156.252287
30156.498541
30157.742279
30159.039260
30159.638615
30160.089591
30160.854076
30161.419366
30162.182561
30163.391079
30163.665886
30164.244312
30165.352192
30165.951821
30166.293926
30167.412634
30168.444468
