17573.150266
17573.523977
17574.233010
17575.334567
17576.594093
17577.196466
17578.198505
17578.438648
17579.537502
17580.244270
17580.995762
17581.951604
17582.661236
17583.103794
17584.030125
17584.782312
17585.682876
17586.693799
17587.590144
17588.672534
17589.111059
17589.588330
17590.186352
17591.211398
17591.929631
17593.062211
17593.396568
17594.421426
17595.483254
17596.499734
17596.633988
17597.501370
17598.828752
17599.250709
17599.998105
17600.777883
17601.588118
17601.858026
17602.792983
17604.438461
17605.044721
17605.719076
17606.430107
17607.144920
17607.978268
17608.612239
17609.487482
17609.920367
17611.362577
17611.876593
17612.409070
17613.503847
17614.293513
17615.334116
17616.102357
17616.783047
17617.416398
17618.088328
17619.097230
17619.240188
17620.546078
17621.148406
17622.554556
17623.144169
17624.029036
17624.772762
17625.103121
17625.827631
17627.246028
17627.779208
17628.573827
17628.902114
17629.743164
17631.063935
17631.609215
17632.674741
17633.705008
17633.974539
17635.141285
17635.659670
17636.106964
17636.867519
17637.935747
17638.642013
17639.683546
17640.752286
17641.169999
17641.788426
17643.109390
17643.473774
17644.588733
17644.906155
17645.955186
17646.730976
17647.254794
17648.015638
17648.733073
17650.445378
17651.086634
17651.557432
