57000.437788
57001.070089
57001.835382
57002.241652
57003.150330
57003.974368
57004.469037
57005.002597
57005.835511
57006.314301
57007.169302
57007.672596
57008.672989
57009.285100
57010.703015
57010.908906
57011.346221
57011.944340
57012.539220
57013.451257
57013.899031
57014.754028
57015.471894
57016.059352
57016.793697
57017.870009
57018.380188
57019.052400
57019.474248
57020.415251
57021.234758
57021.820558
57022.297552
57023.215643
57023.798788
57024.062529
57024.601675
57025.846906
57026.912897
57027.459839
57028.018698
57028.640858
57029.620990
57029.774901
57030.849618
57031.130030
57031.726112
57032.743765
57033.677968
57033.972302
57034.610417
57035.452894
57036.236912
57036.907733
57037.936626
57038.259349
57039.203892
57039.712027
57040.264729
57040.775391
57041.612318
57042.194212
57042.905385
57043.525883
57044.672650
57045.452811
57046.133853
57046.668082
57047.195457
57047.657482
57048.466264
57049.522788
57050.213388
57050.499565
57051.205368
57051.666148
57052.800072
57053.373691
57053.942518
57055.219856
57055.676320
57056.190550
57057.171165
57057.685701
57058.162355
57058.592546
57059.611923
57059.940357
57060.913270
57061.824672
57062.493736
57063.254598
57063.667400
57064.479733
57065.370539
57066.035152
57066.293581
57067.317485
57067.842528
57068.751898
