12647.229806
12648.235496
12648.851233
12649.590003
12650.289817
12651.467816
12651.890836
12653.075960
12653.465021
12654.978986
12655.211371
12656.288960
12657.633094
12658.019611
12658.937570
12659.495551
12659.921146
12661.226396
12661.780425
12662.773933
12663.796247
12665.101403
12665.497216
12666.126813
12666.807432
12667.950859
12668.598344
12669.680128
12670.251397
12670.864754
12671.597846
12672.818953
12673.824041
12674.966451
12675.333121
12675.990827
12677.140904
12677.709518
12678.389018
12678.800426
12680.329935
12681.164615
12681.973536
12682.782192
12683.550300
12684.373691
12685.517185
12685.887530
12686.905228
12687.599987
12688.374450
12688.980058
12689.813833
12691.081610
12692.047729
12693.120974
12693.554968
12694.216166
12694.930269
12695.563998
12696.937905
12697.614708
12698.024109
12699.089676
12700.221034
12700.986759
12701.792031
12702.390283
12703.873903
12704.205762
12704.963192
12705.536949
12706.501780
12706.998479
12708.205585
12709.656833
12710.138441
12710.685098
12711.827104
12712.380908
12713.182489
12713.942000
12715.003384
12715.469340
12716.757172
12717.182245
12717.722594
12719.411669
12720.153017
12720.932312
12721.516855
12722.306703
12723.072635
12723.823199
12724.468945
12725.485637
12726.399745
12727.656000
12728.213533
12729.072393
