34215.012084
34215.761260
34216.145402
34217.061950
34217.637379
34218.747458
34219.749542
34220.398345
34220.849863
34221.910077
34222.218679
34222.945469
34224.073968
34224.711275
34225.106210
34225.721614
34226.835760
34227.444430
34227.778259
34228.873250
34229.907510
34230.945227
34231.310077
34231.808039
34232.718793
34232.969591
34233.872109
34234.810281
34235.396131
34235.946940
34237.138813
34237.725948
34238.521790
34239.334782
34239.984518
34240.459159
34241.536387
34242.151454
34242.949281
34243.598156
34244.037338
34244.612772
34245.304707
34246.644458
34247.538671
34248.125082
34248.714538
34249.452434
34250.398568
34250.724256
34251.426138
34251.946899
34253.170627
34253.779095
34254.434945
34255.005277
34256.042065
34256.733069
34257.367332
34258.443734
34259.205106
34259.713650
34260.148337
34261.103374
34261.640138
34262.236637
34263.143274
34263.757277
34264.688458
34265.997369
34266.460409
34267.094467
34267.364043
34268.151387
34269.409281
34269.656572
34270.710071
34271.374162
34271.595007
34272.603927
34273.381250
34274.236952
34275.011187
34276.046671
34276.503214
34277.360389
34277.881074
34278.584847
34279.184123
34279.929592
34280.193097
34281.809656
34282.157396
34283.184752
34283.640958
34284.537594
34285.298286
34286.054466
34286.541604
34287.339737
