65823.306573
65823.833817
65824.627453
65825.382517
65825.969603
65826.348269
65826.907695
65828.022573
65829.099547
65829.749982
65830.477950
65830.556262
65831.405050
65832.003357
65832.975316
65833.116474
65834.128459
65835.068102
65835.203215
65836.062901
65836.716856
65837.720501
65838.281945
65839.053170
65839.460016
65840.474667
65841.325753
65841.542689
65842.508965
65842.787831
65843.045718
65844.301480
65844.705438
65845.812683
65846.628922
65846.984948
65847.949341
65848.620371
65849.229296
65849.618790
65850.180698
65851.260584
65851.812605
65852.476786
65853.079564
65853.685703
65854.438942
65854.900410
65855.763937
65856.950220
65857.578460
65857.962736
65858.757526
65859.224765
65859.866105
65860.414685
65861.427764
65861.740063
65862.362352
65863.069464
65864.429546
65864.942324
65865.240532
65866.243161
65866.644978
65867.265035
65868.391553
65868.878092
65869.360238
65870.253004
65870.656216
65871.118687
65872.178748
65872.432371
65873.509593
65874.620969
65874.961551
65875.691348
65876.419069
65877.161588
65877.510617
65877.997351
65878.656790
65879.497946
65880.549419
65880.955461
65881.563045
65882.011370
65883.226398
65883.880442
65884.369693
65885.142480
65885.851111
65886.543932
65887.064300
65887.906401
65888.531113
65888.722146
65889.464560
65890.233940
