6093.283426
6094.550261
6095.331193
6095.911728
6097.096728
6098.071498
6098.786888
6099.667065
6100.713939
6101.542636
6103.111062
6103.890836
6104.369986
6105.080112
6106.427937
6106.698870
6107.888398
6108.683780
6110.531011
6110.830996
6111.844532
6112.464435
6113.552617
6114.761891
6115.274791
6116.167495
6117.090753
6117.552359
6119.215997
6120.281534
6120.933301
6122.094398
6122.857424
6123.356607
6124.138883
6125.172619
6126.568586
6127.130221
6128.046863
6129.268751
6130.291606
6130.686768
6132.121687
6132.762353
6133.489892
6134.455051
6135.143074
6135.892613
6137.781389
6138.445601
6139.589346
6139.813239
6140.675863
6141.872358
6142.911451
6143.356666
6144.405867
6145.505364
6146.604329
6147.070023
6148.593113
6149.398925
6150.275374
6150.879887
6151.572502
6152.585599
6153.326365
6154.805638
6155.704809
6156.737464
6157.381128
6158.397686
6159.096947
6159.829468
6161.429368
6161.827253
6162.415562
6163.378477
6164.773220
6166.200513
6166.483048
6167.464531
6168.379809
6169.394736
6169.538152
6170.820008
6171.920474
6172.839930
6174.235069
6174.747542
6175.309013
6176.744162
6177.630404
6178.410285
6179.094486
6179.764681
6181.012825
6181.678420
6183.062480
6184.336316
