35381.400241
35382.225188
35383.101738
35383.559843
35383.953425
35384.921810
35385.973173
35386.455101
35387.087878
35387.949579
35388.171939
35389.448255
35390.534193
35391.134932
35391.519054
35392.422447
35393.214538
35393.711008
35394.258075
35394.933006
35395.963130
35396.240447
35397.555481
35398.395199
35399.045258
35399.686839
35400.276879
35400.853603
35401.868807
35402.702262
35403.348093
35403.988826
35404.110360
35405.357150
35405.988320
35406.748510
35407.540660
35408.729273
35409.324122
35409.924358
35410.616066
35411.130555
35411.611589
35412.579410
35413.295180
35414.073951
35414.910521
35415.467083
35416.317477
35417.286845
35417.774630
35418.479501
35419.618103
35419.867544
35420.534667
35421.686967
35422.250914
35422.409776
35423.274546
35423.826355
35425.474212
35426.081962
35426.621097
35427.347355
35428.030643
35428.521803
35429.698863
35429.802769
35430.754061
35431.516159
35432.400075
35432.971127
35433.453429
35434.760571
35435.244357
35435.791771
35437.248369
35437.463648
35438.394575
35438.732825
35439.346093
35440.151772
35440.767076
35441.748069
35442.361863
35443.263591
35444.236292
35445.027433
35445.561680
35446.055399
35446.546294
35447.697675
35448.413672
35449.259600
35449.559525
35450.286881
35451.075082
35451.669662
35452.733670
35453.787109
