56862.300978
56863.149258
56863.904914
56864.350719
56865.312180
56866.010591
56866.893951
56867.338012
56867.636017
56868.976511
56869.054434
56869.887618
56870.189666
56871.353551
56872.003668
56873.001023
56873.880692
56874.316551
56874.937778
56875.512861
56875.984898
56876.739171
56877.635635
56878.482984
56878.923450
56879.500003
56879.995556
56881.012600
56882.027806
56882.501649
56882.947526
56884.082818
56884.734905
56885.389796
56885.772693
56886.553407
56887.026905
56887.574778
56888.441831
56889.258376
56890.080815
56891.064618
56891.607608
56891.862394
56892.973303
56893.561599
56893.920798
56895.016761
56895.652112
56895.871229
56896.973830
56897.655018
56898.085740
56898.645713
56899.390559
56900.883536
56901.390220
56901.777201
56902.656533
56902.963429
56903.828801
56904.359749
56904.997638
56905.816449
56906.357739
56907.120830
56907.999731
56908.923632
56909.220318
56910.196383
56910.793226
56911.237388
56912.054154
56913.135480
56913.587111
56914.243989
56914.384198
56915.299821
56915.945117
56916.732520
56917.853630
56918.363370
56919.257362
56919.706988
56920.731734
56921.129397
56921.467084
56922.165483
56922.992342
56923.824635
56924.579121
56925.170577
56925.525194
56926.691019
56927.226263
56927.912728
56928.809800
56929.615459
56930.167350
56930.633379
