44495.771267
44496.367707
44496.890759
44497.746881
44498.920740
44499.239399
44499.696396
44500.817865
44501.804496
44502.184963
44503.102447
44503.549403
44503.919467
44504.754361
44505.651923
44506.007985
44506.901162
44507.940500
44508.746146
44509.403366
44510.109166
44510.534818
44511.497593
44511.781315
44512.651603
44513.502084
44514.395070
44514.822019
44515.297047
44515.933202
44516.842060
44518.047863
44518.623387
44519.355142
44519.784349
44520.774056
44521.294935
44521.846753
44522.728874
44522.913651
44523.706699
44525.052883
44525.486021
44526.174616
44527.336263
44527.604403
44528.246198
44528.958251
44530.052768
44530.541020
44531.209525
44531.774393
44532.349419
44533.420809
44533.562554
44534.551932
44535.465457
44536.267150
44537.404593
44537.892895
44538.113218
44538.965784
44539.290635
44540.380563
44541.118640
44541.634947
44542.506270
44543.110885
44543.770496
44545.001718
44545.243423
44546.154281
44546.748476
44547.757023
44548.193574
44548.989089
44549.607365
44550.253692
44550.764919
44551.229320
44552.189119
44553.541090
44554.130014
44554.744634
44555.126161
44556.116170
44556.897572
44557.315206
44557.801873
44558.800931
44559.594641
44560.092628
44560.982768
44561.470266
44562.090215
44563.184717
44563.836912
44564.905431
44565.411103
44565.781967
