56793.500867
56794.088300
56794.902138
56795.552206
56795.999361
56796.615561
56797.443436
56798.469622
56798.613964
56799.886036
56800.638666
56801.230837
56801.492047
56802.247191
56803.449048
56803.933065
56804.613017
56805.127624
56805.645447
56806.306489
56807.190425
56807.719099
56808.459245
56809.572503
56810.175833
56811.173781
56811.598741
56811.860141
56812.754721
56813.311557
56813.906818
56814.920157
56815.425895
56816.208637
56816.944987
56817.300328
56818.403521
56818.960116
56819.927892
56820.572488
56820.953139
56821.795476
56822.741220
56822.930812
56823.767273
56824.264774
56825.009765
56825.219570
56827.050883
56827.543192
56827.949189
56828.677015
56829.516221
56829.976635
56830.628488
56831.360022
56832.005871
56832.954583
56833.300560
56833.930530
56834.806390
56835.451403
56836.036109
56837.021866
56837.796473
56838.431984
56839.406257
56839.745510
56840.438310
56840.646753
56841.420056
56842.513701
56842.915921
56843.687128
56844.397794
56845.311400
56846.175665
56846.833989
56847.168471
56847.787822
56848.620791
56849.412330
56850.191575
56850.769237
56851.205740
56852.020020
56852.367150
56853.251563
56854.041252
56855.394175
56855.621820
56856.437925
56857.009894
56857.420372
56858.571447
56858.855405
56859.476992
56859.978988
56860.969580
56861.956896
