43289.018319
43289.577493
43290.462571
43291.218982
43291.542035
43292.395629
43293.152944
43294.046236
43294.924235
43295.818309
43296.316292
43296.810594
43297.608429
43298.036520
43298.836851
43299.275842
43300.587936
43301.059923
43301.576843
43302.554130
43303.642768
43304.092459
43304.554324
43305.265833
43306.070647
43307.048550
43307.657138
43308.119046
43308.859335
43309.150218
43310.093674
43310.919769
43312.033728
43312.842057
43313.281647
43313.979701
43314.890768
43315.124337
43315.839335
43316.774995
43317.328849
43317.881582
43318.964613
43319.566835
43320.316313
43321.086777
43321.441503
43322.704573
43323.339809
43324.100928
43324.582147
43325.230800
43325.793547
43326.606927
43327.330239
43327.914261
43328.292000
43330.142303
43330.318169
43331.097143
43331.860480
43332.421440
43333.091673
43333.420905
43334.653720
43335.335017
43335.869669
43336.628185
43337.064551
43337.751390
43338.987330
43339.489264
43340.593948
43340.834440
43341.707045
43342.756158
43343.116219
43343.526398
43344.105925
43344.924216
43345.667466
43346.905050
43347.098014
43348.284517
43348.765650
43349.608004
43350.138634
43350.820803
43351.652521
43352.416500
43352.878681
43353.715608
43354.390218
43354.842646
43355.721769
43356.214784
43357.333174
43358.393314
43359.261220
43359.503521
