57550.923602
57552.722736
57553.315229
57554.012342
57554.526111
57554.943190
57555.806858
57556.418948
57557.086059
57557.631345
57558.455123
57559.111864
57559.779294
57560.688932
57561.278193
57561.952071
57562.829734
57563.287870
57564.060002
57565.149405
57565.440857
57566.118714
57566.700514
57567.217375
57567.747472
57568.790687
57569.442951
57570.418318
57570.892617
57572.112762
57572.420753
57572.944317
57573.709567
57574.318189
57574.627555
57575.932772
57576.658642
57576.992808
57577.477315
57578.364748
57579.048498
57580.032981
57580.514386
57581.669235
57582.122235
57582.745211
57583.132015
57584.129492
57584.645394
57585.301383
57585.595447
57586.590638
57587.312075
57588.369741
57589.303731
57589.538488
57590.077741
57590.750924
57591.722724
57592.427643
57593.057792
57593.416767
57594.432481
57594.941756
57595.420412
57596.439452
57596.671221
57597.822779
57598.772646
57599.395906
57600.089077
57600.632617
57601.266609
57601.849080
57602.270006
57603.097385
57603.904981
57604.759968
57605.339172
57605.821948
57606.717130
57607.703412
57608.371827
57608.675530
57609.365314
57610.325998
57610.996902
57611.861760
57612.054827
57612.680154
57613.354598
57613.995102
57614.755239
57616.154620
57616.580734
57617.107318
57617.900517
57618.637691
57619.153932
57619.410137
