50126.962676
50127.629295
50128.404090
50129.601638
50130.114557
50130.571384
50131.461687
50131.941126
50132.805773
50133.153997
50133.578643
50134.730474
50135.455715
50136.198653
50136.895470
50137.571032
50138.264369
50138.940299
50140.088096
50140.367430
50140.930026
50141.797083
50142.603342
50143.103141
50143.797397
50144.079677
50144.995050
50145.791020
50147.122364
50147.588570
50148.381943
50148.598130
50149.576135
50150.098278
50150.510096
50151.653506
50152.235530
50152.938698
50153.435379
50154.133689
50155.053177
50155.995667
50156.560062
50156.811091
50158.174578
50158.822039
50159.475454
50159.806306
50160.629867
50160.906940
50161.853908
50162.587607
50163.264450
50164.310223
50165.040257
50165.589389
50166.622305
50166.903461
50167.456799
50168.275176
50169.081403
50169.804214
50170.191830
50171.336889
50171.788909
50172.167749
50172.799743
50174.131196
50174.922099
50175.616171
50176.206096
50176.683621
50177.343823
50178.219891
50178.737219
50179.290934
50179.984973
50180.583964
50181.917286
50182.381955
50183.040092
50183.866688
50184.528069
50184.926257
50185.881540
50186.663262
50187.527123
50187.693706
50188.567012
50189.029323
50189.771614
50190.513893
50191.361817
50192.329162
50192.909308
50193.820946
50194.614385
50194.784774
50195.516597
50196.087135
