42363.808224
42364.211055
42365.240868
42365.445833
42366.104224
42367.301690
42367.624615
42368.751042
42369.530471
42370.448664
42371.006142
42371.500754
42372.246174
42372.412708
42373.768236
42374.612235
42374.964671
42375.497961
42376.564561
42376.746847
42377.958383
42378.803610
42379.419803
42380.387489
42380.799633
42381.626740
42382.212379
42382.754836
42383.515539
42384.079423
42384.682585
42385.605933
42386.970941
42387.334496
42387.762233
42388.573574
42389.544221
42389.931199
42390.817562
42391.677758
42391.940212
42392.796960
42393.627203
42394.102911
42394.957355
42395.170199
42396.812646
42397.504251
42397.935440
42398.954611
42399.239222
42399.922371
42400.583577
42401.104683
42402.187486
42402.799887
42403.610367
42403.950690
42405.072768
42406.086215
42406.360912
42407.175606
42407.746401
42408.638858
42409.714913
42409.987234
42410.504870
42411.319397
42411.585307
42412.634228
42413.518693
42414.518343
42415.111725
42416.032394
42416.431560
42417.129378
42417.698669
42418.596681
42419.097835
42419.698669
42420.990418
42421.171913
42421.858403
42422.955619
42423.363843
42424.071494
42425.374862
42425.952151
42426.545618
42426.999040
42427.583272
42428.655453
42429.054665
42429.765610
42430.145072
42431.386275
42432.169430
42433.163695
42433.857378
42434.024000
