37484.421533
37485.151572
37485.809539
37486.426933
37487.146326
37487.722153
37488.134364
37489.167568
37489.847877
37490.629906
37491.676711
37492.132629
37493.105051
37493.277291
37494.546291
37495.284831
37495.888196
37496.235365
37497.428284
37497.768647
37498.495275
37499.269495
37499.676919
37500.598593
37502.323064
37502.534986
37502.838056
37503.909898
37504.349208
37505.073622
37505.728780
37506.494893
37507.425501
37508.102542
37508.405929
37509.384782
37510.345720
37511.180619
37511.516393
37512.496083
37513.295774
37514.005335
37514.741205
37515.308677
37515.673558
37516.192070
37517.399140
37518.016636
37519.155776
37519.670193
37520.462321
37521.395716
37521.869889
37522.249666
37523.153313
37524.031824
37524.601397
37525.370830
37526.161628
37526.641722
37527.275961
37528.161498
37529.097404
37530.170208
37530.633710
37531.447573
37531.866453
37532.283486
37533.448538
37534.029763
37534.497126
37535.151378
37536.179267
37537.365259
37537.672395
37538.591473
37539.118381
37539.718028
37540.557387
37541.666131
37542.065794
37542.522159
37543.504886
37543.931563
37544.697897
37545.232002
37546.569444
37547.346900
37547.831601
37548.777313
37549.553780
37549.904847
37550.563833
37551.181577
37551.754887
37553.146673
37553.515327
37554.162525
37554.837411
37555.828575
