46122.877587
46123.213658
46124.040011
46124.217739
46125.540785
46126.314247
46126.823035
46127.367999
46127.932848
46128.684832
46129.348351
46130.199771
46131.090881
46132.054083
46132.548804
46133.338569
46133.933975
46134.497249
46135.150346
46135.719034
46136.454798
46137.164816
46138.298041
46138.586111
46139.612335
46140.125216
46140.717628
46142.045977
46142.363729
46142.901092
46143.897810
46144.351174
46145.204144
46145.630854
46146.480311
46147.003294
46147.314244
46149.018925
46149.728475
46150.202804
46150.835009
46151.640485
46152.022849
46152.877328
46153.297920
46154.495100
46155.022306
46155.589198
46156.017011
46157.253528
46157.714368
46158.752441
46159.091521
46160.135982
46160.762049
46161.772971
46162.201220
46162.618744
46162.979669
46164.122040
46164.557655
46165.576634
46166.287284
46167.031677
46168.175241
46168.385955
46169.263802
46169.700911
46170.509216
46171.208134
46171.927428
46172.729290
46173.328739
46173.920940
46174.623399
46175.039798
46176.152758
46177.242323
46177.931698
46178.498312
46179.103074
46179.383910
46180.598867
46181.194008
46181.449419
46182.256697
46182.996163
46184.225506
46184.527394
46185.568041
46186.122519
46186.854375
46187.197053
46188.538045
46188.933992
46189.619899
46190.251450
46191.083509
46191.360633
46192.130234
