18205.366171
18206.155633
18206.627822
18207.041827
18208.036404
18208.892648
18209.627084
18210.265169
18211.737450
18212.555568
18212.886975
18213.931009
18214.358300
18215.106195
18216.313307
18216.840467
18217.796767
18218.141363
18219.040646
18219.703650
18221.043442
18222.008526
18222.567056
18223.141200
18224.210669
18224.760199
18225.497826
18226.038093
18226.614866
18228.228107
18228.602724
18229.598589
18230.384558
18231.130489
18231.801334
18232.963375
18233.311388
18234.411356
18234.846608
18235.797010
18236.287974
18237.044073
18238.059916
18239.090348
18240.106832
18241.020186
18241.389359
18241.835940
18242.625628
18243.729902
18244.331826
18245.290243
18245.993518
18246.403932
18248.028778
18248.556807
18248.899121
18250.195346
18250.941922
18251.840881
18252.286277
18252.940998
18253.926814
18254.161674
18255.179365
18256.598116
18257.376635
18257.912942
18258.823855
18259.386093
18260.350858
18260.910466
18261.589309
18262.581548
18263.463494
18264.068674
18264.771561
18265.396158
18266.725845
18267.782827
18268.262974
18268.847873
18269.949437
18270.265233
18271.025838
18271.877481
18272.613965
18273.418699
18274.566104
18275.474808
18276.165103
18276.771740
18277.622167
18278.007809
18279.530737
18280.103619
18280.588318
18281.076936
18282.037044
18282.997391
