31057.295006
31057.877618
31058.106642
31059.230844
31059.819089
31060.400012
31061.485025
31062.063071
31062.715759
31063.272327
31064.329802
31064.890185
31065.833076
31066.719120
31067.402680
31068.060060
31069.192985
31069.363755
31070.095913
31070.747144
31071.071466
31072.670754
31072.969767
31073.925304
31074.984221
31075.297924
31076.381734
31076.925842
31077.477781
31078.122765
31079.339477
31079.876995
31080.389985
31081.124703
31081.800673
31082.413389
31083.633286
31084.492866
31085.545673
31085.743951
31086.374828
31087.177463
31087.764381
31088.781198
31089.089326
31089.974518
31090.734773
31091.719347
31092.611121
31093.266476
31093.664539
31094.477755
31095.588123
31096.336547
31096.900961
31097.256800
31098.188803
31099.066715
31099.250492
31100.204937
31101.411795
31102.288079
31102.736432
31104.005305
31104.082320
31104.797531
31105.621964
31106.086280
31107.102110
31107.932939
31108.774679
31109.207840
31109.571903
31111.156823
31111.686231
31112.348133
31113.285181
31113.753258
31114.720525
31115.415395
31115.700914
31116.585033
31117.103697
31117.875894
31119.258061
31119.859172
31120.606530
31121.562174
31121.648476
31122.570985
31123.327338
31124.481317
31124.620088
31125.633235
31126.037970
31126.974539
31127.808326
31128.421493
31129.127071
31130.570540
