73447.288175
73448.091140
73448.485370
73449.082282
73450.042070
73450.422227
73451.013919
73452.288424
73453.073533
73453.648538
73453.952320
73454.930426
73455.509651
73455.809868
73456.349737
73457.327072
73458.192638
73458.845766
73459.174144
73459.842341
73460.738244
73461.672756
73462.062181
73462.949612
73463.539717
73463.957274
73465.054788
73465.676192
73466.011374
73466.525104
73467.230165
73467.671144
73468.775913
73469.472193
73470.647345
73470.817238
73471.646509
73472.207426
73472.709092
73473.642986
73473.911073
73474.971925
73475.507803
73475.960085
73476.767298
73477.510760
73478.093061
73478.652945
73479.650154
73480.075423
73481.418738
73481.884068
73482.233901
73482.751527
73483.384152
73484.141248
73484.845254
73485.382615
73485.919832
73486.959093
73487.535725
73488.514055
73489.160683
73489.584001
73490.419684
73490.717868
73491.527490
73492.526438
73493.016541
73493.486831
73494.364618
73494.883893
73495.260266
73495.758926
73497.441327
73497.670523
73498.539747
73499.009094
73499.951501
73500.296803
73501.114383
73501.575894
73502.170432
73502.552285
73503.746137
73504.368964
73504.964637
73505.904277
73506.035311
73507.315780
73507.699021
73508.339744
73509.232924
73509.844214
73510.591955
73510.907215
73511.606683
73512.271902
73512.942148
73513.504731
