65008.030259
65008.907775
65009.248779
65010.403087
65010.635320
65011.587579
65012.532605
65013.029052
65013.875405
65014.364310
65015.062925
65015.634171
65016.403252
65017.362463
65017.610797
65018.616926
65018.997724
65019.351485
65019.914151
65021.493944
65021.773521
65023.024653
65023.175811
65023.907377
65024.668828
65025.310899
65025.932443
65026.300620
65026.951354
65027.950311
65028.729206
65029.304607
65029.693047
65030.859648
65031.311089
65032.098094
65032.599332
65033.809659
65034.238372
65034.788046
65035.197381
65036.064481
65036.718077
65037.188868
65037.894745
65038.686234
65039.408599
65040.581833
65041.356400
65041.613276
65042.080213
65042.815652
65043.348471
65044.387454
65044.979487
65045.659205
65046.100672
65046.863227
65047.478666
65048.187239
65049.180575
65049.608170
65050.731261
65051.133420
65051.815991
65052.639908
65053.150706
65053.558604
65054.472482
65054.649706
65055.508309
65056.481961
65057.509266
65057.864811
65058.521638
65059.271699
65059.995215
65060.770696
65061.215986
65061.687895
65062.771436
65063.355024
65063.852736
65064.643329
65065.021106
65065.848379
65066.281120
65067.793173
65068.406267
65068.733603
65069.603957
65070.244443
65070.747009
65071.086460
65072.009371
65072.775717
65073.479196
65073.945242
65074.649974
65075.593100
