51802.114848
51803.047226
51803.664054
51803.931236
51805.541663
51806.305510
51806.818417
51807.282643
51807.984270
51808.737812
51809.057727
51810.168442
51810.680316
51811.528327
51812.082162
51812.825880
51813.094762
51814.443566
51815.049981
51815.727809
51816.386832
51817.230529
51817.999190
51818.466454
51819.154194
51819.756905
51819.994551
51820.899429
51821.961867
51822.712400
51823.543550
51823.841368
51825.167891
51825.438341
51825.990659
51826.661409
51827.667994
51828.126867
51828.854440
51829.605543
51830.143966
51830.976780
51831.173165
51832.289038
51833.268420
51834.027305
51834.883003
51835.368864
51835.728588
51836.227787
51837.362066
51837.793889
51838.586297
51838.995872
51839.970937
51840.681874
51841.793971
51842.262158
51842.631742
51843.701298
51843.982201
51845.252329
51845.758431
51846.250977
51846.976781
51847.533606
51848.152852
51848.830775
51849.492270
51850.829915
51851.338456
51852.032886
51852.741925
51853.365747
51854.176585
51854.505741
51855.125336
51855.674381
51857.167638
51857.465375
51857.790204
51858.813629
51859.417116
51860.228179
51861.194963
51861.893375
51862.246124
51863.146516
51863.882010
51864.417724
51865.027119
51865.589582
51866.175310
51867.041956
51867.698657
51868.864732
51869.758136
51870.235907
51870.494643
51871.340228
