35235.770277
35236.749783
35237.560166
35238.384696
35238.947801
35239.189872
35239.844305
35240.773518
35241.609738
35242.389254
35242.948554
35244.177116
35244.558242
35245.467235
35246.104396
35246.894714
35247.273260
35248.461393
35249.142376
35249.375730
35250.438657
35251.057642
35251.481882
35252.129898
35253.923192
35254.227176
35255.062698
35255.643690
35255.917520
35257.196296
35257.622699
35258.124237
35259.057334
35259.733440
35260.499157
35261.543240
35261.917397
35262.940748
35263.383236
35264.356634
35265.182250
35265.882408
35266.477014
35267.148262
35267.705940
35268.351885
35268.968698
35269.970423
35270.961960
35271.467717
35272.647624
35273.224715
35273.866786
35274.187144
35275.144822
35275.543903
35276.794156
35277.445519
35278.202497
35278.290931
35279.219736
35280.478853
35281.009276
35281.756755
35282.760987
35283.457534
35283.722106
35284.711553
35285.278046
35285.942618
35286.447587
35287.215388
35288.228592
35289.312152
35289.859721
35290.663122
35291.094025
35291.687999
35292.832258
35293.594704
35293.935727
35294.638576
35295.617848
35296.054139
35296.914200
35297.421591
35298.236853
35299.694039
35300.045148
35300.963619
35301.331550
35302.172246
35302.674675
35303.190123
35304.249088
35304.852118
35305.704292
35306.427310
35307.065855
35308.032642
