70691.540845
70692.078225
70692.335965
70693.211873
70694.002979
70694.447202
70695.433824
70696.140887
70697.065701
70697.752525
70698.233453
70698.872415
70699.425257
70699.716911
70700.832665
70701.856513
70702.097824
70702.738705
70703.092082
70704.182670
70704.656115
70705.726944
70706.141658
70707.316500
70707.684672
70708.132303
70709.237746
70709.423898
70710.314418
70710.537694
70711.311521
70712.238568
70712.588360
70713.930505
70714.682157
70714.879721
70715.502297
70716.356583
70717.130583
70717.664616
70718.483958
70718.864549
70719.623041
70720.380513
70720.946167
70721.477226
70722.148284
70722.740828
70723.917475
70724.907620
70725.169181
70725.996721
70726.241623
70727.279817
70727.549094
70728.123635
70729.005555
70729.860787
70730.351094
70731.005601
70731.684331
70732.515375
70733.513160
70734.003108
70734.190876
70735.104166
70736.190703
70736.659126
70737.176459
70737.921600
70738.258857
70738.915572
70739.433419
70740.681097
70741.219225
70742.261425
70742.599175
70743.510189
70744.046220
70744.695643
70744.893349
70746.100167
70746.454948
70747.107769
70748.044976
70748.555557
70749.333611
70749.770784
70750.536671
70751.419244
70752.061427
70753.096869
70753.565596
70754.187491
70754.395392
70755.233558
70756.296543
70756.453239
70757.099676
70757.679353
