65280.175073
65280.736297
65281.289662
65281.629632
65282.817390
65283.324346
65283.818985
65284.826123
65285.922439
65286.380715
65286.976724
65287.741152
65288.100245
65288.579330
65289.371543
65290.180068
65290.912420
65291.603762
65292.039780
65292.921096
65293.868029
65294.180860
65295.033604
65295.951556
65296.448938
65296.869014
65297.881820
65298.490451
65299.147635
65299.492328
65300.081944
65300.815610
65301.447139
65303.082419
65303.448068
65303.682292
65304.616020
65305.195571
65305.940885
65306.537594
65307.071665
65307.730970
65308.643514
65309.191822
65310.004401
65310.253810
65311.296966
65312.080445
65312.450543
65313.680382
65314.142289
65314.937182
65315.622730
65315.878576
65316.512805
65317.156892
65318.066918
65318.473030
65319.426047
65320.058781
65320.817317
65322.029896
65322.295462
65322.811353
65323.468562
65323.849018
65325.277106
65325.529086
65326.200473
65326.949656
65327.391261
65328.082221
65328.559301
65329.722671
65330.443193
65331.243570
65331.928774
65332.429518
65333.223001
65333.499372
65334.519189
65334.883164
65335.599499
65335.954413
65337.200342
65337.957722
65338.474216
65339.127626
65339.853701
65340.495744
65341.377207
65341.885589
65342.789606
65343.194978
65343.736447
65344.593676
65345.311776
65345.730759
65346.106699
65347.135591
