60231.172703
60231.461920
60232.318162
60232.935077
60233.400512
60234.111998
60235.480428
60236.118717
60236.778203
60237.279965
60237.769621
60238.574956
60239.419642
60239.858280
60240.420069
60241.284114
60241.959005
60242.652718
60243.306441
60243.959514
60244.621305
60245.340091
60246.617114
60246.958416
60247.697538
60248.050206
60248.855327
60249.588921
60250.013574
60250.502790
60251.562675
60252.163162
60252.903572
60253.834001
60254.667507
60255.122727
60255.764202
60256.357541
60256.844131
60257.846398
60258.523585
60259.439354
60259.701989
60260.324751
60260.563331
60261.916272
60262.589469
60263.343512
60264.176292
60264.834602
60265.394019
60266.135297
60266.722045
60267.170332
60267.790391
60268.470144
60269.478409
60269.908908
60270.913756
60271.500639
60272.206240
60272.951449
60273.416775
60274.281817
60275.225836
60275.646247
60276.271482
60276.669970
60277.738456
60278.311454
60278.655974
60279.409422
60280.069345
60281.750768
60281.954002
60282.470505
60283.310985
60283.754822
60284.368346
60284.940368
60286.081811
60286.409361
60287.022820
60288.035405
60288.363134
60289.227993
60289.911339
60290.914025
60291.445624
60291.925367
60292.877678
60293.781147
60294.086480
60294.723377
60295.416699
60295.602797
60296.617146
60297.293254
60298.468929
60299.010532
