29054.946357
29055.437372
29056.164542
29056.665988
29057.763386
29058.130466
29059.011803
29059.553765
29060.598765
29061.451527
29062.309030
29063.020624
29063.465645
29064.235597
29065.367242
29065.884923
29066.632429
29067.313389
29067.959401
29068.519859
29069.047055
29070.338203
29071.357845
29071.741116
29072.861276
29073.524046
29073.980530
29074.764145
29075.408110
29075.760420
29077.131859
29077.855679
29078.431764
29078.862057
29079.937798
29080.948766
29081.552768
29082.171064
29083.375311
29083.735251
29084.273834
29085.255696
29085.808135
29086.374465
29087.057270
29087.963441
29089.187363
29090.052116
29090.617472
29091.153945
29091.586251
29092.719647
29093.316312
29094.305018
29094.882966
29095.159213
29096.326170
29097.129816
29097.554926
29098.538948
29099.577277
29100.290061
29101.244470
29101.460270
29102.383422
29102.823379
29103.571832
29104.211991
29105.315513
29105.882197
29106.890423
29107.769753
29108.093763
29109.360424
29109.909805
29110.170083
29111.179337
29112.191438
29112.961363
29113.251981
29113.902464
29114.674306
29115.335427
29116.871125
29117.558751
29117.935288
29118.821260
29119.519518
29120.174643
29120.815033
29121.289638
29122.553910
29122.847365
29123.842411
29124.599746
29125.674909
29126.086202
29126.686206
29127.727076
29128.661777
