63851.630603
63852.405398
63853.187934
63853.643383
63854.472788
63855.436601
63855.606817
63856.638135
63857.006584
63857.750172
63858.455642
63858.824190
63859.631647
63860.166798
63861.325879
63862.455302
63862.938679
63863.207898
63863.679757
63864.602418
63865.280554
63865.983737
63866.605232
63867.204554
63868.025196
63868.504081
63869.208710
63870.205385
63870.684020
63871.266452
63872.360113
63873.155015
63873.469549
63874.200128
63874.916700
63875.529154
63875.751712
63876.558540
63877.369611
63878.249777
63879.005476
63879.706093
63880.242156
63881.377317
63881.690566
63882.156669
63883.067917
63883.385368
63884.507704
63885.169595
63885.738217
63886.221813
63886.804618
63887.325458
63888.572884
63889.261316
63890.209079
63890.560862
63891.224344
63892.039087
63892.566003
63892.869532
63893.802265
63894.585437
63894.942737
63895.687102
63896.825827
63897.334219
63898.109878
63898.763425
63899.319580
63899.771178
63901.030837
63901.613121
63902.136886
63902.623574
63903.102005
63904.076802
63904.655091
63905.322143
63905.691769
63907.325053
63907.580554
63908.430818
63909.220064
63909.394489
63910.400522
63910.508804
63911.439929
63912.308175
63912.928004
63913.574637
63914.342517
63914.784351
63915.482657
63916.658463
63917.087251
63917.897247
63918.458609
63919.070731
