53332.916523
53333.788780
53334.099271
53334.665451
53335.132434
53336.331096
53337.070609
53337.875188
53338.857224
53339.073515
53340.180576
53340.435184
53340.996172
53341.906256
53342.473079
53342.923837
53344.104051
53344.605807
53345.320460
53346.106167
53346.812458
53347.321497
53348.231414
53349.260510
53349.601932
53350.336590
53350.683438
53351.584859
53352.420573
53352.688531
53353.510424
53353.905489
53355.340139
53356.288526
53356.637262
53357.155072
53357.994604
53358.483002
53359.091963
53359.853601
53360.835752
53361.338404
53361.837981
53362.656521
53363.161199
53364.077032
53364.899510
53365.726637
53366.307702
53366.856932
53368.008749
53368.433019
53368.961765
53369.409319
53370.010152
53370.762089
53371.880627
53372.305487
53373.316752
53374.001038
53374.569597
53375.341749
53376.186128
53376.502410
53377.031806
53378.412971
53378.637373
53379.217917
53380.044864
53380.674443
53381.252562
53381.832166
53382.995048
53384.011677
53384.607596
53385.018421
53385.755326
53386.023528
53387.153287
53387.567988
53388.258497
53389.112209
53389.496227
53390.458367
53391.501022
53391.988185
53392.636864
53393.142198
53394.019635
53394.871830
53395.608229
53396.091810
53396.625326
53397.546471
53397.791627
53398.617109
53399.126424
53400.694397
53400.775232
53401.856759
