22711.779566
22712.463493
22713.442541
22713.961049
22714.677426
22715.055232
22716.582879
22717.194725
22718.458089
22719.112551
22719.199119
22720.205922
22720.790500
22721.592265
22722.475993
22723.455660
22723.749282
22724.583699
22725.881079
22726.550260
22727.095226
22727.678890
22729.030299
22729.755286
22730.060855
22730.949434
22731.437373
22732.183126
22732.978316
22733.977143
22735.228661
22735.616319
22736.611020
22737.079807
22737.867958
22738.626727
22739.202086
22740.096765
22740.902147
22741.735911
22742.335815
22743.118406
22743.639545
22745.138627
22745.863019
22746.470730
22746.984816
22747.943983
22748.547366
22749.145659
22750.039620
22750.486578
22751.464679
22752.852262
22753.300500
22754.057677
22754.916802
22755.368544
22756.126652
22757.134394
22758.029121
22758.658595
22758.994166
22759.668229
22760.938933
22761.372651
22762.626723
22763.395500
22764.021859
22765.197067
22765.485342
22766.025928
22766.579880
22767.649576
22768.474720
22769.453451
22769.738798
22771.019556
22771.619597
22772.576550
22772.984600
22774.170781
22774.731365
22775.358972
22776.263475
22776.970096
22777.421891
22778.319982
22778.704791
22780.448645
22781.305481
22781.613490
22782.489505
22782.837818
22783.860393
22784.914043
22785.000958
22786.010726
22786.936551
22787.708986
