10811.752776
10812.322351
10812.770383
10814.174028
10815.694080
10815.907736
10816.939744
10817.807442
10818.470703
10819.116588
10819.878377
10820.836511
10821.734731
10822.645112
10823.825411
10824.183960
10825.382266
10825.899051
10827.316056
10827.868395
10828.609784
10828.906080
10830.377323
10830.806317
10831.510914
10833.013937
10834.276900
10834.507101
10835.401665
10836.156520
10836.601108
10837.977889
10838.708363
10839.353092
10840.253896
10841.103702
10841.983341
10843.277922
10843.804251
10844.659552
10845.736392
10846.237940
10847.100462
10847.850663
10848.020071
10849.731287
10850.730141
10851.581298
10852.160316
10853.115025
10854.087428
10854.471353
10855.502141
10856.546084
10857.074832
10858.072460
10858.463351
10859.733805
10860.645506
10861.913959
10862.758254
10863.006409
10863.882158
10864.618535
10865.522287
10866.308904
10867.505528
10867.724419
10869.547826
10870.126925
10870.518748
10871.396153
10872.735675
10873.322937
10874.185160
10874.735890
10875.595277
10876.141537
10877.377748
10878.564939
10879.556857
10880.059681
10880.938204
10881.683188
10882.525051
10882.984540
10883.999819
10885.275031
10885.829726
10886.493762
10887.569189
10888.552820
10889.551163
10890.291039
10890.816266
10892.095604
10892.315781
10893.347509
10893.933687
10894.780987
