58102.390638
58103.005308
58103.741445
58104.159922
58105.081147
58105.942899
58106.336183
58107.334304
58108.262214
58108.878991
58109.052644
58109.702994
58110.432066
58111.392650
58111.827462
58112.157041
58113.397913
58114.015294
58115.157910
58115.758109
58116.190492
58116.553578
58117.389199
58118.142375
58119.032664
58119.679686
58120.048322
58120.827162
58121.585498
58121.916149
58122.828627
58123.852431
58124.624027
58125.199310
58125.810458
58126.766181
58127.028209
58127.830300
58128.445159
58128.820290
58129.437216
58130.801774
58131.164053
58132.019599
58132.664401
58133.289712
58134.106381
58134.835367
58135.520297
58135.886479
58136.792398
58137.694560
58138.088182
58138.465653
58139.548842
58139.800307
58140.537781
58141.763877
58142.572486
58143.350295
58143.716753
58144.273569
58145.066443
58145.456090
58146.217940
58147.050635
58148.029378
58148.203812
58148.690222
58149.957513
58150.705476
58151.366865
58151.570486
58152.692576
58153.447319
58154.183518
58154.781037
58155.363479
58155.758235
58156.506245
58157.045378
58158.122478
58158.382417
58159.841269
58160.307519
58160.940499
58161.676221
58162.197211
58162.970603
58163.510017
58164.078063
58164.866481
58165.777167
58166.326162
58167.075642
58167.329182
58168.085562
58169.207740
58170.032382
58170.760695
