19539.064317
19539.718089
19540.515849
19541.113602
19541.643479
19542.898519
19543.863421
19544.889633
19545.415094
19546.179715
19546.505870
19547.560032
19548.605824
19549.299610
19549.715342
19550.461129
19551.497445
19552.110626
19553.000490
19553.997968
19554.805316
19555.954794
19556.409781
19556.723411
19557.490824
19558.536635
19559.008310
19559.925073
19561.055295
19561.575460
19562.639162
19563.272864
19564.318483
19564.594640
19565.651556
19566.345367
19567.325618
19567.785188
19568.760613
19569.133939
19569.589749
19571.431485
19572.189654
19572.810011
19573.326442
19574.322308
19575.015799
19575.488662
19576.373770
19577.096322
19578.122576
19578.724952
19579.595874
19580.599432
19581.152712
19581.908100
19583.060707
19583.751573
19584.433436
19585.082152
19585.636657
19586.259398
19587.494883
19587.926586
19588.931552
19590.293865
19590.807856
19591.505885
19592.023502
19592.787796
19593.472016
19594.668039
19595.356121
19595.800888
19596.666127
19597.276235
19598.759683
19598.845533
19600.501769
19600.960293
19601.246034
19602.491317
19603.174932
19603.597926
19604.254402
19605.047758
19606.196305
19607.345348
19607.877890
19608.474490
19609.343518
19610.190355
19610.920628
19611.760473
19612.242190
19613.364529
19613.822398
19614.645527
19615.125403
19616.305076
