3234.306591
3235.154617
3237.087579
3237.998236
3239.090434
3239.767314
3240.605747
3241.595312
3242.568307
3243.501652
3244.884157
3246.040157
3246.841676
3247.570503
3249.308085
3249.906446
3250.613324
3251.510637
3252.723990
3253.369017
3255.142076
3256.346612
3256.941943
3257.831340
3258.706714
3259.539730
3261.192124
3261.535312
3262.718968
3263.784940
3265.198771
3266.153786
3266.803954
3268.188517
3268.909408
3269.516785
3270.310803
3272.019397
3273.363032
3274.059953
3274.863567
3276.124154
3276.694554
3278.059478
3278.986193
3279.489509
3280.976418
3281.706690
3283.239124
3284.499863
3285.202828
3285.682259
3286.718540
3287.773091
3288.936972
3289.724306
3291.385725
3292.222642
3292.856716
3293.975869
3295.266663
3296.021754
3296.873142
3297.836842
3298.357878
3300.450576
3301.413776
3302.017097
3303.317261
3303.813719
3305.076177
3305.472088
3307.221711
3308.045402
3308.832877
3310.235706
3311.155306
3312.349459
3313.199876
3313.842662
3315.015013
3315.619742
3316.752453
3318.387470
3319.412648
3320.476699
3320.887941
3321.663572
3323.490923
3323.875124
3324.925684
3325.691627
3327.338441
3327.988269
3329.465583
3330.290400
3331.299404
3331.892288
3332.700898
3333.781382
