34361.174507
34361.544976
34362.504465
34363.367245
34364.060160
34364.476703
34365.582297
34366.266919
34367.250843
34367.813765
34368.575757
34369.133912
34369.856745
34370.142275
34371.297099
34371.735917
34372.639018
34373.792041
34374.260010
34375.365480
34375.782306
34376.564616
34377.058726
34377.444537
34379.017707
34379.499977
34379.919096
34380.554034
34381.282652
34382.120560
34383.031650
34384.043823
34384.636006
34385.239932
34386.282298
34386.652245
34387.258870
34387.946687
34388.628918
34389.330675
34390.164882
34391.125867
34392.046254
34392.526813
34393.295612
34393.758293
34394.905099
34395.659748
34396.048376
34396.859114
34397.533948
34398.213091
34399.008920
34399.587658
34400.019113
34401.648285
34402.235440
34403.102418
34403.649748
34403.885958
34404.918245
34405.487549
34406.268814
34406.869323
34408.059362
34408.533721
34408.781624
34410.294968
34410.827585
34411.563141
34412.118402
34413.097716
34413.821039
34414.523138
34415.289292
34415.596494
34416.243389
34416.810748
34418.087595
34418.986823
34419.579180
34420.393056
34421.327685
34421.654339
34422.290871
34423.137194
34423.792262
34424.482916
34425.536757
34425.903242
34426.632408
34427.392870
34428.193903
34428.942769
34430.066052
34430.770211
34431.482991
34431.730151
34432.456646
34433.341993
