24239.881615
24240.584801
24241.149694
24241.831927
24242.266761
24243.171216
24244.360620
24244.910170
24245.258691
24246.503124
24246.638171
24247.626837
24248.639736
24249.745957
24250.290905
24250.994156
24251.971586
24252.295047
24253.328180
24253.592017
24254.396544
24255.180721
24256.436512
24257.104803
24257.837977
24258.307686
24259.704297
24259.955498
24260.753905
24261.678841
24262.418369
24262.903551
24263.896850
24264.371055
24265.004609
24265.787128
24267.329475
24267.844833
24268.621557
24269.416601
24269.999306
24270.260866
24271.313557
24272.266397
24272.902426
24273.764356
24274.028838
24275.386411
24276.301820
24276.668814
24277.446136
24278.458624
24279.303559
24280.149844
24280.414631
24281.042049
24281.892680
24282.546074
24283.415719
24284.525908
24285.388980
24286.148142
24286.819466
24287.271109
24288.357607
24288.817689
24289.505712
24290.380165
24291.508987
24291.876426
24292.317470
24293.525042
24293.993860
24295.714690
24295.819123
24296.872813
24297.029291
24298.162160
24298.820126
24299.615660
24299.752362
24300.910112
24301.963454
24302.660048
24303.799222
24304.286198
24304.783768
24305.566501
24306.563445
24307.218559
24308.162570
24308.837017
24308.980572
24309.993009
24310.794956
24311.874828
24312.515484
24313.547623
24314.366047
24315.061594
