25529.050572
25529.306175
25530.629308
25530.934793
25532.005987
25532.894660
25533.214175
25533.828895
25534.572528
25535.838186
25536.587745
25537.657767
25538.264112
25538.635162
25539.394588
25540.115501
25540.912158
25541.671304
25542.217448
25543.157246
25544.042307
25544.980199
25545.737771
25546.289924
25546.678004
25548.301214
25548.691300
25549.337197
25549.813765
25550.927202
25551.114184
25552.208188
25552.758771
25554.084827
25554.987037
25555.396605
25556.524089
25556.698357
25557.634613
25558.160406
25558.870731
25560.066412
25560.632064
25561.308338
25561.982437
25562.704625
25563.906934
25564.697683
25565.291693
25565.919789
25566.828070
25567.628138
25568.169479
25568.607063
25569.420101
25570.136290
25571.314765
25572.355963
25573.044297
25573.389400
25574.377039
25574.967323
25575.657950
25576.539052
25577.571162
25577.944889
25578.301190
25579.549061
25580.307508
25580.798940
25581.870604
25582.980706
25583.541987
25584.419672
25584.843757
25585.175347
25586.291347
25586.805193
25587.945418
25588.414043
25589.236904
25590.483179
25591.032099
25591.573128
25592.527245
25593.102979
25593.908746
25594.896420
25595.353086
25596.168994
25596.920076
25597.095128
25598.076432
25599.690304
25600.200334
25600.816854
25601.666110
25602.115384
25603.096668
25603.768352
