68464.716173
68465.578324
68466.280962
68467.050508
68467.622569
68468.307582
68468.732250
68469.767407
68470.031981
68470.799390
68471.793482
68472.077553
68472.866092
68473.597207
68474.005921
68474.492230
68475.797184
68476.708244
68477.424797
68477.581467
68478.347761
68478.872676
68479.818474
68480.250573
68480.996866
68481.160103
68482.565373
68482.822005
68483.788938
68484.605076
68485.276903
68485.731231
68486.279223
68487.250811
68487.902376
68488.581224
68489.191697
68489.959997
68490.285521
68490.700642
68491.632235
68492.487813
68493.196691
68494.042742
68494.650900
68495.759386
68496.006550
68496.404172
68497.319058
68497.709338
68498.217601
68499.568798
68499.870131
68500.619423
68501.088526
68501.778094
68502.863334
68503.446466
68503.901254
68504.926120
68505.622465
68506.055574
68506.643834
68507.447288
68508.090925
68508.421530
68509.373827
68509.524575
68510.663133
68512.069381
68512.308003
68512.784453
68513.486179
68514.187824
68514.672330
68515.587786
68516.258617
68516.833035
68517.288091
68518.159598
68518.898599
68519.421608
68519.963231
68520.884226
68521.778519
68522.492047
68523.116120
68523.871091
68524.256397
68525.100874
68525.319759
68525.951939
68526.922324
68527.616543
68528.148098
68529.240504
68529.625070
68530.409150
68531.397781
68531.935029
