51593.252517
51593.718121
51594.872669
51595.220261
51596.065916
51596.984809
51597.303318
51598.142430
51599.322730
51599.967577
51600.343138
51600.759225
51601.762087
51602.163890
51603.105977
51603.253675
51604.340176
51605.442778
51605.725060
51607.085801
51607.269795
51608.078883
51608.609135
51609.300414
51609.833401
51610.947695
51611.443934
51612.287213
51612.752358
51613.065576
51613.866780
51615.325745
51615.642806
51616.561026
51617.127689
51617.846475
51618.705300
51618.941109
51619.793444
51620.287374
51620.776519
51621.944164
51622.524598
51623.324185
51624.219227
51624.834931
51625.259291
51626.176250
51626.770541
51627.595227
51628.471351
51628.823858
51629.374613
51630.002222
51631.130488
51631.486400
51631.823499
51633.114779
51634.129405
51634.889780
51635.420762
51635.608041
51636.574828
51637.142590
51637.604464
51638.864785
51639.182597
51639.932870
51640.475080
51641.545932
51642.128242
51642.767990
51643.674813
51644.448072
51644.768148
51645.759692
51646.602433
51646.925721
51647.655204
51648.060786
51648.738117
51649.446336
51650.680599
51651.507773
51651.999245
51652.564280
51653.397656
51654.144921
51654.673089
51655.167354
51655.844212
51656.925432
51657.439834
51658.088930
51658.651882
51659.366121
51660.120346
51661.090582
51661.723724
51662.792392
