17652.161087
17653.136707
17653.655437
17654.497113
17655.277135
17656.312968
17656.766284
17657.697467
17658.777040
17659.500537
17660.168943
17660.940676
17661.983195
17662.853544
17663.415127
17663.744590
17664.794235
17665.147270
17666.498832
17667.699341
17667.910844
17669.291494
17669.881245
17670.378992
17671.132578
17671.843985
17672.900414
17673.582576
17674.391736
17675.086464
17675.728551
17676.700594
17677.820213
17678.550873
17679.593814
17680.000555
17680.553049
17681.368833
17682.479770
17682.932089
17683.245741
17684.793237
17685.749213
17686.647401
17687.074553
17687.708632
17688.623435
17689.581506
17690.390691
17690.924638
17691.801409
17692.271456
17693.436232
17693.683650
17695.340598
17695.864009
17696.821190
17697.591043
17698.240218
17698.939461
17699.433814
17700.059061
17701.505693
17702.061986
17702.759778
17703.599146
17704.735536
17705.328210
17706.136171
17706.908594
17707.568796
17708.800830
17709.173068
17709.714733
17710.495186
17711.275441
17712.235309
17713.675946
17714.319280
17714.841831
17715.437188
17716.350993
17717.028245
17717.847965
17718.717964
17719.367593
17720.023250
17721.218443
17721.956349
17722.459514
17723.451297
17724.859924
17725.207398
17725.643143
17726.732590
17727.181997
17727.847073
17728.915898
17729.462248
17730.741720
