66230.476031
66231.120159
66231.952734
66232.313049
66232.737908
66233.653760
66234.182926
66235.201926
66236.221693
66236.553139
66237.406311
66237.537672
66238.722628
66239.483378
66239.793478
66240.570797
66241.468439
66241.805526
66242.491713
66243.163047
66243.882886
66244.215965
66245.444618
66246.190344
66247.114914
66247.518826
66248.169673
66248.766242
66249.374039
66249.718540
66250.597562
66251.497620
66252.216263
66252.763075
66253.040746
66254.237768
66255.170707
66255.515194
66256.191702
66256.794066
66257.636770
66258.662875
66258.939884
66259.392811
66260.183982
66260.700998
66261.303957
66261.940373
66263.241480
66263.823327
66264.429340
66265.440888
66265.721153
66266.096081
66267.220219
66267.580519
66268.461307
66268.811373
66269.734734
66270.394500
66271.349597
66271.436924
66272.264919
66273.119631
66274.077520
66274.709504
66275.557724
66275.972095
66276.324504
66277.081732
66277.957623
66278.501543
66278.917928
66279.557577
66280.709951
66281.387486
66282.129062
66282.913521
66283.409830
66283.982666
66284.526178
66285.268641
66286.197514
66286.818270
66287.539959
66287.814217
66288.491906
66289.085987
66290.027009
66290.913502
66291.726830
66292.138659
66293.035442
66293.714246
66294.313017
66294.927175
66295.180558
66295.865007
66296.743080
66297.740691
