12398.691913
12400.208167
12400.955581
12401.535797
12402.608667
12403.424450
12403.931521
12404.843675
12405.827577
12406.458864
12407.402121
12408.004954
12408.728836
12409.633133
12411.146934
12411.608271
12412.867892
12413.267257
12413.698120
12414.550991
12415.778455
12416.226911
12417.113554
12418.041066
12419.250920
12419.966704
12420.841333
12421.026749
12422.577178
12423.336855
12423.942610
12424.711051
12425.158566
12426.444257
12426.671072
12428.406326
12429.285404
12429.747261
12430.769316
12431.498300
12432.031896
12432.976525
12433.460837
12434.983885
12435.460030
12436.096601
12437.162291
12437.942849
12439.281255
12439.784041
12440.526053
12441.301468
12442.383046
12442.753882
12443.371721
12444.352888
12445.331633
12446.703279
12447.366043
12448.197970
12448.583598
12449.486880
12450.414983
12451.318556
12452.303303
12452.613303
12453.305473
12454.613770
12455.482521
12456.040281
12457.508338
12458.102315
12458.945860
12459.359700
12460.200782
12460.803645
12461.863340
12462.881804
12463.502577
12464.923051
12465.223372
12466.326207
12466.955442
12467.813903
12468.756496
12469.363851
12470.336550
12471.207215
12471.445771
12472.231377
12474.020240
12474.844355
12475.422157
12476.010497
12476.975734
12477.714288
12478.374264
12479.209024
12480.036942
12481.035061
