59888.071692
59888.898057
59889.218970
59889.976018
59891.150233
59892.076232
59892.523191
59893.193487
59894.003967
59894.260780
59895.270320
59895.616097
59896.252173
59897.027887
59897.824126
59898.392031
59899.257272
59900.044620
59900.895822
59901.225809
59901.754799
59902.736221
59903.846644
59904.064021
59904.677554
59905.296868
59905.788728
59906.859793
59907.210943
59907.753591
59908.965528
59909.589197
59910.659179
59911.237055
59911.497512
59912.310881
59912.682541
59913.519646
59914.504399
59914.680508
59915.837668
59916.351065
59916.934172
59917.394075
59918.591694
59919.342110
59919.801008
59920.684083
59921.378130
59921.755627
59922.741837
59923.292621
59923.744450
59924.370327
59924.760799
59925.823595
59927.150153
59927.459693
59927.970377
59928.936416
59929.496855
59930.042510
59930.712079
59931.523101
59932.094755
59932.865587
59933.503516
59934.007081
59934.837126
59935.267422
59936.427056
59936.712479
59938.046394
59938.651208
59939.078695
59939.955123
59940.203382
59940.880999
59941.378915
59942.596198
59942.959653
59943.666325
59944.238548
59945.502450
59946.018078
59946.691119
59947.241821
59947.757618
59948.653142
59949.476688
59950.029859
59950.795824
59951.359910
59951.571620
59952.518024
59953.218311
59953.858193
59955.288097
59955.749040
59956.231521
