61941.835281
61942.495369
61942.846195
61943.493107
61944.703518
61945.199770
61945.708574
61946.391543
61947.190218
61947.644841
61948.570097
61949.367745
61950.096305
61950.681528
61951.476980
61952.246488
61952.711161
61953.263436
61954.020966
61954.605533
61955.017091
61955.642832
61957.204563
61957.436110
61958.484699
61958.725190
61959.494122
61960.435374
61960.836072
61961.601444
61962.024174
61963.108068
61963.503544
61964.250450
61964.935420
61965.473035
61965.886636
61967.204259
61967.846412
61968.859642
61969.153793
61969.882474
61970.501454
61970.909511
61971.804106
61972.123242
61973.136246
61973.951839
61974.311850
61974.974525
61976.450755
61976.760863
61977.085307
61978.011216
61978.487394
61979.467117
61980.244683
61980.862284
61981.281683
61981.835684
61982.331540
61983.345734
61983.878191
61984.835855
61985.716134
61986.445587
61987.102677
61987.484517
61988.128097
61989.158200
61989.333712
61989.857670
61990.956155
61991.676647
61992.229377
61992.924698
61993.659446
61994.207851
61995.071242
61995.899844
61996.824266
61997.206900
61997.509289
61998.588409
61999.099584
61999.792420
62000.336285
62000.760825
62001.534639
62002.733781
62003.590740
62004.147142
62004.598791
62005.477598
62005.937538
62006.329798
62007.545267
62007.898639
62008.870842
62009.277244
