38422.409957
38423.057864
38423.698122
38424.659491
38424.993817
38426.017549
38426.597076
38428.009129
38428.380961
38428.894914
38429.650498
38430.103387
38431.151976
38431.535728
38432.199977
38433.106325
38433.611314
38435.179899
38435.649224
38436.083389
38436.680190
38437.746219
38437.991955
38439.175101
38439.614507
38440.729500
38440.914234
38441.515801
38442.304939
38443.238047
38444.003526
38445.172433
38445.501151
38446.301163
38447.162403
38447.665878
38448.463545
38448.615779
38449.342294
38450.579274
38451.420598
38451.736318
38452.575196
38453.597620
38454.202064
38454.801711
38455.880532
38456.023133
38457.250914
38457.696146
38458.403673
38458.984202
38459.771236
38460.214046
38460.986607
38462.310248
38463.157863
38463.678353
38464.437392
38464.895693
38465.249715
38466.403821
38467.244466
38467.565456
38468.378287
38469.127400
38469.888719
38470.755082
38471.470309
38472.005405
38472.921072
38473.814907
38474.559762
38475.217563
38475.506821
38476.234991
38477.061351
38477.775717
38478.043619
38479.595139
38480.281967
38480.676244
38481.802815
38482.380904
38482.897346
38483.629083
38484.114451
38485.130193
38485.874425
38486.743038
38486.980449
38487.786039
38488.213540
38489.673125
38490.352345
38491.187144
38491.525123
38492.512293
38493.046486
38493.706708
