48655.928395
48656.691869
48657.251441
48657.816316
48658.374286
48659.896797
48660.612834
48661.225546
48661.571779
48662.266706
48663.269955
48663.439320
48664.621967
48665.087106
48665.667096
48666.382811
48667.371822
48667.929220
48668.386879
48669.310491
48670.275121
48670.972384
48671.690684
48672.282763
48673.084075
48673.428925
48673.866299
48675.100108
48675.203257
48676.270488
48677.140002
48677.909438
48678.491562
48679.547066
48680.086698
48680.400263
48681.325750
48681.656120
48683.070362
48683.502597
48684.039196
48684.473973
48685.255888
48685.882691
48686.972242
48687.941530
48688.398346
48689.293388
48689.722898
48690.602490
48691.054157
48691.578675
48692.532757
48692.816357
48693.828893
48694.731617
48695.142780
48696.356153
48696.908093
48697.152180
48698.025108
48699.269241
48699.665974
48700.193031
48700.843287
48701.620970
48702.162170
48702.911777
48703.608071
48703.977595
48705.353807
48706.157936
48707.055514
48707.287243
48707.854697
48708.475919
48709.505252
48709.771090
48710.620201
48711.709144
48712.036301
48712.659012
48713.301996
48714.413465
48715.267282
48715.470229
48716.698242
48717.027312
48717.885892
48718.765865
48719.115903
48719.695591
48720.281794
48720.744076
48722.080142
48722.764973
48723.672866
48724.073569
48724.951388
48725.664539
