20628.888179
20629.911373
20630.683604
20631.300418
20632.268496
20633.112738
20634.081071
20634.275206
20635.216330
20636.312821
20636.844106
20637.587983
20638.305572
20638.657178
20639.535576
20641.149027
20641.744098
20642.372344
20643.399929
20643.675032
20644.593722
20645.106906
20646.179978
20646.904178
20647.384528
20648.456367
20649.378914
20649.953131
20650.976365
20651.355357
20652.729069
20653.441776
20653.967557
20654.677370
20654.943035
20656.262569
20656.887085
20657.282405
20658.815884
20659.571834
20660.365871
20661.125228
20661.546700
20662.331717
20663.082630
20664.051940
20664.779822
20665.759860
20665.895787
20666.832808
20667.732119
20668.924320
20669.783613
20670.282930
20670.940543
20671.948365
20672.656054
20673.100027
20673.690591
20674.467028
20675.728966
20676.572428
20677.225418
20678.252837
20678.640944
20679.454543
20680.479393
20681.079780
20681.786541
20682.757116
20683.299441
20683.673430
20684.987908
20685.418780
20686.536276
20687.729408
20688.425509
20688.945321
20689.463997
20690.145194
20690.981998
20691.843877
20692.730768
20693.427083
20693.872857
20695.340482
20695.965196
20696.534092
20697.233381
20698.584546
20698.784871
20699.896402
20700.347684
20701.111426
20701.753686
20702.240582
20703.564143
20704.834906
20705.323247
20705.829632
