27336.176464
27336.576639
27337.241781
27338.292428
27338.926745
27340.332981
27340.966550
27341.136774
27342.022064
27342.592934
27343.985992
27344.247160
27345.031863
27345.807820
27346.352464
27347.071686
27347.776307
27349.113910
27349.721485
27350.505046
27351.375336
27351.870564
27352.509081
27353.412901
27353.867102
27354.246958
27355.702004
27356.491792
27356.899916
27357.908663
27358.492677
27359.706355
27359.980298
27360.935049
27361.574208
27362.459435
27363.015069
27363.802192
27364.322105
27364.945605
27365.797483
27367.080982
27368.126406
27368.327318
27369.297269
27369.791314
27370.388339
27371.101397
27372.222476
27372.809625
27373.494028
27373.909610
27375.164827
27376.035261
27376.446460
27377.250463
27378.376346
27378.946406
27379.964280
27380.231276
27380.891972
27381.428860
27382.449422
27383.127482
27383.878512
27385.231939
27385.806924
27386.224667
27387.326940
27387.820979
27388.456161
27389.211614
27390.032752
27390.903633
27391.677485
27392.035520
27392.776170
27393.553507
27394.803534
27395.853681
27396.251608
27396.621528
27397.689804
27398.466031
27398.850387
27399.570770
27400.317583
27401.078685
27402.330752
27402.737407
27403.840961
27404.459527
27404.943970
27405.684127
27406.792495
27407.518607
27408.035731
27408.691828
27409.390519
27409.968198
