38926.407059
38927.609161
38927.952225
38928.632567
38928.954835
38929.891284
38930.674790
38931.541418
38932.403748
38932.810370
38933.682034
38934.516747
38935.366284
38935.901176
38936.521298
38937.242477
38938.255209
38938.789571
38939.308373
38939.805600
38940.752457
38941.094732
38942.680414
38943.333548
38943.955849
38944.722224
38945.095176
38945.913165
38946.497846
38947.244641
38948.183657
38948.674592
38949.321340
38950.120814
38950.989412
38951.878349
38952.334297
38952.902663
38954.262589
38954.908142
38955.350197
38955.788999
38956.666949
38957.168672
38957.972467
38958.608543
38959.562345
38960.341906
38961.323288
38962.044449
38962.613904
38962.991873
38963.997525
38964.478177
38965.295943
38966.126533
38966.816973
38967.572965
38968.005312
38968.367058
38969.794682
38970.704470
38971.221154
38972.106822
38972.665819
38973.044795
38974.322752
38974.591866
38975.106916
38975.651463
38976.895818
38977.560426
38978.504988
38979.078417
38979.819026
38980.538136
38981.108410
38981.895205
38982.888650
38983.389362
38983.983506
38984.608037
38985.261765
38986.173226
38986.562609
38987.703190
38988.468827
38989.545120
38990.078543
38990.669240
38991.105883
38991.907752
38992.226958
38993.612776
38994.122672
38994.680008
38995.302685
38996.374522
38997.163740
38997.625668
