20084.705044
20085.531752
20086.287907
20087.727345
20088.208097
20088.874240
20089.547967
20090.557664
20091.346247
20091.833456
20092.863348
20093.366788
20094.281169
20094.962889
20095.668713
20096.155501
20097.962952
20098.479953
20099.128314
20099.879699
20100.484781
20101.106733
20102.117546
20102.472860
20103.780664
20104.302054
20104.973931
20106.223296
20106.966363
20107.537786
20108.221787
20109.167745
20110.192915
20110.766181
20111.368531
20111.926974
20112.535566
20113.529052
20114.748358
20115.476244
20116.218803
20117.321577
20117.803034
20118.100355
20119.275322
20119.796969
20120.608600
20121.740848
20122.228299
20122.837965
20123.931361
20124.565621
20125.553803
20126.656556
20127.178560
20127.919243
20128.178644
20129.427192
20130.082814
20130.539204
20131.203321
20132.553277
20133.656820
20134.189794
20134.940293
20135.361607
20136.293222
20137.161938
20138.067914
20138.564621
20139.392045
20140.167583
20140.565916
20141.762695
20142.606240
20143.815013
20144.029831
20145.239958
20145.832988
20146.467812
20147.025235
20147.465329
20148.814132
20149.627929
20150.218413
20151.249461
20151.884839
20152.962243
20153.598399
20154.062010
20155.062201
20156.060397
20156.515810
20157.328637
20157.755276
20158.781121
20159.249668
20160.698374
20161.942239
20162.177802
