69477.755093
69478.387029
69479.111982
69479.703955
69480.490909
69481.193433
69481.605332
69482.769707
69483.802166
69483.953426
69484.747106
69485.325602
69485.682025
69486.351299
69487.324487
69487.879675
69488.294477
69489.288539
69489.942926
69490.931797
69491.580494
69492.176675
69492.395125
69493.404091
69494.086288
69494.838927
69495.306671
69496.396895
69496.547299
69497.075352
69497.801544
69498.407407
69499.651088
69500.328919
69501.005897
69501.685683
69502.033252
69503.009467
69503.504704
69504.170802
69504.517103
69505.113933
69506.266678
69507.004403
69507.576995
69507.836539
69509.055958
69509.683212
69510.086254
69511.146796
69511.677116
69512.535547
69512.787050
69513.566718
69514.292812
69514.796156
69515.274689
69516.142441
69516.769310
69517.765217
69518.651591
69519.433541
69519.887770
69520.124068
69520.935509
69521.472064
69522.465179
69523.151377
69523.758654
69524.252073
69524.705294
69525.909882
69526.192707
69527.207494
69527.863549
69528.401072
69529.479290
69530.049427
69530.455005
69531.167097
69531.876694
69532.067341
69533.083755
69533.441761
69534.505759
69535.299059
69536.249929
69536.539021
69537.072639
69538.157784
69538.813258
69539.013677
69539.792358
69540.703900
69541.268739
69541.909614
69542.611566
69543.219621
69543.559551
69544.258109
