67043.936561
67044.552817
67045.036840
67045.901578
67046.855747
67047.162788
67048.126169
67048.464303
67049.225768
67049.627037
67050.329347
67050.964948
67052.340835
67052.885229
67053.426503
67054.104757
67054.914387
67055.428287
67055.864936
67056.855121
67057.098152
67057.665164
67059.140377
67059.486161
67059.802446
67060.610770
67061.507381
67062.226321
67062.945841
67063.599243
67064.376148
67065.084640
67065.308603
67066.261940
67066.726380
67067.485477
67067.860826
67068.631696
67069.587561
67070.509251
67071.147575
67072.020719
67072.439517
67072.779738
67073.346302
67074.384854
67075.191854
67075.698320
67076.357551
67076.746186
67077.551698
67078.258867
67079.203286
67079.647419
67080.446985
67081.517414
67081.834623
67082.746845
67083.255490
67083.584756
67084.329102
67085.048430
67085.449109
67086.606297
67087.008734
67088.075539
67088.828015
67089.102009
67089.910682
67090.945414
67091.191760
67091.838517
67092.676409
67093.232699
67094.170177
67094.590676
67095.121462
67095.900883
67096.112178
67097.360396
67098.640378
67098.941188
67099.492838
67099.960695
67100.864622
67101.517809
67102.048288
67102.318808
67103.542959
67104.144080
67104.496003
67105.495242
67106.255954
67106.991133
67107.563980
67108.120212
67108.906635
67109.651171
67110.675298
67110.983276
