74519.454514
74520.065843
74521.459587
74521.798520
74522.720006
74523.354448
74524.260986
74524.460234
74524.969822
74525.703240
74526.157584
74527.295198
74528.065269
74528.375992
74528.918187
74529.668641
74530.664062
74531.334201
74531.874723
74532.650984
74533.282755
74534.088702
74534.542612
74535.358326
74535.943881
74536.080515
74537.055215
74537.654864
74538.258014
74539.553217
74540.149914
74540.995890
74541.189462
74541.645299
74542.693585
74543.385377
74543.777741
74544.607935
74545.207494
74545.790685
74546.631493
74547.061935
74547.974428
74548.373672
74549.156439
74550.310086
74551.158015
74551.356430
74551.765903
74552.805728
74553.205369
74553.782968
74554.311702
74555.229849
74555.930944
74556.516162
74557.381471
74558.172126
74558.748442
74559.575330
74560.071369
74560.358572
74561.386645
74562.069457
74562.832105
74563.515550
74563.884587
74564.326578
74564.909249
74565.917316
74566.873977
74567.567823
74568.227115
74568.807344
74569.521299
74570.244973
74570.640991
74571.123941
74571.917763
74572.569157
74573.334693
74573.953447
74574.878485
74575.310166
74576.046411
74576.879352
74577.389834
74578.014958
74579.155535
74579.648073
74580.107752
74580.401469
74581.428707
74582.015851
74582.721317
74583.091157
74583.687691
74585.068839
74585.804589
74586.352548
