13223.692426
13224.520399
13225.006488
13226.342022
13227.040287
13227.771082
13228.772656
13229.460780
13230.284088
13231.207809
13231.572600
13232.420176
13233.230154
13234.035177
13235.852345
13236.193676
13236.990663
13237.304671
13238.544236
13239.122324
13240.107526
13240.820251
13241.526226
13242.410549
13243.447163
13244.153155
13244.837308
13246.275567
13246.881408
13247.507943
13248.336432
13249.071053
13249.524348
13250.442188
13251.474956
13252.504113
13253.320902
13254.294796
13254.995654
13255.721860
13256.484095
13256.984359
13258.581563
13258.820075
13259.732967
13260.265294
13260.946746
13262.600569
13263.255071
13264.052103
13264.979647
13265.550497
13266.263982
13267.060719
13267.737454
13268.541808
13269.596027
13270.494003
13271.572666
13272.090573
13272.909956
13273.610867
13274.924628
13275.677337
13275.966465
13276.662715
13277.887456
13278.538081
13278.909665
13280.616141
13281.314958
13282.514104
13282.853475
13283.264018
13284.406863
13284.921683
13286.197825
13286.655994
13287.739481
13288.254881
13289.299997
13290.319467
13291.214085
13291.750468
13292.760619
13293.560455
13294.398279
13294.838070
13295.559297
13296.152379
13297.727813
13298.684304
13299.319831
13300.014158
13300.972067
13301.628490
13302.348007
13303.161200
13304.192212
13304.979118
