56517.222101
56518.399157
56518.991914
56519.830730
56520.367581
56520.911500
56521.427172
56522.335537
56523.280679
56523.744135
56524.312991
56524.703415
56525.917798
56526.352108
56526.773902
56527.727221
56528.576445
56529.620333
56530.121345
56530.910910
56531.298316
56531.727669
56532.612804
56533.104696
56534.050008
56534.500751
56535.392087
56536.158926
56536.846347
56537.375526
56538.635213
56539.029054
56539.210517
56540.432188
56540.944367
56541.809964
56542.390899
56542.995270
56543.475326
56543.909309
56544.747634
56546.058191
56546.729108
56547.393512
56547.854269
56548.622001
56549.426873
56549.912698
56550.338860
56551.090939
56552.106653
56552.527391
56553.335742
56553.964543
56554.685117
56555.558027
56556.024994
56556.804378
56557.957146
56558.358068
56559.008115
56559.449892
56560.151968
56560.902573
56561.273338
56562.410982
56562.748305
56563.447597
56565.094889
56565.189627
56565.955345
56566.479587
56566.946535
56567.902668
56568.431439
56569.399800
56569.975549
56570.540632
56571.182030
56571.609992
56572.707237
56573.260844
56574.219566
56575.253247
56575.382133
56576.282905
56576.855481
56577.649120
56578.237005
56578.675200
56579.016812
56580.180413
56581.177944
56581.625737
56582.439322
56583.155815
56583.638587
56584.758650
56584.973837
56585.923346
