65958.914590
65959.813667
65960.112421
65961.197776
65961.870013
65962.211245
65962.814850
65963.551512
65964.595316
65965.059197
65966.272086
65966.717549
65967.372057
65967.837246
65968.360253
65969.191102
65969.601049
65970.480721
65971.178220
65971.783935
65972.512545
65973.305022
65974.456620
65974.836117
65975.201736
65975.577286
65977.064930
65977.343957
65978.387118
65978.450350
65979.340993
65979.970595
65980.231731
65981.403096
65981.904498
65983.080412
65983.712548
65984.310567
65984.940924
65985.582427
65986.125670
65986.856546
65987.266546
65988.070175
65988.717209
65989.710372
65990.283035
65990.821826
65991.457199
65992.279024
65993.137283
65993.797963
65994.623066
65994.909086
65995.650917
65996.426211
65997.093962
65997.437509
65998.201096
65998.756174
65999.415529
66000.899904
66001.405078
66001.763822
66002.656171
66003.204824
66003.784953
66004.220010
66005.136533
66006.128593
66006.519561
66007.069880
66007.522372
66008.505921
66009.298694
66009.810086
66010.894402
66011.164835
66012.220307
66012.892556
66013.675155
66013.817126
66014.451039
66015.026073
66015.798051
66016.923457
66017.013986
66018.127820
66018.894644
66019.678837
66020.075747
66020.863685
66021.559650
66022.003415
66022.840291
66023.614692
66024.135032
66024.781830
66025.598802
66025.918751
