59613.909282
59614.656517
59615.085962
59615.670280
59616.374655
59617.101005
59618.217228
59618.619031
59619.763098
59620.239200
59620.563092
59621.330201
59622.212105
59623.130629
59623.546974
59623.893050
59624.884804
59625.462764
59626.102014
59626.914184
59627.097345
59628.378992
59629.297215
59630.077061
59630.667107
59630.893346
59631.631952
59632.416123
59632.894354
59633.589496
59634.545834
59635.013815
59635.774959
59636.494381
59637.217685
59638.033917
59638.795469
59639.270014
59639.909515
59640.668990
59641.732301
59642.067466
59642.547162
59643.215766
59643.794322
59644.289674
59645.459304
59646.519452
59646.940490
59647.624961
59648.236781
59649.138502
59649.607076
59650.102647
59650.616622
59651.717159
59652.401007
59652.814134
59653.503435
59654.539412
59654.858202
59655.522030
59656.765312
59657.117806
59658.143975
59658.770553
59659.103896
59659.675295
59660.392475
59661.169838
59661.738963
59662.502551
59662.870439
59664.119819
59665.180211
59665.520190
59665.953019
59666.708111
59667.307069
59668.010691
59668.982186
59669.540284
59670.042466
59670.868864
59671.138804
59672.143825
59672.554287
59673.738685
59674.453499
59675.181301
59675.760828
59676.460245
59677.117992
59677.655520
59678.397840
59678.729812
59679.255063
59680.660292
59681.235516
59681.636965
