24011.277804
24011.634243
24012.328172
24013.577499
24014.289456
24015.056036
24015.949287
24016.251140
24017.369995
24018.020573
24018.508635
24019.257815
24019.657563
24021.041871
24022.088376
24022.721411
24023.457270
24024.103907
24024.836274
24025.268184
24026.551965
24027.159418
24027.703237
24028.406387
24029.369940
24029.853560
24030.976344
24031.666857
24032.468068
24033.766312
24034.162153
24034.732896
24035.149940
24036.020245
24036.865234
24037.663810
24038.267668
24039.486286
24039.945549
24041.228381
24041.584538
24042.249759
24043.097597
24043.845118
24044.794210
24045.347562
24046.070048
24046.839874
24047.317992
24047.877490
24049.610566
24050.398352
24050.679600
24051.623945
24052.161018
24053.136260
24053.714034
24054.183639
24055.005391
24056.134396
24056.728637
24057.526757
24058.515974
24058.908859
24059.910825
24060.868967
24061.428447
24062.299067
24062.922787
24063.726869
24063.815556
24065.156367
24065.616085
24066.620373
24067.634662
24068.625068
24069.408385
24069.591898
24070.384854
24071.110345
24071.841833
24073.079063
24073.771399
24073.839993
24074.697125
24076.096922
24076.429858
24077.447829
24078.398458
24079.045758
24079.755638
24080.438325
24081.242107
24081.647158
24082.407924
24083.064384
24084.214303
24085.280682
24085.918038
24086.615618
