2724.523924
2725.882989
2726.479701
2727.274459
2729.395041
2730.492891
2730.797702
2732.004049
2732.830123
2734.200782
2734.938856
2736.000479
2736.922048
2738.266444
2739.513547
2740.311109
2741.878852
2742.254107
2742.993068
2743.953469
2745.321831
2746.714798
2747.514097
2748.916191
2749.643649
2750.314083
2751.823671
2752.715502
2753.487796
2754.458663
2755.416876
2757.301868
2758.278103
2758.858670
2759.898613
2760.657151
2762.082880
2762.444580
2764.041846
2765.407691
2766.157035
2766.887269
2768.664523
2769.144698
2770.279093
2771.017392
2771.896293
2773.029713
2774.670010
2775.725707
2776.619160
2777.512125
2778.289695
2779.127539
2780.771118
2781.656070
2781.989239
2783.943665
2784.705283
2786.043335
2786.702566
2787.932021
2788.796278
2789.197561
2790.493080
2792.113378
2793.301469
2794.238093
2794.653824
2796.034761
2797.174539
2797.972901
2798.798140
2800.067444
2800.937603
2802.224801
2803.864955
2804.418935
2805.205300
2806.002732
2807.132318
2808.153501
2809.291652
2810.724634
2811.460992
2812.861997
2813.201488
2814.656757
2815.838653
2816.337954
2817.458907
2817.949462
2820.488842
2820.660841
2821.891930
2822.923026
2823.866992
2824.281884
2825.872656
2826.712170
