72171.651966
72171.872078
72172.933002
72173.903114
72174.465537
72174.826640
72175.371739
72176.491992
72177.453989
72177.634032
72178.161430
72179.022459
72179.478126
72180.011832
72180.910929
72181.273063
72182.623210
72182.976307
72184.052739
72184.578987
72185.134832
72185.519057
72186.596613
72186.930413
72187.310729
72188.413203
72189.272233
72189.658034
72190.278703
72190.849622
72191.516324
72192.626164
72193.363738
72193.892312
72194.522386
72195.175990
72195.909571
72196.368369
72197.200987
72197.699734
72197.916670
72198.922317
72199.768180
72200.761258
72201.315134
72201.970664
72202.685924
72203.031737
72203.896013
72204.341170
72205.332610
72206.107451
72206.533890
72206.832859
72207.658542
72208.649974
72209.006464
72209.680375
72210.802208
72211.336465
72212.206523
72212.982036
72213.323789
72213.752012
72214.366002
72214.999619
72215.964734
72216.557616
72217.157069
72217.784831
72218.922104
72219.215015
72220.164621
72220.644078
72221.469521
72221.883655
72222.731826
72223.525616
72223.948197
72224.780467
72225.183706
72225.767447
72226.415674
72226.919603
72228.553842
72228.979605
72229.623704
72229.950523
72230.732874
72231.638890
72231.971393
72232.589981
72233.341453
72233.809955
72234.839872
72235.481052
72235.958229
72236.645758
72237.758375
72237.844790
