49146.789026
49147.646283
49148.218944
49148.920020
49149.726612
49150.309007
49151.566886
49152.254893
49152.457284
49153.373533
49153.603118
49154.521554
49155.330451
49155.785655
49156.326853
49157.704321
49158.081382
49159.002492
49159.812620
49160.356689
49160.973864
49161.292409
49162.671009
49162.812895
49163.984297
49164.426261
49165.007791
49165.534387
49166.074213
49167.377240
49168.350320
49168.728164
49169.363918
49170.344745
49170.870089
49171.390956
49172.194869
49172.445651
49173.272830
49174.330291
49174.838228
49175.785933
49176.288322
49177.215722
49177.789299
49178.419102
49179.253794
49180.075922
49180.682703
49181.295905
49181.734812
49182.578303
49183.197072
49183.967959
49184.384485
49185.385390
49186.847327
49187.103453
49187.659914
49188.205875
49188.937506
49189.486051
49190.282911
49191.119035
49191.860369
49192.340527
49192.798868
49194.084379
49194.508881
49195.208598
49196.194276
49196.730846
49197.613537
49198.135405
49198.896653
49199.556570
49200.168315
49200.452993
49201.098958
49202.337296
49202.956865
49204.078625
49204.505691
49205.016777
49205.905224
49206.738673
49207.207494
49207.541959
49208.578697
49209.456826
49209.965284
49210.602488
49211.254979
49211.684732
49212.848607
49213.590675
49214.694686
49214.910501
49215.957055
49216.284974
