62215.306142
62215.548364
62216.379404
62216.763256
62217.465635
62218.139090
62219.007380
62219.846426
62220.238613
62221.472909
62222.159016
62222.563908
62223.246092
62223.580050
62224.404783
62225.319720
62226.110952
62226.523216
62227.144902
62227.826529
62228.250906
62229.287603
62230.021802
62230.923383
62231.756522
62232.064522
62232.822750
62233.441752
62234.240638
62234.462962
62235.430656
62235.904348
62236.420867
62237.671034
62238.438555
62239.020475
62239.459021
62240.210868
62241.128574
62241.546581
62242.510610
62243.026070
62243.625830
62244.224079
62244.950179
62245.750992
62246.027144
62246.715551
62247.770554
62248.964819
62249.346748
62249.751641
62250.857749
62251.204999
62251.666849
62252.128627
62253.202575
62254.171017
62254.336388
62255.141912
62255.887749
62256.448922
62257.669360
62258.225691
62258.441067
62259.428661
62260.176367
62260.947270
62261.739641
62261.887440
62262.496538
62263.166035
62263.887881
62264.670048
62265.620135
62266.510671
62267.025403
62267.843385
62268.060612
62269.195248
62269.349055
62270.271754
62270.998922
62271.496488
62272.305577
62273.095592
62273.540025
62274.200734
62275.078197
62275.556039
62276.835982
62277.521427
62278.000567
62278.407875
62278.910883
62280.064770
62280.363536
62280.995138
62281.583042
62282.489590
