66026.559568
66027.259981
66028.748885
66029.186550
66029.801660
66030.477140
66030.777868
66031.513162
66032.605924
66032.888746
66033.218265
66034.193791
66035.174152
66035.482366
66036.541500
66037.200218
66037.685416
66038.533868
66038.971637
66039.997495
66040.667530
66041.231514
66041.761586
66042.403907
66043.034854
66043.525479
66044.184126
66045.335723
66046.041861
66046.469160
66047.769543
66048.113531
66048.644644
66049.165531
66049.896493
66050.277589
66051.435397
66051.973772
66052.921401
66053.139600
66053.556846
66054.792355
66055.446768
66056.183463
66056.814607
66057.581386
66058.507956
66058.608296
66059.498998
66059.996595
66060.859002
66061.205284
66061.737963
66062.677385
66063.717814
66064.634924
66065.020375
66065.542208
66066.177629
66066.882705
66067.687452
66068.368460
66068.929582
66069.630094
66070.052334
66071.099648
66071.469359
66072.224537
66072.734787
66073.800220
66074.828899
66075.421674
66075.592654
66076.669918
66077.148902
66077.588167
66078.062342
66079.079131
66079.755078
66080.360522
66081.201029
66081.777304
66082.652623
66083.387740
66083.993605
66084.726504
66084.956351
66085.906598
66086.894067
66087.466032
66087.881565
66088.370832
66088.878056
66089.822012
66090.478542
66091.645910
66092.287844
66093.030077
66093.212745
66094.283789
