15980.210774
15981.358520
15982.019574
15982.678110
15983.740039
15984.441245
15984.981510
15985.861682
15986.794414
15987.790009
15988.105863
15988.565957
15989.719837
15990.806382
15992.240991
15992.349712
15993.190883
15993.951895
15994.735424
15995.312542
15996.104730
15997.356830
15997.536119
15998.650322
15999.932456
16000.310634
16001.230186
16001.678946
16003.243629
16003.729991
16004.287208
16004.980914
16005.645724
16006.595101
16007.268410
16008.363888
16009.503145
16010.160499
16011.223155
16011.318011
16012.363038
16012.844145
16014.077144
16014.588934
16015.618893
16016.532433
16016.614019
16017.933559
16019.022976
16020.027976
16020.192803
16021.502968
16021.811759
16022.796816
16023.530303
16024.085141
16024.543715
16026.294492
16027.058088
16027.622148
16028.556996
16029.177432
16029.898209
16030.795447
16031.701259
16032.460647
16032.922469
16033.828563
16034.619824
16035.419238
16036.540708
16037.344858
16038.392833
16039.056901
16039.720056
16039.993264
16040.881459
16041.971014
16042.699683
16043.641206
16044.096661
16045.686543
16046.110941
16046.616056
16047.780306
16048.326545
16049.422044
16050.048424
16050.900528
16051.139790
16052.271360
16052.699467
16054.330366
16055.270798
16055.885824
16056.231439
16057.207433
16058.258022
16058.620087
16059.257363
