18047.134530
18047.999990
18049.018345
18050.077510
18050.537758
18051.435464
18052.205131
18052.779531
18053.568063
18054.316228
18054.691803
18055.794149
18057.402247
18057.719754
18058.234495
18059.233284
18060.187857
18060.562959
18061.690873
18062.330697
18062.938587
18063.967582
18064.490286
18065.143776
18066.139574
18067.346769
18068.162248
18068.919002
18069.492235
18070.296732
18070.774691
18071.379932
18072.687286
18073.284491
18074.049560
18074.752327
18076.262835
18076.456557
18077.595456
18077.690756
18079.159289
18079.932188
18080.416707
18081.226042
18081.863377
18082.219365
18083.649721
18084.407502
18085.710726
18086.227558
18086.729200
18087.638063
18088.294945
18089.234608
18089.554767
18090.685209
18091.497100
18092.384522
18092.849088
18094.009210
18094.457860
18095.871536
18096.617992
18097.093386
18097.547058
18098.774526
18099.221538
18100.022459
18100.472252
18101.773996
18102.756184
18103.763535
18104.287948
18104.843618
18105.786319
18106.212292
18107.408505
18108.271627
18108.731590
18109.686220
18109.832041
18111.241540
18112.144817
18113.083456
18113.566893
18114.752434
18115.401298
18116.033198
18116.328602
18117.258146
18118.141471
18119.122394
18119.950411
18120.750137
18121.682812
18122.295162
18123.173475
18123.812165
18124.749234
18125.526680
