25680.306842
25681.082573
25681.791846
25682.560119
25682.897986
25683.753194
25684.644725
25685.459308
25686.078619
25686.862874
25687.442990
25688.146649
25688.833183
25690.074037
25690.901566
25691.283304
25692.620474
25693.281106
25693.448787
25694.251803
25695.066648
25695.433122
25696.808493
25697.481812
25698.049252
25698.952182
25700.064509
25700.490782
25701.241764
25701.867803
25702.977558
25703.451570
25704.524776
25704.587255
25705.662393
25706.324686
25706.700695
25708.413124
25709.066569
25709.938709
25710.316413
25710.814558
25711.854366
25712.462416
25713.281313
25713.827765
25714.816198
25715.308696
25716.591702
25717.263278
25717.441672
25718.758288
25719.570271
25720.344448
25720.895676
25721.754338
25722.158051
25722.897361
25723.568718
25724.493389
25725.276233
25726.554126
25727.000045
25727.813202
25728.660579
25729.103199
25729.913783
25730.227327
25731.738896
25732.339752
25732.815135
25733.302839
25734.217409
25735.319355
25736.113859
25737.030637
25737.589090
25738.277643
25739.223582
25739.734664
25740.223776
25740.996774
25741.757500
25742.661621
25743.586366
25744.668535
25745.110003
25745.789219
25746.483101
25747.218193
25748.585356
25748.724782
25749.293147
25750.264446
25751.014282
25751.605483
25752.363503
25753.215571
25754.460945
25755.348274
