43075.580050
43076.234655
43077.573860
43078.181650
43078.576118
43079.225101
43079.777189
43080.845869
43081.122537
43082.030840
43082.337004
43083.331762
43084.387583
43085.146068
43085.706475
43086.544490
43086.875714
43087.706425
43088.736082
43089.154236
43090.103374
43090.492360
43091.195527
43091.734531
43092.571746
43093.173101
43094.496733
43095.091143
43095.534235
43096.818576
43097.132336
43097.694172
43098.195845
43098.772702
43099.913136
43100.468646
43101.405970
43101.923270
43102.395409
43103.545284
43104.419734
43104.825542
43105.491149
43106.512649
43107.030638
43107.785162
43108.419577
43108.765193
43109.793099
43110.282577
43110.677498
43112.385294
43112.977246
43113.499434
43114.290953
43114.699427
43115.350534
43116.217890
43117.136600
43117.442641
43118.227508
43118.931782
43119.756310
43120.436163
43121.151795
43121.735817
43122.813203
43123.714391
43124.219374
43124.832786
43125.421923
43126.097629
43126.812411
43127.114327
43128.285231
43128.867764
43129.822297
43130.528952
43131.427226
43131.922453
43132.812143
43133.093024
43134.005153
43134.493118
43135.780726
43136.190962
43136.785430
43137.179476
43137.810482
43138.991502
43139.873286
43140.619537
43141.365568
43142.042385
43142.382558
43143.507905
43143.855374
43144.383733
43145.074373
43146.048771
