5726.233386
5726.988743
5728.120700
5729.152376
5729.883193
5731.347862
5732.341189
5732.882093
5733.599967
5734.289092
5735.448992
5736.325416
5737.255261
5738.609819
5739.569634
5740.311894
5740.865372
5742.146698
5743.006062
5743.891993
5744.857530
5745.316395
5746.105037
5747.944351
5748.737621
5749.840045
5750.072418
5751.510678
5752.022580
5752.725353
5753.688438
5755.267001
5755.666768
5756.764768
5757.942007
5758.475340
5759.896683
5760.646107
5761.131645
5762.451906
5762.733907
5763.832280
5764.963556
5766.305389
5767.382918
5767.985095
5768.708111
5769.217379
5770.681886
5771.717742
5772.110310
5773.085986
5774.269143
5775.404901
5776.052509
5777.400076
5778.091121
5779.005201
5779.661555
5780.378597
5781.253921
5782.400466
5784.048432
5784.468467
5785.212894
5786.493575
5787.134878
5787.969440
5788.985799
5789.954351
5790.692267
5791.546976
5792.289593
5794.301907
5794.668781
5795.563939
5796.419040
5797.217839
5797.884282
5798.939664
5800.041030
5800.719277
5802.371718
5802.781136
5803.871206
5804.409409
5805.820188
5806.798661
5807.373949
5807.786383
5808.950049
5810.033203
5811.356821
5812.204788
5813.345051
5813.946414
5814.499327
5815.624714
5816.295670
5817.687141
