54234.979453
54236.090519
54236.496184
54236.952398
54237.978220
54238.629646
54238.704845
54239.676842
54240.290268
54241.159185
54241.521027
54242.739586
54243.399326
54244.204671
54244.337536
54245.381563
54246.165525
54246.849762
54247.767311
54247.963936
54248.616228
54249.560042
54250.004442
54250.850602
54251.121568
54252.036517
54253.349773
54254.055648
54254.473375
54255.174791
54255.671438
54256.455847
54256.883825
54257.679859
54258.571212
54259.197202
54260.025086
54260.187707
54261.080355
54262.247258
54262.852940
54263.200983
54264.385945
54264.615433
54265.914965
54266.094819
54266.735464
54267.462057
54267.863352
54268.371127
54269.789100
54270.396024
54270.944168
54272.104222
54272.396710
54273.223572
54273.581921
54274.515973
54275.097616
54275.803655
54276.493068
54277.343622
54277.684357
54278.519285
54279.084975
54279.882720
54280.756248
54281.759839
54282.495564
54282.875950
54283.514295
54283.754169
54284.947692
54285.474663
54286.029432
54286.641522
54287.552037
54288.328603
54289.245824
54290.149325
54290.234973
54290.885966
54291.997810
54292.357875
54293.389209
54294.032215
54294.429087
54295.102110
54295.717215
54296.421237
54296.965187
54298.332718
54299.017428
54299.438734
54300.202020
54301.084630
54301.627446
54302.006668
54302.797457
54303.031949
