49216.716916
49217.765731
49218.168201
49218.903062
49219.794882
49220.255573
49221.197295
49222.257386
49222.848230
49223.286161
49223.966317
49224.439639
49225.766295
49226.475489
49226.678675
49227.231675
49228.191436
49228.669837
49229.357730
49230.127508
49231.280212
49231.866438
49232.681190
49233.301962
49234.106931
49234.280231
49235.069025
49235.916860
49236.327590
49237.192456
49238.275209
49238.663440
49239.256272
49239.983078
49241.044528
49241.614656
49242.421178
49243.061533
49243.572268
49244.445544
49245.022951
49245.749474
49246.196407
49246.839545
49247.329445
49248.819795
49249.679553
49249.915649
49250.914000
49251.355131
49251.941705
49252.700583
49253.284748
49254.404441
49254.676467
49255.529957
49256.044439
49256.647834
49257.894423
49258.306386
49258.852479
49260.086485
49260.646892
49261.351566
49262.110655
49262.454992
49262.892580
49263.640979
49264.587933
49265.377788
49265.781606
49266.863934
49267.641279
49268.467281
49268.891804
49269.405238
49270.420686
49270.859506
49271.603131
49272.532043
49273.205645
49273.479718
49274.236171
49274.955831
49275.520953
49276.839674
49277.831194
49278.130065
49278.610608
49279.226660
49280.398084
49280.676775
49281.188786
49281.995043
49282.610610
49283.619612
49284.336526
49284.970283
49285.881840
49286.247125
