68870.288423
68870.905226
68871.487408
68872.096418
68872.880233
68873.337131
68874.558221
68875.115521
68875.408243
68876.391150
68877.151528
68877.880920
68878.436423
68878.753048
68879.904226
68880.034279
68880.619853
68881.313583
68882.428307
68883.405009
68883.935094
68884.504432
68884.962132
68885.937214
68886.483217
68887.016969
68887.687514
68888.306534
68889.188042
68889.776056
68890.467511
68891.004438
68891.527360
68892.400426
68893.423161
68894.179957
68894.850023
68895.046087
68896.168866
68896.446490
68897.090068
68897.598639
68898.583335
68898.977698
68899.970829
68900.368886
68901.577489
68902.208451
68902.856320
68903.124848
68904.063565
68904.430492
68905.415670
68906.395788
68906.822997
68907.146661
68907.544276
68908.581873
68909.327387
68909.867841
68910.899506
68911.765800
68912.163977
68913.009675
68913.528098
68914.211901
68914.517743
68915.406633
68915.813016
68916.778227
68917.583636
68917.992830
68918.997445
68919.416164
68920.408130
68920.603424
68921.899108
68922.384631
68922.909116
68923.557443
68924.207672
68924.989851
68925.481626
68926.240805
68926.506872
68927.149261
68928.752674
68929.197849
68929.831195
68930.542709
68931.108135
68931.371347
68932.383791
68933.055023
68933.529204
68934.399802
68935.112628
68935.515344
68936.292603
68936.851751
