49356.880459
49358.369403
49358.848625
49359.294050
49359.991783
49360.581504
49361.157563
49362.123303
49362.757708
49363.324780
49364.300689
49364.743195
49365.087788
49366.221641
49366.934658
49367.785562
49368.568382
49369.050303
49370.002594
49370.635646
49371.243341
49371.700504
49372.106064
49373.077424
49373.656850
49374.955116
49375.323616
49376.011025
49376.821446
49377.907459
49378.100771
49378.656155
49379.553687
49380.385152
49381.033801
49381.509861
49382.424255
49382.809361
49383.509076
49384.111899
49385.255217
49386.419019
49386.641954
49387.463644
49388.066350
49388.649733
49388.930658
49390.252319
49390.670980
49391.206851
49391.952963
49392.823380
49393.804194
49394.261153
49395.173166
49395.438945
49396.367729
49397.348262
49397.999283
49398.469452
49399.110116
49399.684931
49400.369660
49401.110813
49401.549836
49402.818675
49403.576220
49404.366012
49404.821054
49405.621866
49406.261965
49406.934895
49407.249163
49407.972012
49409.318439
49409.567139
49410.430029
49410.744868
49411.523196
49412.600020
49413.324048
49414.051865
49414.863837
49415.193198
49416.065822
49416.794773
49417.371048
49417.883161
49418.292649
49419.335440
49420.136782
49420.890231
49422.087996
49422.511618
49422.874087
49423.507503
49424.489100
49425.021765
49425.903829
49426.617448
