61805.476568
61805.729276
61806.225111
61806.937146
61808.053765
61808.704170
61809.113037
61809.865173
61810.319266
61810.722277
61811.897954
61812.593722
61813.512819
61814.108551
61814.846908
61815.482143
61816.187438
61816.827430
61816.953941
61817.931580
61818.495788
61819.613944
61819.808681
61820.933285
61821.479177
61822.245817
61822.876685
61823.396028
61824.547968
61825.114296
61825.463613
61826.334405
61826.903104
61827.499451
61828.315647
61828.752666
61829.335867
61830.070579
61831.595515
61832.074156
61832.697393
61832.909268
61833.711805
61834.562297
61835.062517
61835.575447
61836.706267
61837.130967
61837.773739
61838.285007
61839.305157
61839.893920
61840.697862
61841.368267
61842.134860
61842.726541
61843.701587
61844.005677
61844.895479
61845.158894
61845.620647
61846.435155
61847.511390
61848.160728
61848.880905
61849.601337
61850.465122
61850.913114
61851.679960
61852.154237
61852.734614
61853.568174
61854.512907
61854.924094
61855.477963
61856.249776
61856.805782
61857.354931
61858.592148
61859.270577
61859.956530
61860.960367
61861.124722
61861.464764
61862.407578
61863.249021
61863.727440
61864.220790
61865.046255
61865.758628
61866.905009
61867.358983
61868.053409
61868.792272
61868.982885
61870.106001
61870.915118
61871.593516
61872.063677
61872.344102
