48234.981176
48235.592965
48236.213483
48237.088528
48238.010429
48238.259722
48239.063837
48239.273615
48240.353485
48240.676221
48241.911443
48242.731219
48243.455168
48244.317886
48244.539422
48245.292725
48246.155799
48246.795955
48247.278413
48248.417127
48248.754630
48249.239769
48250.444019
48250.771734
48251.510077
48252.147698
48253.680477
48254.050412
48254.608884
48255.192446
48255.910454
48256.360579
48257.322826
48257.693095
48258.648832
48259.218193
48260.009872
48261.099262
48261.739677
48262.193404
48262.906250
48263.731570
48264.202132
48265.108974
48265.866462
48266.740542
48266.878602
48267.402022
48268.289734
48268.957186
48270.253064
48270.833373
48271.519369
48272.105937
48272.975989
48273.606203
48274.025908
48274.697283
48275.152891
48276.347403
48276.954012
48277.707573
48278.186088
48279.025295
48279.911710
48280.616615
48281.042719
48282.267605
48282.784454
48283.171842
48283.926052
48284.556741
48285.445172
48285.726909
48286.527439
48287.256604
48288.597143
48289.211790
48289.822963
48290.479919
48290.901342
48291.320263
48292.585853
48293.232465
48293.807510
48294.213767
48295.242868
48295.841284
48296.332035
48297.549763
48297.962950
48298.869300
48299.633488
48300.525416
48300.810738
48301.477024
48302.282426
48302.767651
48303.135201
48304.228914
