24391.123827
24392.264257
24393.399657
24394.088170
24394.726903
24395.625932
24396.292396
24396.690726
24397.682932
24398.491316
24399.090076
24400.146744
24400.299782
24401.769669
24401.838940
24402.806075
24404.176590
24404.789499
24405.552160
24406.128024
24406.802549
24407.125761
24408.448546
24408.997189
24409.389642
24410.524409
24411.657144
24412.378779
24412.950138
24413.658358
24414.404857
24415.055666
24416.222334
24416.707973
24417.556005
24417.852092
24418.837556
24419.297148
24420.480226
24421.787477
24422.144919
24422.680363
24423.947184
24424.414614
24424.797318
24425.767456
24426.036728
24427.517968
24428.082540
24428.809609
24429.463253
24430.569448
24431.134354
24432.054816
24432.738029
24433.627575
24434.143470
24434.921857
24435.665865
24436.180914
24436.889380
24437.764316
24438.777224
24440.026105
24440.687422
24440.947988
24441.639870
24442.362738
24443.323208
24444.139327
24444.769476
24445.409603
24446.181761
24446.941241
24448.081957
24448.571055
24449.252977
24450.676680
24451.085068
24451.635958
24452.382531
24453.155286
24453.750876
24454.146594
24455.470841
24456.264787
24457.161195
24457.895849
24458.563373
24459.384000
24460.200904
24460.498413
24461.548963
24462.296409
24463.197678
24463.790107
24464.388139
24464.710012
24466.248060
24467.232007
