25302.588091
25302.833789
25303.591428
25304.029159
25304.844589
25305.644013
25306.214524
25307.046419
25307.752379
25308.890812
25309.806670
25310.710534
25310.815270
25311.745009
25312.390435
25313.468930
25313.895279
25314.967365
25315.599255
25316.157037
25316.391554
25317.962368
25318.667738
25319.674100
25320.311531
25320.775197
25322.031219
25322.230917
25323.024319
25323.530339
25324.249455
25325.682579
25326.039271
25326.911352
25327.773230
25328.511313
25329.272524
25329.864282
25330.977776
25331.438384
25332.270163
25332.812390
25333.528553
25334.486670
25334.741538
25335.862323
25337.104008
25337.957482
25338.445398
25339.058428
25339.671258
25340.225524
25341.273268
25342.313568
25342.540946
25343.243769
25344.361022
25345.095797
25345.947636
25346.488040
25347.644624
25348.016697
25349.289991
25349.704468
25350.147963
25350.965923
25351.766389
25352.106708
25353.308339
25354.640292
25354.978865
25355.720336
25356.479937
25357.444174
25357.992836
25358.311570
25359.383125
25360.461692
25360.799774
25361.634411
25362.449116
25362.688201
25364.295223
25364.993647
25365.716509
25366.465058
25367.011185
25367.771062
25368.402564
25369.116154
25369.729940
25370.790728
25371.360103
25372.465184
25373.587557
25373.866158
25374.408259
25375.204082
25376.220673
25377.178066
