25982.047647
25983.022446
25983.941405
25984.163921
25985.032479
25985.848123
25986.291698
25987.171224
25987.712057
25989.295741
25989.992776
25990.491871
25991.367393
25991.792505
25992.281117
25993.569750
25994.468452
25994.577343
25995.445876
25996.313131
25997.331963
25997.602070
25999.011309
25999.242172
26000.761264
26000.993886
26001.824369
26002.419445
26003.042997
26003.689509
26004.446746
26005.333605
26006.337570
26007.192520
26007.773153
26008.582005
26009.558550
26009.877085
26010.712234
26011.378279
26012.406946
26013.194078
26013.670086
26014.145709
26014.876713
26016.033810
26017.224946
26017.859945
26018.309151
26019.280848
26019.651681
26020.672488
26021.184843
26021.616869
26022.948506
26023.440763
26024.132471
26025.520583
26025.915839
26026.533684
26027.147737
26028.519549
26028.894793
26029.905666
26030.191548
26030.885568
26031.606453
26032.548983
26033.145790
26034.116269
26035.198300
26036.157870
26036.503978
26037.117468
26037.747087
26038.635087
26039.198534
26040.198746
26041.128960
26041.428974
26042.207730
26043.245536
26043.886961
26044.982932
26045.715839
26046.173108
26047.074009
26047.862420
26048.361203
26049.213453
26049.738489
26050.039401
26051.697558
26052.712110
26052.957322
26053.883462
26054.539961
26055.339442
26055.937439
26056.722250
