33630.386627
33630.945635
33631.842925
33632.320757
33633.178903
33633.850856
33634.683625
33635.008696
33636.197022
33636.626578
33637.555553
33637.937004
33638.557462
33639.779022
33640.556635
33641.578957
33642.034536
33642.740497
33643.397018
33643.833165
33644.556194
33645.462038
33646.245561
33646.831179
33647.559757
33648.649535
33649.491253
33650.049331
33650.577422
33651.197290
33652.305196
33653.202408
33653.590904
33654.250552
33654.699466
33655.465971
33656.598369
33656.814172
33658.455449
33659.007737
33659.407343
33660.391453
33660.925808
33661.788780
33661.968804
33662.921996
33663.917868
33664.330877
33665.506897
33665.882289
33666.665841
33667.376949
33668.442223
33669.297390
33669.832438
33670.306375
33671.154399
33672.076106
33672.410013
33672.997045
33673.969270
33674.329907
33675.916092
33676.667075
33677.028501
33677.842616
33678.659334
33678.876111
33679.856062
33680.794764
33681.399390
33682.192535
33682.607341
33683.240831
33684.288533
33685.309958
33685.659099
33686.628437
33687.574063
33688.297619
33688.791691
33689.195389
33690.154675
33690.392141
33691.534574
33692.408748
33693.064122
33693.829780
33694.846520
33695.401721
33696.253271
33696.419040
33697.693436
33698.363655
33698.755400
33699.733481
33700.494121
33700.927076
33701.469606
33702.288257
