62487.997713
62488.925028
62489.245796
62490.096109
62490.719208
62491.231282
62492.077359
62493.004151
62493.501619
62494.511825
62495.095685
62495.778544
62496.455516
62496.835158
62497.479050
62498.024488
62498.649827
62499.859526
62500.359576
62500.920223
62501.745849
62502.663325
62503.387455
62503.845697
62504.164910
62505.219595
62505.866350
62506.741518
62507.045103
62507.959838
62508.433053
62508.700583
62509.700174
62510.694217
62511.573960
62512.217960
62512.939562
62513.546623
62513.728578
62514.612454
62515.480778
62516.025170
62516.416647
62517.269571
62518.154181
62518.740479
62519.610732
62520.461894
62520.511053
62521.481088
62522.454414
62523.172937
62523.690401
62524.237279
62524.751337
62525.517414
62526.217183
62526.877698
62527.116886
62528.569881
62529.142160
62530.021220
62530.594086
62531.185788
62531.809462
62532.394882
62532.890667
62533.606294
62534.838941
62535.138292
62535.739621
62536.332815
62536.914940
62538.045622
62538.604710
62539.712008
62539.991717
62540.478408
62541.677480
62542.303078
62542.421660
62543.188236
62543.784419
62544.411332
62545.324572
62546.090186
62547.069295
62547.623722
62548.318070
62548.714499
62549.520761
62550.327615
62550.733162
62551.715540
62552.329015
62552.804984
62553.259021
62554.409481
62554.816907
62555.374950
