56310.543903
56311.100246
56312.179900
56312.698316
56313.366567
56313.859413
56314.339097
56315.151643
56315.901969
56316.392399
56317.332139
56317.541478
56318.890178
56319.494414
56320.347405
56320.827719
56321.232019
56322.055991
56323.089429
56323.850061
56324.111313
56324.789867
56325.408610
56326.291582
56326.522807
56327.601592
56328.167387
56329.480852
56330.002402
56330.486658
56331.152208
56332.145200
56332.387686
56332.825547
56333.638439
56334.573840
56335.437185
56335.780627
56336.596608
56337.124779
56338.038527
56338.845307
56339.702555
56340.102552
56340.857386
56341.384755
56342.563272
56342.814660
56343.220455
56343.929640
56344.663926
56345.349736
56346.507317
56347.332145
56347.948761
56348.400819
56349.021611
56349.754623
56350.456110
56350.918501
56352.109279
56352.540644
56352.876710
56353.725637
56354.523509
56355.270042
56356.009242
56356.436010
56357.727268
56358.280609
56359.053367
56359.458119
56359.933017
56360.523084
56361.473516
56361.877416
56362.826303
56363.416094
56364.313959
56365.017157
56365.986731
56366.463339
56366.785130
56367.926876
56368.177010
56369.250534
56369.718136
56370.633666
56371.016983
56371.718399
56372.357486
56372.565958
56374.441638
56374.798967
56375.367847
56376.218887
56376.734734
56377.308632
56378.122034
56378.737146
