60847.518531
60848.059703
60848.905580
60849.524501
60850.017735
60850.362115
60851.611438
60852.616246
60853.209874
60853.796474
60854.520852
60854.972298
60855.695425
60856.489743
60857.073262
60857.256026
60858.209048
60859.232162
60859.925365
60860.589280
60860.985071
60862.028742
60862.618411
60863.206665
60864.161610
60864.719940
60865.357170
60865.871538
60866.562131
60867.342996
60867.702911
60868.376318
60869.337178
60870.261555
60870.998995
60871.842625
60872.230422
60872.934366
60873.492488
60873.668093
60874.993757
60875.521331
60876.439729
60876.900301
60877.085404
60878.231912
60879.373040
60879.453381
60880.391157
60881.262076
60881.711111
60882.781416
60883.115326
60883.873095
60884.124618
60884.970314
60885.523397
60886.302733
60887.129485
60888.198168
60888.836567
60889.314744
60889.878748
60890.610531
60891.561111
60891.904734
60892.504976
60893.340960
60894.111409
60894.701926
60895.199318
60896.120351
60896.397108
60897.276670
60898.760066
60899.194863
60899.444416
60900.220544
60901.094638
60901.350635
60902.147616
60902.888616
60903.240793
60904.372809
60904.857756
60905.618987
60906.629245
60907.239436
60907.831409
60908.241592
60909.154398
60909.719443
60910.777358
60911.354584
60911.726267
60912.271495
60912.900122
60913.589767
60914.567243
60915.341644
