20939.112297
20940.438295
20940.672608
20941.766285
20942.275573
20943.058076
20943.712626
20944.801550
20945.534670
20945.888507
20946.936265
20947.626628
20947.803107
20949.722680
20950.391324
20951.142517
20951.394647
20952.439773
20953.255310
20953.857265
20954.252442
20955.429576
20956.007661
20957.122371
20958.180836
20958.264116
20959.426560
20960.189399
20960.943890
20961.845711
20962.673612
20963.099336
20963.719067
20964.577216
20965.226223
20966.189499
20967.214521
20968.026770
20969.225602
20969.419868
20970.146395
20970.876231
20971.325673
20972.611119
20973.420512
20974.035068
20974.397236
20975.522174
20976.516223
20977.331159
20977.830273
20979.121592
20979.548852
20980.253741
20980.964364
20981.868807
20982.236909
20982.811772
20984.069554
20985.220756
20985.949852
20986.517071
20987.336811
20987.719681
20989.085118
20989.533572
20990.107798
20991.011528
20991.942092
20992.594841
20992.992383
20994.085589
20995.041821
20996.302941
20996.592091
20997.485450
20998.035819
20998.630311
20999.512715
21000.100676
21001.009721
21002.073619
21002.474312
21003.623782
21004.577148
21005.172425
21005.644016
21006.428746
21007.644295
21008.232799
21009.035916
21009.476969
21009.862150
21011.099192
21011.849713
21013.261822
21013.681071
21014.351977
21015.550097
21015.716798
