23629.602032
23630.411957
23631.031634
23632.547088
23633.217573
23633.763558
23634.541470
23635.215105
23635.952950
23636.715832
23637.162120
23638.145777
23639.133995
23639.638425
23640.679142
23640.953340
23642.142543
23642.986079
23644.161507
23644.284944
23645.011605
23645.901319
23646.641524
23647.263562
23647.709379
23648.711069
23649.796966
23650.711124
23651.545823
23652.110230
23652.863833
23653.165318
23654.230883
23655.327574
23655.621417
23656.770534
23657.143619
23657.450349
23659.042661
23659.709774
23660.353449
23661.357474
23662.346557
23662.716667
23663.410396
23664.099155
23664.594026
23665.438523
23666.533716
23667.175698
23668.117829
23668.867438
23669.682675
23670.445700
23670.849945
23672.171249
23672.587773
23673.170758
23674.185814
23674.850401
23675.456253
23675.962826
23676.913049
23678.526475
23679.121612
23679.456198
23680.157469
23681.065102
23681.568093
23682.436992
23683.235655
23683.789751
23684.739412
23685.525304
23686.519675
23686.952418
23688.040090
23688.571394
23689.535928
23690.301580
23691.250828
23691.504972
23692.093084
23692.854036
23693.747533
23694.645412
23695.683485
23696.511699
23697.031485
23698.127880
23698.630211
23699.124540
23699.631827
23700.992183
23701.802853
23702.135736
23702.868241
23703.734406
23704.524182
23705.524223
