31425.489500
31426.292976
31427.925967
31428.468224
31429.308903
31429.573288
31430.348404
31431.329497
31432.003810
31432.274742
31433.387270
31434.091447
31434.898052
31435.285683
31436.333290
31437.069427
31437.753995
31438.743416
31439.708373
31440.099837
31440.747947
31441.634263
31441.942275
31442.521367
31443.680894
31444.405760
31445.022630
31445.997628
31447.114850
31447.593193
31448.137254
31448.607630
31449.605578
31450.369053
31451.313560
31451.822436
31452.466321
31452.820700
31453.854575
31454.754729
31455.604819
31456.685955
31457.250101
31457.608888
31458.622489
31459.149362
31459.796746
31460.585124
31461.013990
31462.009715
31463.085982
31463.703111
31464.460641
31464.960356
31465.982304
31466.544623
31467.807927
31467.961517
31468.573078
31469.670079
31470.048252
31470.899849
31471.426778
31472.074988
31473.659103
31474.252431
31474.720303
31475.788975
31476.192167
31476.679572
31477.314174
31478.444902
31479.206632
31479.677015
31480.600503
31480.978805
31482.086138
31483.142677
31483.535817
31484.218889
31485.104455
31486.230599
31486.548332
31487.047230
31487.689851
31488.436392
31489.117838
31490.133608
31491.078871
31492.124623
31492.239330
31493.309480
31494.036578
31494.327758
31495.385721
31496.067766
31496.785397
31497.420598
31498.331217
31498.822807
