66908.251930
66908.950503
66910.079218
66910.632143
66911.171573
66911.561567
66912.420066
66912.805149
66913.393704
66914.263861
66915.318570
66915.678538
66916.829658
66917.229732
66918.061171
66918.455611
66919.084953
66919.959286
66920.591810
66921.040544
66921.876503
66922.752281
66923.106319
66923.694213
66924.423258
66924.990829
66926.428914
66926.903380
66927.583117
66927.994580
66928.751672
66929.140883
66930.120943
66930.624999
66931.132902
66931.746681
66932.745991
66933.407361
66934.290093
66934.939376
66935.484952
66936.102489
66936.848246
66937.441217
66938.251307
66939.198105
66939.503556
66940.003616
66940.524977
66941.341796
66942.125005
66942.689525
66944.073764
66944.240305
66945.013616
66945.994256
66946.468827
66946.929005
66947.440979
66947.892971
66949.088328
66949.703418
66950.434405
66950.782787
66951.551010
66952.702088
66952.833342
66953.875457
66954.605479
66955.257084
66955.731303
66956.731370
66957.117237
66957.549759
66958.600047
66958.799349
66959.680857
66960.013749
66961.577942
66962.243094
66962.879111
66963.103210
66963.849026
66964.522976
66965.313978
66965.966045
66966.599266
66967.203571
66967.837913
66968.650718
66969.169681
66969.906285
66970.598128
66971.433416
66972.154552
66973.158798
66973.560568
66973.976680
66974.890233
66975.347562
