59819.602075
59820.665322
59821.102175
59821.485857
59822.478799
59823.282933
59823.501390
59824.540707
59825.211733
59825.667862
59826.326928
59827.143722
59827.698416
59828.969230
59829.626280
59830.292712
59830.686764
59831.052689
59832.054379
59832.640215
59833.380742
59833.769323
59834.463128
59835.555614
59836.193563
59837.008436
59837.740171
59838.243769
59838.737131
59839.478884
59840.582723
59840.980525
59841.582334
59842.327266
59843.067214
59843.258755
59843.910769
59845.125597
59845.867560
59846.751782
59847.056299
59848.112693
59848.729458
59849.187017
59849.651806
59850.418224
59850.863027
59851.956801
59852.771712
59853.225728
59853.706318
59854.651282
59855.483625
59856.117056
59856.823961
59857.407930
59858.368142
59858.849801
59859.343269
59860.185009
59860.597336
59861.467206
59861.808525
59862.567969
59863.754836
59864.763572
59865.189445
59865.829764
59865.969503
59867.141705
59867.480626
59868.425167
59869.130918
59869.842696
59870.050404
59870.953058
59871.931100
59872.444277
59872.932389
59873.968447
59874.839777
59875.416256
59876.073180
59876.739850
59877.255964
59877.879563
59878.306534
59879.138886
59879.835634
59880.887339
59881.257507
59882.392521
59882.869780
59883.411367
59884.471865
59884.881248
59885.296754
59885.990640
59887.306735
59887.607486
