52777.134183
52777.770803
52778.751706
52778.989717
52779.488239
52780.267031
52780.944472
52781.483724
52782.165111
52783.265880
52784.014054
52784.668831
52785.304805
52786.135509
52786.685845
52787.401333
52787.902709
52788.613175
52789.518093
52790.241358
52790.750728
52791.440628
52791.702312
52792.626735
52793.819057
52794.694810
52795.200956
52795.762522
52796.275729
52797.365828
52797.677156
52798.169672
52798.918218
52799.821854
52800.448533
52801.061150
52802.098984
52802.956657
52803.261982
52803.984786
52804.662833
52805.504143
52806.417226
52806.874834
52807.581742
52807.929571
52808.539726
52809.489772
52810.162996
52810.820917
52811.661465
52812.948757
52813.342358
52813.659206
52814.571515
52815.186293
52815.490569
52816.341264
52817.455654
52817.848868
52818.468873
52819.254659
52819.918531
52820.619110
52821.689187
52822.032420
52823.185349
52823.512489
52824.172954
52824.876248
52825.818416
52826.105409
52826.718467
52827.159202
52828.101816
52829.504970
52829.881694
52830.668690
52831.105128
52831.866928
52832.586145
52833.195014
52833.865185
52834.670966
52835.252740
52835.865951
52836.770401
52837.249104
52837.667675
52839.194372
52839.256554
52840.382077
52841.193385
52841.982464
52842.164796
52842.896846
52843.259831
52844.328734
52844.799007
52845.730713
