71364.372672
71365.453091
71365.873634
71366.756240
71367.446754
71367.770425
71368.776959
71369.424004
71370.212371
71370.748987
71371.170614
71372.033464
71372.717378
71373.380103
71373.785245
71374.201824
71375.193147
71376.295840
71377.139770
71377.685794
71378.052377
71378.808386
71379.314723
71379.988976
71380.746070
71381.241680
71382.138950
71382.907646
71383.208079
71383.843380
71384.866134
71385.728124
71386.351053
71386.435264
71387.717523
71388.452511
71389.116640
71389.334146
71390.226290
71390.624479
71391.105789
71391.926707
71393.035795
71393.482326
71394.237903
71395.215165
71395.843145
71396.156364
71396.994157
71397.493980
71398.068461
71399.056863
71399.633798
71400.089899
71401.169037
71401.347784
71402.025082
71402.737021
71403.738213
71404.535566
71405.465107
71405.801087
71406.237337
71406.931289
71407.636537
71408.422324
71408.842970
71409.361560
71410.211492
71410.835479
71412.099796
71412.601329
71413.000161
71413.676956
71414.618727
71414.867496
71415.918126
71416.468430
71417.297510
71417.847168
71417.985977
71419.039719
71419.669417
71420.029206
71421.259394
71422.018199
71422.654480
71423.317966
71423.991114
71424.759755
71425.127817
71425.637630
71425.964836
71427.394309
71427.888835
71428.429159
71429.092928
71429.724127
71430.646380
71431.307632
